03-17;SA-NY;100-104;
29-25;23-17;23-26;21-28;4-8;
SA
Tim Duncan;PF;34;6;12;0;0;5;6;2;6;8;3;0;1;1;3;17;
Kawhi Leonard;SF;36;3;9;1;1;6;8;0;5;5;1;1;2;3;2;13;
Tiago Splitter;C;28;5;10;0;0;2;2;7;6;13;2;0;1;0;1;12;
Tony Parker;PG;38;9;20;0;2;3;4;1;5;6;6;1;0;3;2;21;
Danny Green;SG;34;3;12;1;5;1;1;0;4;4;0;1;1;1;1;8;
Jeff Ayres;;6;2;4;0;0;0;0;3;0;3;0;0;0;0;1;4;
Reggie Williams;;5;0;0;0;0;0;0;0;0;0;0;1;0;0;1;0;
Marco Belinelli;;30;2;5;1;2;7;7;0;4;4;1;2;0;2;3;12;
Matt Bonner;;13;1;2;0;0;0;0;0;0;0;0;0;0;0;1;2;
Boris Diaw;;26;4;11;0;2;0;0;1;1;2;2;1;0;0;4;8;
Patty Mills;;6;0;5;0;2;1;2;1;0;1;1;0;0;1;1;1;
Cory Joseph;;9;1;4;0;0;0;0;0;3;3;1;0;0;0;0;2;
NY
Lou Amundson;PF;31;5;11;0;1;2;4;8;9;17;2;0;2;3;4;12;
Lance Thomas;SF;30;4;10;0;0;0;0;1;0;1;0;1;0;1;3;8;
Andrea Bargnani;C;31;7;16;0;1;2;2;2;8;10;2;0;3;3;0;16;
Alexey Shved;PG;36;6;14;1;4;8;12;1;2;3;7;3;0;1;3;21;
Langston Galloway;PG;48;10;18;2;5;0;0;0;4;4;4;1;0;2;2;22;
Jason Smith;;25;4;10;0;1;3;4;1;4;5;2;0;1;0;0;11;
Travis Wear;;23;2;4;0;1;2;2;0;3;3;1;1;0;1;4;6;
Cole Aldrich;;19;1;3;0;0;1;2;2;5;7;2;0;2;0;2;3;
Shane Larkin;;22;2;5;0;1;1;1;0;0;0;2;1;2;0;2;5;
