03-06;SAC-ORL;114-119;
26-35;31-33;29-24;28-27;
SAC
Jason Thompson;PF;24;2;3;0;0;1;2;2;3;5;0;0;0;1;1;5;
Rudy Gay;SF;42;16;26;3;6;4;5;5;3;8;3;3;2;5;2;39;
DeMarcus Cousins;C;39;9;18;0;0;11;14;4;8;12;2;0;3;1;2;29;
Ray McCallum;PG;32;4;10;1;5;4;6;2;0;2;2;0;0;2;2;13;
Ben McLemore;SG;21;0;5;0;3;0;0;1;3;4;2;0;0;1;1;0;
Derrick Williams;;13;2;4;2;4;0;0;1;1;2;0;0;0;1;0;6;
Omri Casspi;;26;2;8;1;2;7;9;2;2;4;1;1;1;0;3;12;
Reggie Evans;;5;0;0;0;0;0;0;0;1;1;0;0;0;0;0;0;
Andre Miller;;23;1;8;1;4;0;0;2;3;5;8;2;0;3;5;3;
Nik Stauskas;;14;2;3;2;3;1;2;0;0;0;0;0;0;0;0;7;
ORL
Channing Frye;PF;35;7;11;6;9;2;2;0;10;10;3;1;3;1;3;22;
Tobias Harris;SF;37;6;15;2;6;5;5;1;5;6;2;2;1;1;0;19;
Dewayne Dedmon;C;23;3;3;0;0;0;0;3;5;8;0;0;0;1;5;6;
Elfrid Payton;PG;42;5;10;0;1;0;1;0;4;4;12;1;1;1;1;10;
Victor Oladipo;SG;40;14;24;2;3;2;2;1;2;3;10;5;0;3;2;32;
Aaron Gordon;;14;1;2;0;1;0;0;0;1;1;0;0;0;2;3;2;
Andrew Nicholson;;24;6;11;1;2;1;2;3;1;4;1;0;0;1;3;14;
Kyle O'Quinn;;11;1;1;0;0;0;0;0;1;1;0;1;0;0;5;2;
Ben Gordon;;14;5;8;2;2;0;0;0;0;0;1;0;0;0;2;12;
