03-08;DAL-LAL;100-93;
25-24;19-20;31-33;25-16;
DAL
Dirk Nowitzki;PF;27;5;12;2;5;0;0;0;4;4;2;1;0;0;3;12;
Chandler Parsons;SF;35;5;11;1;5;0;1;1;5;6;2;0;1;0;1;11;
Tyson Chandler;C;32;2;2;0;0;4;4;2;4;6;0;0;1;1;3;8;
Rajon Rondo;PG;36;4;10;0;2;0;0;1;3;4;9;0;0;3;4;8;
Monta Ellis;SG;38;12;22;5;7;2;6;0;3;3;3;1;1;1;3;31;
Al-Farouq Aminu;;20;3;7;1;4;6;7;1;4;5;0;6;3;1;3;13;
Richard Jefferson;;11;1;3;0;2;0;0;0;0;0;1;0;0;0;0;2;
Amar'e Stoudemire;;19;3;4;0;0;3;4;1;2;3;1;0;1;0;1;9;
J.J. Barea;;17;3;5;0;0;0;0;0;2;2;3;2;0;1;2;6;
Raymond Felton;;5;0;2;0;1;0;0;0;0;0;0;0;0;0;0;0;
LAL
Tarik Black;PF;26;2;5;0;0;2;2;1;4;5;3;1;1;0;2;6;
Wesley Johnson;SF;25;6;9;1;3;2;3;1;3;4;1;0;0;1;0;15;
Jordan Hill;C;26;4;6;0;0;0;0;3;4;7;3;1;0;2;3;8;
Jordan Clarkson;PG;35;6;13;0;1;3;4;2;4;6;5;0;0;4;2;15;
Wayne Ellington;SG;37;6;16;1;7;0;0;1;4;5;2;1;0;1;5;13;
Ed Davis;;19;5;8;0;0;0;2;3;5;8;2;0;3;1;2;10;
Ryan Kelly;;23;0;4;0;2;2;3;0;2;2;0;0;1;1;1;2;
Carlos Boozer;;25;8;15;0;0;1;1;4;4;8;2;1;0;3;4;17;
Jeremy Lin;;24;1;6;0;1;5;6;0;2;2;5;1;0;3;5;7;
