01-30;MIN-PHI;94-103;
28-26;31-35;18-17;17-25;
MIN
Thaddeus Young;SF;38;3;10;1;1;3;4;2;5;7;4;1;0;5;3;10;
Andrew Wiggins;SF;36;7;17;0;2;1;1;2;2;4;3;1;0;1;2;15;
Nikola Pekovic;C;31;6;9;0;0;6;7;3;4;7;2;1;1;1;1;18;
Gorgui Dieng;C;32;5;10;0;1;4;5;3;7;10;2;2;3;3;2;14;
Zach LaVine;PG;25;2;4;1;1;0;0;0;3;3;3;1;0;2;3;5;
Anthony Bennett;;7;1;2;0;1;0;0;0;0;0;1;0;0;0;1;2;
Chase Budinger;;17;3;3;1;1;0;0;0;3;3;1;0;0;2;1;7;
Lorenzo Brown;;23;2;4;0;0;0;0;0;2;2;3;2;0;3;3;4;
Kevin Martin;;30;5;17;2;7;7;8;1;1;2;5;0;0;4;2;19;
PHI
Luc Richard Mbah a Moute;PF;32;5;11;1;2;7;8;0;2;2;1;2;0;1;4;18;
Robert Covington;SF;34;4;15;4;11;2;2;0;4;4;3;2;0;1;1;14;
Nerlens Noel;C;31;7;8;0;0;0;0;3;3;6;3;4;6;1;4;14;
Michael Carter-Williams;PG;35;6;13;0;1;5;6;2;8;10;10;1;1;5;1;17;
JaKarr Sampson;SG;17;3;5;0;2;2;2;0;1;1;1;1;1;0;1;8;
Jerami Grant;;21;2;4;2;3;2;4;0;2;2;3;1;0;0;2;8;
Henry Sims;;17;3;6;0;0;0;0;1;2;3;2;2;1;0;0;6;
K.J. McDaniels;;23;4;4;0;0;3;3;1;2;3;1;0;0;4;1;11;
Hollis Thompson;;15;3;7;1;3;0;0;0;0;0;0;0;0;0;2;7;
Larry Drew II;;13;0;1;0;1;0;0;0;3;3;3;0;0;2;0;0;
