03-10;TOR-SA;107-117;
17-28;24-33;30-24;36-32;
TOR
Amir Johnson;PF;33;8;14;0;0;0;2;6;8;14;3;0;1;1;1;16;
Terrence Ross;SF;25;2;9;1;6;0;0;0;2;2;0;1;1;2;0;5;
Jonas Valanciunas;C;21;4;6;0;0;1;2;3;3;6;0;0;1;2;4;9;
Kyle Lowry;PG;43;10;19;5;9;7;7;1;3;4;5;2;0;1;4;32;
DeMar DeRozan;SG;39;8;18;0;1;5;7;0;3;3;4;1;0;1;5;21;
Tyler Hansbrough;;7;0;2;0;0;0;0;2;1;3;0;0;0;0;2;0;
James Johnson;;5;3;5;0;0;0;0;1;1;2;0;1;0;0;1;6;
Patrick Patterson;;29;2;11;0;4;0;0;5;5;10;3;1;2;0;3;4;
Greivis Vasquez;;15;1;3;1;2;0;0;0;1;1;3;0;0;1;3;3;
Louis Williams;;23;5;10;1;4;0;0;0;1;1;1;0;0;1;3;11;
SA
Tim Duncan;PF;36;5;12;0;0;2;4;3;10;13;2;0;1;1;2;12;
Kawhi Leonard;SF;39;10;19;0;0;4;4;4;7;11;1;5;1;1;1;24;
Tiago Splitter;C;27;1;6;0;0;4;4;2;2;4;1;1;0;2;4;6;
Tony Parker;PG;37;9;20;1;3;4;6;0;2;2;9;1;0;1;2;23;
Danny Green;SG;26;5;7;5;6;4;5;1;5;6;2;0;1;1;1;19;
Jeff Ayres;;0;0;0;0;0;0;0;0;0;0;0;0;0;0;0;0;
Reggie Williams;;0;0;0;0;0;0;0;0;0;0;0;0;0;0;0;0;
Marco Belinelli;;21;4;4;2;2;0;0;0;1;1;0;0;0;1;1;10;
Aron Baynes;;6;3;3;0;0;1;1;1;0;1;0;0;0;0;1;7;
Matt Bonner;;10;2;3;2;2;2;2;0;0;0;0;0;0;0;1;8;
Boris Diaw;;17;0;2;0;0;0;0;2;0;2;4;0;0;3;1;0;
Patty Mills;;11;2;6;1;4;0;0;0;3;3;4;0;0;1;1;5;
Cory Joseph;;11;0;3;0;1;3;4;0;2;2;1;0;0;0;2;3;
