12-05;IND-SAC;101-102;
20-34;25-22;27-24;24-16;5-6;
IND
David West;PF;31;6;16;0;2;4;4;2;6;8;1;0;0;1;4;16;
Chris Copeland;SF;15;1;5;1;3;0;0;1;1;2;1;1;0;0;2;3;
Solomon Hill;SF;37;3;12;0;6;4;6;1;1;2;3;1;0;2;3;10;
Roy Hibbert;C;32;4;11;0;0;1;2;1;6;7;2;0;2;1;5;9;
Rodney Stuckey;PG;27;4;10;2;4;4;6;0;3;3;3;4;0;1;4;14;
Luis Scola;;18;4;11;0;0;3;3;3;5;8;2;1;0;0;3;11;
Lavoy Allen;;13;2;2;0;0;1;1;0;2;2;0;0;0;0;3;5;
Damjan Rudez;;22;4;7;2;4;1;2;0;1;1;1;1;0;1;1;11;
Ian Mahinmi;;12;1;3;0;0;0;0;1;3;4;1;1;2;0;2;2;
C.J. Watson;;36;5;11;1;4;3;3;0;3;3;3;0;0;1;3;14;
C.J. Miles;;21;2;8;0;3;2;2;0;3;3;1;1;1;1;3;6;
SAC
Jason Thompson;PF;38;3;8;0;0;3;5;2;8;10;0;1;1;0;6;9;
Rudy Gay;SF;36;10;20;1;1;6;6;1;4;5;5;0;0;1;0;27;
Ryan Hollins;C;21;2;4;0;0;4;6;2;2;4;2;0;1;1;3;8;
Darren Collison;PG;39;8;19;0;3;4;6;0;6;6;6;4;0;4;4;20;
Ben McLemore;SG;47;4;9;1;3;3;4;1;4;5;0;1;0;2;1;12;
Derrick Williams;;0;0;0;0;0;0;0;0;0;0;0;0;0;0;0;0;
Carl Landry;;22;5;9;0;0;4;4;4;3;7;0;0;0;1;5;14;
Omri Casspi;;17;2;4;0;1;2;2;0;3;3;0;0;0;3;1;6;
Reggie Evans;;25;0;2;0;0;0;2;1;6;7;1;0;0;1;2;0;
Ramon Sessions;;14;2;5;0;0;2;5;0;2;2;2;0;0;1;1;6;
Nik Stauskas;;6;0;3;0;2;0;0;0;0;0;0;0;0;0;1;0;
