10-29;ATL-TOR;102-109;
22-24;30-36;19-26;31-23;
ATL
Paul Millsap;PF;32;4;13;0;2;5;9;5;5;10;5;1;0;4;3;13;
DeMarre Carroll;SF;32;4;7;2;3;0;0;1;2;3;0;0;0;0;4;10;
Al Horford;C;31;6;15;0;0;0;0;4;9;13;3;1;3;1;2;12;
Jeff Teague;PG;32;8;12;1;1;3;4;0;3;3;8;3;0;6;2;20;
Kyle Korver;SG;33;7;10;6;7;0;0;0;2;2;2;0;3;2;1;20;
Elton Brand;;12;1;1;0;0;0;2;0;1;1;0;0;0;1;1;2;
Mike Scott;;21;8;11;4;6;0;0;0;4;4;1;0;0;1;5;20;
Thabo Sefolosha;;17;0;3;0;1;0;0;0;2;2;2;0;1;1;1;0;
Shelvin Mack;;15;1;6;0;2;0;0;0;2;2;5;0;0;1;1;2;
Dennis Schroder;;4;0;0;0;0;1;2;0;1;1;0;0;0;0;3;1;
Kent Bazemore;;11;1;2;0;0;0;0;0;1;1;0;1;1;0;1;2;
TOR
Amir Johnson;PF;31;7;15;0;0;2;2;5;5;10;2;0;4;0;2;16;
Terrence Ross;SF;28;5;11;3;5;0;0;0;3;3;3;1;1;0;2;13;
Jonas Valanciunas;C;21;4;5;0;0;9;10;3;5;8;0;0;1;1;3;17;
Kyle Lowry;PG;34;3;11;0;3;5;7;3;3;6;10;3;1;0;3;11;
DeMar DeRozan;SG;35;4;16;0;1;7;10;3;8;11;3;6;0;5;3;15;
Tyler Hansbrough;;20;2;2;0;0;1;1;1;1;2;0;0;1;0;3;5;
James Johnson;;14;0;2;0;0;2;2;0;0;0;2;2;1;2;0;2;
Patrick Patterson;;24;4;9;2;7;0;0;0;5;5;2;1;0;0;1;10;
Greivis Vasquez;;17;5;11;2;6;0;0;0;2;2;3;0;0;0;4;12;
Louis Williams;;15;3;8;1;4;1;1;1;0;1;1;0;0;1;1;8;
