02-07;CHI-NO;107-72;
18-20;30-19;33-17;26-16;
CHI
Pau Gasol;PF;28;9;14;1;1;1;2;4;11;15;4;0;3;3;0;20;
Joakim Noah;C;25;1;2;0;0;0;0;0;7;7;0;0;0;0;1;2;
Derrick Rose;PG;28;8;15;2;5;2;3;0;2;2;4;0;0;2;0;20;
Kirk Hinrich;SG;15;1;4;0;1;0;0;0;2;2;0;2;0;0;0;2;
Jimmy Butler;SG;34;6;14;0;2;6;6;2;2;4;5;1;0;1;1;18;
Nikola Mirotic;;13;2;3;0;1;0;0;0;2;2;4;0;0;0;0;4;
Cameron Bairstow;;7;0;1;0;0;0;0;0;0;0;0;0;0;0;1;0;
Taj Gibson;;25;2;6;0;0;0;0;2;3;5;0;1;1;0;2;4;
Tony Snell;;29;7;10;5;6;0;0;0;5;5;0;0;0;0;1;19;
Doug McDermott;;4;3;3;1;1;2;2;0;0;0;0;0;0;0;0;9;
Aaron Brooks;;24;3;9;1;4;0;0;0;2;2;1;0;0;4;1;7;
E'Twaun Moore;;10;1;3;0;1;0;0;0;1;1;0;2;0;1;0;2;
NO
Dante Cunningham;PF;22;0;1;0;0;0;0;1;0;1;1;2;1;1;1;0;
Anthony Davis;PF;13;4;11;0;0;0;0;1;4;5;1;1;1;0;0;8;
Omer Asik;C;24;3;8;0;0;0;0;3;4;7;0;0;0;0;0;6;
Eric Gordon;SG;25;1;10;1;2;0;0;1;2;3;4;0;0;1;1;3;
Tyreke Evans;SG;30;7;12;1;2;0;0;0;4;4;3;2;1;3;2;15;
Ryan Anderson;;23;1;11;0;5;2;2;3;3;6;1;0;0;0;0;4;
Luke Babbitt;;10;1;1;1;1;0;0;0;3;3;2;0;0;0;1;3;
Jeff Withey;;14;2;3;0;0;1;2;1;2;3;0;0;1;1;1;5;
Alexis Ajinca;;22;5;9;0;0;0;0;2;2;4;0;0;1;1;3;10;
Jimmer Fredette;;20;3;8;0;3;1;1;0;1;1;0;1;0;2;1;7;
Toney Douglas;;16;2;6;1;2;0;0;0;1;1;3;2;0;2;0;5;
Quincy Pondexter;;21;3;6;0;2;0;2;0;0;0;1;0;1;0;3;6;
