04-07;LAL-LAC;100-105;
21-23;18-27;30-26;31-29;
LAL
Ryan Kelly;PF;37;3;17;1;8;1;1;0;2;2;5;2;0;0;6;8;
Tarik Black;PF;22;6;9;0;0;4;4;3;6;9;1;0;0;0;3;16;
Wesley Johnson;SF;40;6;12;3;5;0;0;1;5;6;2;0;0;0;6;15;
Jeremy Lin;PG;24;3;10;2;4;6;6;0;2;2;5;0;1;3;1;14;
Jordan Clarkson;PG;36;7;17;1;4;5;6;0;4;4;6;0;0;2;2;20;
Ed Davis;;23;3;4;0;0;1;4;1;10;11;1;0;0;2;1;7;
Robert Sacre;;22;4;6;0;0;0;0;3;3;6;0;0;0;0;3;8;
Dwight Buycks;;13;1;4;1;1;2;2;0;1;1;1;0;0;0;0;5;
Jabari Brown;;24;2;5;1;3;2;4;0;2;2;3;0;0;4;3;7;
LAC
Blake Griffin;PF;36;11;20;0;0;5;8;1;6;7;6;0;1;3;2;27;
Matt Barnes;SF;31;2;9;1;6;0;0;0;5;5;3;2;1;2;4;5;
DeAndre Jordan;C;33;4;5;0;0;0;2;3;14;17;0;0;3;2;3;8;
Chris Paul;PG;35;5;11;0;2;9;9;0;5;5;10;2;0;0;2;19;
J.J. Redick;SG;30;9;14;4;6;5;6;0;0;0;2;2;1;0;1;27;
Glen Davis;;14;0;1;0;0;0;2;2;3;5;1;0;0;1;2;0;
Spencer Hawes;;13;2;5;1;3;0;0;0;2;2;0;0;0;0;1;5;
Hedo Turkoglu;;13;1;2;1;2;0;0;0;3;3;0;0;0;0;1;3;
Austin Rivers;;17;3;7;0;1;1;2;0;2;2;2;0;0;0;3;7;
Jamal Crawford;;19;2;7;0;4;0;1;0;0;0;1;0;0;0;3;4;
