11-05;LAC-GS;104-121;
20-30;22-35;33-37;29-19;
LAC
Blake Griffin;PF;31;7;15;0;0;0;1;0;1;1;1;0;0;2;2;14;
Matt Barnes;SF;21;1;4;0;2;0;0;0;2;2;0;0;0;1;2;2;
DeAndre Jordan;C;36;7;10;0;0;3;4;2;11;13;1;2;2;1;2;17;
Chris Paul;PG;31;6;15;1;3;2;2;0;2;2;12;4;0;2;2;15;
J.J. Redick;SG;23;3;6;1;2;5;5;0;1;1;0;0;0;2;1;12;
Spencer Hawes;;23;1;7;0;2;3;4;3;4;7;3;0;0;0;0;5;
Hedo Turkoglu;;4;0;0;0;0;0;0;0;0;0;0;1;0;1;0;0;
Jordan Farmar;;20;1;6;1;2;0;0;0;0;0;5;3;0;3;1;3;
Chris Douglas-Roberts;;4;1;2;0;0;2;2;0;1;1;0;0;0;0;0;4;
Jared Cunningham;;10;2;3;0;1;1;2;0;0;0;1;0;0;0;2;5;
Reggie Bullock;;12;1;1;1;1;0;0;0;2;2;1;0;0;0;1;3;
Jamal Crawford;;25;8;13;3;6;5;7;0;1;1;2;2;0;2;1;24;
GS
Harrison Barnes;SF;27;2;4;2;2;4;4;1;6;7;3;0;0;1;0;10;
Draymond Green;SF;36;8;13;4;8;4;4;0;8;8;5;1;1;4;3;24;
Andrew Bogut;C;34;3;5;0;0;0;0;3;11;14;5;0;0;3;3;6;
Stephen Curry;PG;34;9;18;4;8;6;6;0;6;6;7;1;0;5;4;28;
Klay Thompson;SG;30;7;13;3;4;2;2;0;1;1;1;0;2;1;4;19;
David Lee;;7;3;4;0;0;0;0;0;0;0;0;0;0;1;0;6;
Festus Ezeli;;10;0;1;0;0;0;0;0;2;2;0;2;0;4;2;0;
Shaun Livingston;;19;3;5;0;0;0;0;0;1;1;6;1;0;1;2;6;
Leandro Barbosa;;18;5;7;1;2;2;2;0;0;0;1;1;0;1;2;13;
Andre Iguodala;;21;3;3;1;1;2;2;0;0;0;1;1;0;2;1;9;
Brandon Rush;;5;0;1;0;0;0;0;0;0;0;0;0;0;0;1;0;
