11-13;CHI-TOR;100-93;
25-24;20-28;35-14;20-27;
CHI
Pau Gasol;PF;35;12;19;0;0;3;4;2;9;11;2;1;3;2;2;27;
Mike Dunleavy;SF;35;5;10;2;5;2;4;0;5;5;2;1;0;0;0;14;
Joakim Noah;C;33;3;5;0;0;0;2;3;5;8;6;3;1;0;3;6;
Derrick Rose;PG;30;5;14;1;5;9;10;2;1;3;4;0;0;5;0;20;
Jimmy Butler;SG;40;7;10;1;3;6;8;0;9;9;6;0;1;1;3;21;
Taj Gibson;;24;5;11;0;0;0;0;5;2;7;1;1;2;3;3;10;
Nikola Mirotic;;4;0;1;0;0;0;0;1;1;2;0;0;0;1;1;0;
Doug McDermott;;5;0;1;0;1;0;2;0;1;1;0;0;0;2;0;0;
Aaron Brooks;;9;0;4;0;1;0;0;0;0;0;0;0;0;3;3;0;
E'Twaun Moore;;0;0;0;0;0;0;0;0;1;1;0;0;0;0;0;0;
Kirk Hinrich;;25;0;2;0;0;2;2;0;1;1;5;1;0;2;3;2;
TOR
Amir Johnson;PF;30;4;9;1;1;5;7;3;2;5;1;1;1;1;3;14;
Terrence Ross;SF;33;5;10;2;7;0;0;0;3;3;2;1;1;1;4;12;
Jonas Valanciunas;C;23;4;8;0;0;0;0;4;4;8;2;0;1;2;3;8;
Kyle Lowry;PG;34;8;19;3;7;1;3;1;7;8;8;0;0;2;5;20;
DeMar DeRozan;SG;34;3;17;0;1;4;4;0;1;1;2;1;0;0;3;10;
Tyler Hansbrough;;8;0;1;0;0;0;0;1;1;2;0;0;0;0;1;0;
James Johnson;;24;7;9;0;1;2;3;2;3;5;1;4;4;1;5;16;
Patrick Patterson;;24;1;5;1;3;0;0;1;2;3;0;1;0;2;3;3;
Greivis Vasquez;;14;2;5;0;2;3;4;0;2;2;1;1;0;5;1;7;
Louis Williams;;16;1;6;1;3;0;0;1;0;1;0;2;0;0;0;3;
