11-18;NY-MIL;113-117;
30-30;19-36;31-29;33-22;
NY
Carmelo Anthony;SF;38;10;17;2;4;4;6;2;4;6;5;0;0;1;5;26;
Samuel Dalembert;C;17;1;2;0;0;0;0;1;1;2;1;0;2;2;2;2;
Shane Larkin;PG;22;0;2;0;1;0;0;0;0;0;1;0;0;1;2;0;
J.R. Smith;SG;34;3;12;1;4;2;2;0;1;1;3;2;1;0;2;9;
Iman Shumpert;SG;36;9;14;2;4;1;1;4;4;8;8;3;0;3;1;21;
Jason Smith;;6;0;1;0;0;0;0;2;1;3;1;0;0;0;1;0;
Travis Wear;;12;3;7;0;0;0;0;0;0;0;1;0;0;0;2;6;
Amar'e Stoudemire;;24;5;6;0;0;4;6;2;3;5;4;2;0;1;3;14;
Pablo Prigioni;;21;4;5;3;4;0;0;0;1;1;4;2;0;3;2;11;
Tim Hardaway Jr.;;29;9;14;3;8;3;4;0;2;2;2;0;0;1;2;24;
MIL
Giannis Antetokounmpo;SF;18;3;6;0;0;7;7;3;3;6;0;0;0;1;3;13;
Jabari Parker;SF;24;6;8;0;1;0;0;3;2;5;1;0;0;1;1;12;
Zaza Pachulia;C;35;6;11;0;0;2;2;7;6;13;4;2;0;4;2;14;
Brandon Knight;PG;33;6;15;1;4;1;2;0;4;4;9;1;0;3;2;14;
Khris Middleton;SG;33;4;10;3;5;2;2;1;6;7;3;0;0;1;3;13;
Ersan Ilyasova;;20;8;10;3;4;1;4;1;1;2;1;0;0;0;2;20;
Jared Dudley;;21;3;5;1;1;0;0;0;0;0;2;0;0;0;2;7;
John Henson;;13;2;3;0;0;0;0;2;2;4;1;0;0;2;4;4;
Jerryd Bayless;;20;2;4;0;1;5;6;0;3;3;3;1;0;1;1;9;
O.J. Mayo;;23;3;6;1;1;4;4;0;0;0;6;1;0;3;4;11;
