12-08;ATL-IND;108-92;
28-18;32-25;25-21;23-28;
ATL
Paul Millsap;PF;33;2;6;0;2;3;9;0;8;8;2;2;2;2;3;7;
DeMarre Carroll;SF;32;4;8;3;6;1;2;1;6;7;3;2;0;1;1;12;
Al Horford;C;30;9;18;1;1;6;6;2;6;8;3;1;3;2;2;25;
Jeff Teague;PG;32;8;11;1;1;4;5;0;3;3;7;3;0;1;0;21;
Kyle Korver;SG;30;4;7;3;6;2;2;0;3;3;4;1;0;1;2;13;
Mike Scott;;15;3;5;0;1;0;0;0;1;1;2;0;0;2;2;6;
Mike Muscala;;3;0;0;0;0;0;0;0;0;0;0;0;1;0;1;0;
Pero Antic;;15;2;5;1;3;2;2;1;2;3;1;1;1;0;5;7;
Thabo Sefolosha;;16;4;7;0;0;0;0;1;5;6;0;1;0;2;0;8;
Shelvin Mack;;18;1;5;0;1;1;1;0;2;2;4;0;0;1;0;3;
Dennis Schroder;;14;3;4;0;0;0;0;1;2;3;1;0;0;4;3;6;
Kent Bazemore;;3;0;1;0;0;0;0;0;3;3;0;0;0;0;1;0;
IND
David West;PF;24;4;9;0;0;0;0;0;4;4;3;0;0;2;1;8;
Chris Copeland;SF;20;2;6;1;4;1;2;0;4;4;0;0;1;2;2;6;
Solomon Hill;SF;33;2;6;0;2;1;2;1;6;7;6;2;0;2;2;5;
Roy Hibbert;C;24;4;9;0;0;0;0;0;5;5;1;0;0;2;2;8;
Rodney Stuckey;PG;28;6;11;1;1;2;4;2;2;4;3;1;0;2;3;15;
Shayne Whittington;;3;1;3;0;1;1;1;1;0;1;0;0;0;0;0;3;
Luis Scola;;21;6;12;0;1;0;1;4;5;9;2;0;0;2;4;12;
Lavoy Allen;;19;3;3;0;0;2;4;0;3;3;0;0;1;3;3;8;
Damjan Rudez;;19;2;6;1;4;0;0;0;0;0;2;0;0;0;1;5;
Donald Sloan;;3;0;1;0;1;0;0;0;0;0;1;1;0;0;0;0;
C.J. Watson;;19;2;7;2;6;1;2;0;3;3;4;2;0;1;2;7;
C.J. Miles;;27;5;11;4;7;1;1;0;2;2;1;0;0;1;2;15;
