12-30;LAL-DEN;111-103;
33-29;29-17;21-25;28-32;
LAL
Ed Davis;PF;30;2;3;0;0;3;4;0;4;4;2;0;1;0;5;7;
Wesley Johnson;SF;26;6;10;4;7;0;0;0;2;2;2;1;0;0;1;16;
Jordan Hill;C;24;6;9;0;0;0;0;1;4;5;0;0;1;0;2;12;
Ronnie Price;PG;33;6;10;5;6;1;2;0;3;3;4;2;0;3;2;18;
Kobe Bryant;SG;32;6;11;3;5;8;11;1;10;11;11;2;1;9;1;23;
Carlos Boozer;;29;8;14;0;0;3;6;1;8;9;1;1;0;2;3;19;
Nick Young;;22;2;7;0;2;0;0;0;1;1;2;0;0;1;1;4;
Robert Sacre;;13;0;0;0;0;0;0;1;1;2;1;0;0;1;2;0;
Jeremy Lin;;15;1;6;0;1;2;3;0;2;2;4;0;0;1;3;4;
Wayne Ellington;;16;3;6;2;4;0;0;0;3;3;4;0;1;1;0;8;
DEN
Kenneth Faried;PF;21;2;7;0;0;0;0;3;1;4;2;2;1;1;3;4;
Wilson Chandler;SF;17;2;6;1;3;4;4;0;2;2;1;0;0;0;0;9;
Timofey Mozgov;C;21;5;9;0;0;1;4;3;5;8;0;1;0;1;2;11;
Ty Lawson;PG;34;5;11;1;4;5;9;2;2;4;9;2;0;2;1;16;
Arron Afflalo;SG;26;5;14;1;4;0;1;1;2;3;1;1;0;1;0;11;
J.J. Hickson;;27;3;5;0;0;3;5;0;6;6;1;0;2;1;2;9;
Alonzo Gee;;20;2;4;2;2;0;0;0;1;1;1;2;0;2;5;6;
Jusuf Nurkic;;27;7;10;0;0;2;2;2;6;8;2;2;2;1;5;16;
Nate Robinson;;22;6;13;1;7;0;0;0;1;1;6;2;2;1;4;13;
Erick Green;;7;1;3;1;2;0;0;0;0;0;1;0;0;0;0;3;
Gary Harris;;18;1;5;1;4;2;2;0;2;2;1;1;0;1;2;5;
