12-17;BKN-TOR;89-105;
30-22;22-31;21-23;16-29;
BKN
Mirza Teletovic;PF;21;5;10;4;8;0;0;0;3;3;2;0;0;1;0;14;
Joe Johnson;SF;38;8;17;1;4;0;3;1;7;8;3;1;0;2;1;17;
Mason Plumlee;C;37;9;13;0;1;5;11;3;5;8;2;0;2;3;3;23;
Deron Williams;PG;33;5;15;1;5;0;1;3;0;3;7;0;0;5;3;11;
Alan Anderson;SG;27;1;7;1;5;1;2;2;5;7;1;1;1;0;0;4;
Cory Jefferson;;17;3;4;1;1;0;0;0;1;1;1;0;0;1;2;7;
Brandon Davies;;9;0;1;0;0;0;0;1;2;3;0;0;1;0;2;0;
Jerome Jordan;;13;1;3;0;0;4;5;4;3;7;0;0;2;1;2;6;
Darius Morris;;3;0;0;0;0;0;0;0;0;0;1;0;0;0;0;0;
Jarrett Jack;;24;2;6;0;0;0;0;0;2;2;3;1;1;0;1;4;
Markel Brown;;1;0;0;0;0;0;0;0;0;0;0;0;0;0;0;0;
Bojan Bogdanovic;;17;1;5;1;3;0;0;0;1;1;0;0;1;0;2;3;
TOR
Amir Johnson;PF;31;5;8;0;0;3;6;5;4;9;1;0;1;0;6;13;
Terrence Ross;SF;22;3;10;2;5;1;1;0;1;1;0;0;0;2;2;9;
Jonas Valanciunas;C;28;6;7;0;0;4;4;3;7;10;1;0;1;2;0;16;
Kyle Lowry;PG;32;7;13;2;3;4;4;0;3;3;12;2;0;2;4;20;
Landry Fields;SG;21;3;4;0;1;0;0;1;2;3;2;2;0;0;1;6;
Tyler Hansbrough;;11;0;3;0;0;0;0;1;2;3;0;0;0;0;2;0;
James Johnson;;27;2;4;0;0;1;4;0;6;6;3;0;1;1;2;5;
Patrick Patterson;;25;5;10;3;4;0;0;0;2;2;1;0;1;0;3;13;
Bruno Caboclo;;1;0;0;0;0;0;0;0;0;0;0;0;0;0;0;0;
Greg Stiemsma;;1;0;0;0;0;0;0;1;1;2;0;0;0;1;1;0;
Greivis Vasquez;;16;6;11;1;3;0;0;0;3;3;3;1;0;1;0;13;
Louis Williams;;25;4;10;2;4;0;0;0;0;0;1;1;0;0;0;10;
