03-12;MIL-IND;103-109;
31-19;22-32;21-31;22-14;7-13;
MIL
Ersan Ilyasova;PF;35;8;13;1;2;2;4;2;8;10;2;1;0;0;4;19;
Giannis Antetokounmpo;SF;35;4;14;0;1;4;6;0;6;6;3;0;1;1;5;12;
Zaza Pachulia;C;34;5;11;0;0;6;6;8;4;12;3;2;0;2;5;16;
Michael Carter-Williams;PG;40;8;20;0;3;12;15;0;8;8;4;4;0;3;1;28;
Khris Middleton;SG;45;6;21;3;5;3;3;1;3;4;1;1;0;3;2;18;
Chris Johnson;;24;0;3;0;2;2;2;0;1;1;0;2;0;0;3;2;
Jared Dudley;;18;0;1;0;0;0;0;0;1;1;0;1;0;2;2;0;
Miles Plumlee;;7;1;1;0;0;0;0;0;0;0;0;0;1;0;0;2;
John Henson;;12;0;0;0;0;0;0;0;3;3;0;0;0;2;3;0;
Tyler Ennis;;15;3;7;0;1;0;0;1;2;3;4;0;1;2;2;6;
IND
David West;PF;28;4;9;0;0;1;2;0;6;6;3;0;2;4;5;9;
Solomon Hill;SF;25;2;4;0;1;5;6;0;2;2;1;1;0;2;3;9;
Ian Mahinmi;C;29;4;4;0;0;0;1;2;8;10;2;1;4;3;6;8;
George Hill;PG;31;6;16;2;7;3;4;0;4;4;5;2;0;4;5;17;
C.J. Miles;SG;30;5;9;4;7;0;0;0;3;3;3;0;0;0;3;14;
Luis Scola;;34;8;15;0;0;1;1;4;11;15;0;1;0;0;2;17;
Lavoy Allen;;14;0;0;0;0;0;0;0;1;1;0;0;1;1;1;0;
Damjan Rudez;;13;0;1;0;0;0;0;0;0;0;0;0;0;1;4;0;
Rodney Stuckey;;37;8;17;1;4;8;10;0;6;6;6;1;0;3;1;25;
C.J. Watson;;23;2;4;2;3;4;4;0;1;1;4;1;0;2;3;10;
