03-20;MIL-BKN;127-129;
30-31;38-27;16-21;17-22;10-10;6-6;10-12;
MIL
Ersan Ilyasova;PF;42;8;19;4;6;0;0;5;8;13;1;1;1;1;6;20;
Giannis Antetokounmpo;SF;53;7;19;0;0;9;12;2;12;14;2;2;1;3;6;23;
Zaza Pachulia;C;40;9;16;0;0;4;4;18;3;21;7;1;0;3;4;22;
Michael Carter-Williams;PG;46;7;26;0;1;5;7;2;4;6;4;1;0;2;5;19;
Khris Middleton;SG;55;11;23;4;8;3;4;2;6;8;6;3;0;1;4;29;
Miles Plumlee;;18;3;7;0;0;0;2;2;2;4;0;0;0;1;0;6;
John Henson;;21;2;8;0;0;0;0;6;4;10;1;0;7;2;1;4;
Tyler Ennis;;17;0;4;0;1;0;0;1;2;3;1;1;0;1;0;0;
Jerryd Bayless;;23;2;7;0;0;0;0;0;2;2;1;2;0;3;5;4;
BKN
Thaddeus Young;SF;53;8;20;3;5;5;7;1;4;5;3;1;0;1;1;24;
Joe Johnson;SF;48;7;16;4;6;2;4;1;5;6;7;1;0;3;3;20;
Brook Lopez;C;42;13;20;0;0;6;6;7;11;18;2;0;5;1;5;32;
Deron Williams;PG;22;1;6;0;2;2;3;1;1;2;5;0;0;0;3;4;
Markel Brown;SG;5;0;1;0;1;0;0;0;0;0;0;0;0;0;3;0;
Cory Jefferson;;10;0;5;0;0;5;6;2;2;4;0;2;0;1;0;5;
Mason Plumlee;;21;1;3;0;0;0;0;2;2;4;1;2;0;1;2;2;
Jarrett Jack;;41;5;11;0;1;2;2;1;7;8;7;2;0;5;3;12;
Bojan Bogdanovic;;49;7;15;2;6;1;2;1;2;3;5;1;2;2;1;17;
Alan Anderson;;25;4;10;2;4;3;4;0;3;3;1;0;0;1;4;13;
