12-02;BOS-ATL;105-109;
42-30;24-20;19-30;20-29;
BOS
Jared Sullinger;PF;30;9;16;4;7;0;0;3;6;9;1;0;0;2;2;22;
Jeff Green;SF;36;10;16;1;3;4;4;1;3;4;0;1;0;2;1;25;
Tyler Zeller;C;24;2;4;0;0;4;5;0;3;3;2;1;1;1;2;8;
Rajon Rondo;PG;34;1;8;0;3;0;0;2;10;12;19;1;1;7;0;2;
Avery Bradley;PG;30;7;13;3;5;1;2;2;1;3;0;2;0;0;4;18;
Brandon Bass;;18;3;9;0;0;0;0;1;2;3;0;0;0;2;1;6;
Gerald Wallace;;12;0;0;0;0;0;0;0;0;0;0;0;0;2;2;0;
Kelly Olynyk;;20;1;4;0;1;2;2;0;4;4;7;3;1;1;4;4;
Marcus Thornton;;15;3;7;2;2;0;0;0;2;2;2;1;0;1;1;8;
Evan Turner;;21;5;7;2;2;0;0;0;2;2;2;1;0;3;3;12;
ATL
Paul Millsap;PF;38;7;15;0;2;5;5;0;6;6;7;3;3;2;4;19;
DeMarre Carroll;SF;35;2;8;1;4;0;0;0;3;3;3;3;0;3;3;5;
Al Horford;C;32;8;13;0;0;0;0;0;6;6;2;0;1;1;1;16;
Jeff Teague;PG;25;4;9;1;2;0;0;0;0;0;9;1;0;4;2;9;
Kyle Korver;SG;37;8;9;6;7;2;2;1;5;6;4;1;1;2;0;24;
Mike Scott;;6;2;2;0;0;0;0;0;1;1;0;0;0;0;0;4;
Pero Antic;;20;3;6;2;4;2;2;2;1;3;3;0;2;1;2;10;
Thabo Sefolosha;;7;0;3;0;0;0;0;0;0;0;1;0;0;0;0;0;
Shelvin Mack;;6;0;2;0;2;0;0;0;1;1;2;0;1;0;0;0;
Dennis Schroder;;23;6;12;0;2;3;5;0;3;3;4;0;0;3;1;15;
Kent Bazemore;;10;3;3;1;1;0;0;1;1;2;1;0;0;0;1;7;
