02-11;WSH-TOR;93-95;
25-27;22-22;29-26;17-20;
WSH
Nene Hilario;PF;25;7;8;0;0;0;2;2;2;4;3;4;0;2;3;14;
Paul Pierce;SF;30;7;12;2;4;1;2;1;2;3;2;0;1;1;1;17;
Otto Porter Jr.;SF;21;2;6;0;3;2;2;1;3;4;2;0;0;2;2;6;
Marcin Gortat;C;25;4;8;0;0;1;2;2;6;8;0;0;2;2;0;9;
John Wall;PG;36;7;15;1;6;6;8;1;3;4;8;1;0;5;2;21;
Drew Gooden;;29;5;12;0;1;0;0;5;7;12;3;0;0;2;1;10;
Rasual Butler;;18;2;10;1;4;0;0;0;3;3;3;0;1;1;2;5;
Kevin Seraphin;;17;3;7;0;0;0;0;1;4;5;1;0;2;0;1;6;
Andre Miller;;12;1;4;0;1;0;0;0;1;1;1;0;0;0;1;2;
Garrett Temple;;27;1;3;1;2;0;0;2;4;6;2;2;0;1;2;3;
TOR
Amir Johnson;PF;33;1;2;0;0;4;7;1;3;4;2;1;1;0;3;6;
James Johnson;PF;19;3;4;0;0;0;0;1;2;3;2;0;1;1;4;6;
Jonas Valanciunas;C;16;3;5;0;0;0;0;2;3;5;0;0;0;3;0;6;
Kyle Lowry;PG;32;5;12;3;7;0;0;1;3;4;6;1;1;3;3;13;
DeMar DeRozan;SG;35;6;18;1;2;10;10;1;2;3;2;3;0;3;1;23;
Patrick Patterson;;30;1;8;0;3;0;0;2;6;8;2;2;1;0;0;2;
Tyler Hansbrough;;8;0;2;0;0;1;2;1;1;2;0;0;0;1;1;1;
Terrence Ross;;13;0;2;0;1;0;0;0;0;0;1;0;0;0;0;0;
Greivis Vasquez;;19;4;7;3;5;0;0;0;4;4;1;0;0;2;1;11;
Louis Williams;;34;8;16;4;8;7;7;0;4;4;1;2;1;0;0;27;
