12-01;MIN-LAC;101-127;
34-31;16-34;18-36;33-26;
MIN
Thaddeus Young;SF;21;4;9;0;1;0;2;0;2;2;0;1;1;0;4;8;
Andrew Wiggins;SF;26;4;11;0;0;6;9;0;1;1;2;1;0;2;3;14;
Gorgui Dieng;C;20;3;5;0;0;1;1;3;1;4;5;1;0;0;4;7;
Mo Williams;PG;24;1;4;1;1;4;5;0;2;2;7;2;0;2;3;7;
Corey Brewer;SG;15;3;9;1;4;2;2;0;0;0;1;0;0;2;2;9;
Anthony Bennett;;30;2;6;0;0;2;4;0;2;2;1;1;0;1;1;6;
Shabazz Muhammad;;27;6;11;0;1;6;7;1;9;10;4;0;0;1;2;18;
Chase Budinger;;22;0;4;0;2;2;2;0;1;1;3;1;0;0;2;2;
Jeff Adrien;;13;2;3;0;0;3;4;1;5;6;2;1;2;1;2;7;
Robbie Hummel;;11;6;8;0;1;1;2;1;1;2;0;1;0;0;2;13;
Zach LaVine;;24;4;11;0;2;2;2;0;2;2;1;0;0;1;2;10;
Glenn Robinson III;;6;0;1;0;0;0;0;0;0;0;0;0;0;0;0;0;
LAC
Blake Griffin;PF;25;8;14;0;0;7;8;1;7;8;3;0;1;1;2;23;
Matt Barnes;SF;23;3;7;2;5;0;0;1;4;5;2;0;0;1;2;8;
DeAndre Jordan;C;26;5;5;0;0;1;2;2;11;13;2;1;4;4;2;11;
Chris Paul;PG;25;3;7;0;2;6;6;1;2;3;8;1;0;2;2;12;
J.J. Redick;SG;23;7;11;4;5;5;6;0;1;1;2;0;0;1;2;23;
Glen Davis;;16;1;3;0;0;6;8;1;3;4;2;0;1;0;2;8;
Spencer Hawes;;20;5;9;4;7;0;0;0;4;4;2;0;1;0;5;14;
Ekpe Udoh;;8;1;2;0;0;0;0;0;1;1;1;0;0;0;3;2;
Hedo Turkoglu;;10;0;1;0;0;0;0;1;2;3;1;0;0;0;1;0;
Jordan Farmar;;23;3;7;3;6;0;0;1;4;5;7;2;0;3;1;9;
Jared Cunningham;;12;2;4;1;3;3;4;1;1;2;2;1;0;0;2;8;
Reggie Bullock;;14;2;5;1;3;0;0;0;1;1;0;0;0;1;1;5;
Jamal Crawford;;15;1;5;0;3;2;2;0;0;0;1;0;0;1;1;4;
