03-01;GS-BOS;106-101;
25-38;24-27;26-21;31-15;
GS
Harrison Barnes;SF;30;6;14;3;7;2;2;4;4;8;0;0;0;1;3;17;
Draymond Green;SF;44;4;13;2;6;4;6;2;9;11;4;0;3;1;4;14;
Andrew Bogut;C;19;1;6;0;0;0;0;4;6;10;3;1;2;0;2;2;
Stephen Curry;PG;38;14;22;5;8;4;4;0;4;4;5;1;0;5;1;37;
Klay Thompson;SG;38;9;23;2;10;0;0;0;5;5;2;1;1;0;2;20;
David Lee;;8;1;4;0;1;1;2;3;2;5;0;0;0;1;1;3;
Shaun Livingston;;20;2;5;0;0;3;3;1;0;1;2;0;1;2;4;7;
Justin Holiday;;6;0;2;0;2;0;0;0;2;2;0;0;0;0;1;0;
Leandro Barbosa;;5;0;2;0;0;0;0;0;0;0;0;0;0;0;0;0;
Andre Iguodala;;33;3;4;0;0;0;0;1;8;9;3;1;1;0;0;6;
BOS
Brandon Bass;PF;32;6;12;0;0;3;4;5;7;12;1;0;0;1;2;15;
Tyler Zeller;C;27;7;13;0;0;3;3;3;3;6;1;0;1;1;1;17;
Avery Bradley;PG;34;5;17;0;1;2;3;2;2;4;2;0;0;1;3;12;
Marcus Smart;PG;36;4;11;2;6;0;0;2;4;6;4;2;0;0;2;10;
Evan Turner;SG;28;4;12;0;1;2;2;0;9;9;6;1;0;2;2;10;
Jonas Jerebko;;12;1;1;1;1;0;0;2;0;2;0;1;1;0;2;3;
Jae Crowder;;27;4;17;1;7;0;0;6;11;17;2;0;1;2;2;9;
Isaiah Thomas;;29;8;21;3;11;1;1;1;1;2;5;0;0;1;3;20;
James Young;;15;1;5;1;4;2;4;0;2;2;0;0;0;0;0;5;
