04-13;DEN-LAC;103-110;
31-31;26-23;21-29;25-27;
DEN
Kenneth Faried;PF;35;7;16;0;1;5;9;11;6;17;2;2;0;4;5;19;
Wilson Chandler;SF;35;12;23;6;10;2;3;1;5;6;0;1;0;0;6;32;
Erick Green;PG;35;2;9;0;1;0;0;3;1;4;2;1;0;1;2;4;
Randy Foye;SG;39;6;21;3;12;1;2;2;5;7;8;1;0;1;3;16;
Gary Harris;SG;35;4;8;3;6;2;2;2;0;2;2;1;0;1;2;13;
Joffrey Lauvergne;;3;0;0;0;0;0;0;0;0;0;0;0;0;0;3;0;
J.J. Hickson;;24;3;11;0;0;0;0;3;8;11;1;1;0;1;2;6;
Jusuf Nurkic;;7;1;3;0;0;0;0;2;1;3;1;0;0;1;3;2;
Will Barton;;26;3;10;0;3;5;6;1;7;8;2;0;0;2;1;11;
Ian Clark;;0;0;0;0;0;0;0;0;0;0;0;0;0;0;0;0;
Jamaal Franklin;;0;0;0;0;0;0;0;0;0;0;0;0;0;0;0;0;
LAC
Blake Griffin;PF;40;7;18;0;0;8;9;2;7;9;8;0;2;2;2;22;
Matt Barnes;SF;30;4;11;3;9;0;0;0;1;1;1;0;1;2;3;11;
DeAndre Jordan;C;36;8;12;0;0;4;10;8;13;21;3;1;4;1;2;20;
Chris Paul;PG;37;6;11;1;2;4;4;1;6;7;9;2;0;1;2;17;
J.J. Redick;SG;33;7;16;3;5;3;3;0;1;1;2;1;0;3;1;20;
Glen Davis;;12;0;1;0;0;7;8;2;2;4;1;0;0;1;1;7;
Spencer Hawes;;8;0;1;0;0;2;2;0;0;0;0;1;1;0;2;2;
Hedo Turkoglu;;5;1;2;0;1;0;0;0;1;1;0;1;0;0;0;2;
Lester Hudson;;1;0;1;0;1;0;0;0;0;0;0;0;0;0;0;0;
Austin Rivers;;16;3;3;0;0;0;0;0;2;2;0;0;0;1;2;6;
Jamal Crawford;;23;1;6;0;3;1;1;0;1;1;1;1;0;2;1;3;
