12-13;LAC-MIL;106-111;
28-26;14-25;29-21;35-39;
LAC
Blake Griffin;PF;39;4;12;0;0;2;4;2;4;6;9;2;0;1;2;10;
Matt Barnes;SF;32;10;18;6;8;0;0;0;1;1;0;2;1;1;3;26;
DeAndre Jordan;C;39;3;6;0;0;1;3;5;10;15;1;2;2;0;3;7;
Chris Paul;PG;36;5;15;0;4;0;0;2;3;5;7;1;0;6;6;10;
J.J. Redick;SG;35;6;14;5;7;8;8;1;4;5;3;1;0;2;3;25;
Glen Davis;;6;2;4;0;0;0;0;0;1;1;0;0;0;0;0;4;
Hedo Turkoglu;;12;1;2;0;0;0;0;0;1;1;1;0;0;0;1;2;
Jordan Farmar;;12;2;4;1;3;0;0;0;0;0;0;0;0;0;2;5;
Chris Douglas-Roberts;;6;0;1;0;0;0;0;0;1;1;0;0;0;0;2;0;
Jamal Crawford;;23;6;15;2;7;3;4;0;0;0;3;0;0;2;2;17;
MIL
Giannis Antetokounmpo;SF;31;8;11;0;0;4;5;0;5;5;3;2;1;4;1;20;
Jabari Parker;SF;36;6;11;0;0;0;0;1;4;5;1;0;0;4;4;12;
Larry Sanders;C;28;7;9;0;0;1;2;4;5;9;1;0;2;0;4;15;
Brandon Knight;PG;31;6;14;3;5;7;9;0;4;4;5;0;0;1;1;22;
O.J. Mayo;SG;11;3;5;0;1;0;0;0;0;0;1;0;0;2;2;6;
Jared Dudley;;17;1;3;0;1;0;0;0;0;0;2;0;0;0;0;2;
Zaza Pachulia;;20;1;6;0;0;2;4;1;2;3;3;0;1;2;0;4;
Jerryd Bayless;;27;3;5;1;1;4;4;0;7;7;2;0;0;1;3;11;
Kendall Marshall;;17;2;4;1;1;0;0;0;0;0;6;1;0;1;2;5;
Khris Middleton;;22;6;8;2;2;0;0;0;6;6;1;0;0;0;2;14;
