12-06;ORL-SAC;105-96;
27-27;25-22;25-17;28-30;
ORL
Channing Frye;PF;35;2;7;2;6;0;0;1;5;6;1;2;0;1;3;6;
Kyle O'Quinn;PF;18;5;5;1;1;2;2;2;0;2;4;1;1;1;4;13;
Tobias Harris;SF;39;10;17;4;5;3;4;0;4;4;1;0;0;0;2;27;
Evan Fournier;SG;31;7;16;1;7;0;0;1;5;6;3;0;0;0;0;15;
Victor Oladipo;SG;36;6;15;0;3;4;4;1;4;5;7;0;0;3;3;16;
Andrew Nicholson;;11;1;3;0;0;0;0;0;2;2;1;0;0;1;2;2;
Dewayne Dedmon;;22;2;2;0;0;1;2;3;5;8;1;0;4;1;5;5;
Elfrid Payton;;25;3;7;0;1;2;2;2;3;5;6;1;0;3;2;8;
Willie Green;;11;1;5;0;2;0;0;0;2;2;1;0;0;0;3;2;
Ben Gordon;;12;5;6;1;1;0;0;0;0;0;1;0;0;0;1;11;
SAC
Jason Thompson;PF;32;9;12;0;0;0;0;2;7;9;4;0;0;1;3;18;
Rudy Gay;SF;36;7;15;0;2;2;3;1;4;5;6;2;1;2;2;16;
Ryan Hollins;C;18;2;3;0;0;1;2;0;0;0;0;0;0;0;2;5;
Darren Collison;PG;34;6;14;3;6;7;9;0;3;3;4;0;0;2;2;22;
Ben McLemore;SG;24;1;3;0;2;0;0;1;1;2;1;1;0;1;2;2;
Derrick Williams;;17;6;8;1;1;1;1;0;1;1;0;0;0;1;1;14;
Carl Landry;;19;0;5;0;0;2;2;1;3;4;0;0;0;1;1;2;
Omri Casspi;;12;1;3;0;0;2;3;0;3;3;0;1;0;1;1;4;
Reggie Evans;;11;0;2;0;0;3;4;3;1;4;0;0;0;0;1;3;
Ray McCallum;;8;0;1;0;1;0;0;0;1;1;0;0;1;1;0;0;
Ramon Sessions;;23;3;11;0;2;4;4;1;1;2;7;1;0;1;0;10;
Nik Stauskas;;7;0;2;0;1;0;0;0;1;1;0;0;0;0;1;0;
