12-12;MIA-UTAH;100-95;
29-24;33-23;16-27;22-21;
MIA
Luol Deng;SF;34;5;7;1;2;3;4;2;4;6;2;1;0;2;1;14;
Justin Hamilton;C;29;4;10;0;2;1;2;1;3;4;1;1;0;1;5;9;
Chris Bosh;C;36;9;16;1;5;3;4;0;9;9;1;1;2;1;4;22;
Norris Cole;PG;28;3;6;1;2;2;2;0;1;1;3;1;0;0;1;9;
Dwyane Wade;SG;35;10;16;1;1;8;12;0;3;3;7;1;1;3;1;29;
Udonis Haslem;;17;1;4;0;0;3;5;2;1;3;0;1;0;0;1;5;
Danny Granger;;14;2;4;2;3;0;0;2;0;2;0;0;0;0;0;6;
Shawne Williams;;13;1;1;0;0;0;0;0;3;3;1;0;0;0;2;2;
Shabazz Napier;;10;0;1;0;1;0;0;0;1;1;1;0;0;0;0;0;
Mario Chalmers;;24;1;7;1;4;1;2;0;3;3;3;0;0;2;1;4;
UTAH
Derrick Favors;PF;10;2;5;0;0;0;0;2;0;2;0;0;1;0;1;4;
Gordon Hayward;SF;35;6;13;2;7;4;4;0;8;8;1;0;0;3;1;18;
Enes Kanter;C;37;10;17;1;3;4;4;0;8;8;0;0;0;1;2;25;
Trey Burke;PG;33;3;12;1;5;0;0;1;1;2;4;1;0;4;1;7;
Alec Burks;PG;32;4;10;2;6;6;8;1;3;4;3;1;0;0;4;16;
Trevor Booker;;14;2;5;0;0;0;0;2;2;4;0;0;0;1;1;4;
Steve Novak;;3;0;1;0;1;0;0;0;0;0;0;0;0;0;0;0;
Joe Ingles;;11;0;0;0;0;0;0;0;0;0;2;1;0;0;0;0;
Jeremy Evans;;6;1;2;0;0;0;0;2;2;4;0;0;0;1;1;2;
Rudy Gobert;;26;2;2;0;0;5;6;4;7;11;4;1;5;0;2;9;
Rodney Hood;;19;2;6;1;3;0;0;0;1;1;0;0;0;1;5;5;
Dante Exum;;15;2;4;1;3;0;0;0;0;0;2;0;0;0;0;5;
