01-05;LAL-POR;94-98;
23-24;22-23;28-23;21-28;
LAL
Ed Davis;PF;27;2;7;0;0;0;0;3;1;4;1;1;0;1;2;4;
Ryan Kelly;PF;26;1;6;0;3;0;0;0;7;7;3;0;0;3;2;2;
Jordan Hill;C;32;10;15;0;0;3;4;4;10;14;2;0;0;1;4;23;
Ronnie Price;PG;27;5;11;1;2;0;0;1;1;2;8;1;0;1;2;11;
Wayne Ellington;SG;29;5;12;2;3;1;1;1;4;5;0;0;0;0;1;13;
Carlos Boozer;;23;3;9;0;0;2;2;0;5;5;2;0;0;0;2;8;
Nick Young;;27;3;13;1;4;4;4;0;2;2;2;1;0;2;2;11;
Robert Sacre;;14;1;2;0;0;1;1;2;3;5;0;1;0;0;2;3;
Jordan Clarkson;;15;2;3;0;0;1;2;0;2;2;0;0;0;0;0;5;
Jeremy Lin;;21;5;10;0;2;4;6;0;3;3;2;1;0;2;3;14;
POR
LaMarcus Aldridge;PF;36;8;20;1;1;4;4;1;7;8;1;0;0;1;1;21;
Nicolas Batum;SF;37;3;9;2;5;0;0;0;3;3;3;0;0;1;3;8;
Chris Kaman;C;27;3;8;0;0;2;2;5;6;11;3;0;3;2;2;8;
Damian Lillard;PG;39;12;21;4;8;11;13;2;4;6;5;2;1;1;0;39;
Wesley Matthews;SG;30;1;9;1;6;2;2;0;1;1;1;2;0;2;0;5;
Thomas Robinson;;13;0;1;0;0;1;2;0;4;4;0;1;0;0;2;1;
Allen Crabbe;;11;0;1;0;0;0;0;0;0;0;2;1;0;0;0;0;
Meyers Leonard;;19;4;5;3;4;1;1;2;10;12;0;0;0;0;3;12;
Steve Blake;;21;1;6;0;2;0;0;0;0;0;3;1;0;1;1;2;
C.J. McCollum;;6;1;3;0;0;0;0;0;0;0;0;0;0;1;0;2;
