01-25;BOS-GS;111-114;
23-30;26-26;28-33;34-25;
BOS
Brandon Bass;PF;30;3;7;0;0;2;3;1;8;9;0;1;1;1;3;8;
Jared Sullinger;PF;30;9;17;1;5;7;9;4;5;9;3;1;0;2;4;26;
Jae Crowder;SF;21;2;7;2;4;0;0;0;2;2;2;0;0;0;0;6;
Avery Bradley;PG;32;5;16;3;9;2;4;1;2;3;2;1;0;1;3;15;
Evan Turner;SG;32;7;12;1;1;4;6;2;5;7;7;1;1;4;4;19;
Gerald Wallace;;12;3;3;0;0;0;0;1;2;3;0;1;0;1;1;6;
Tayshaun Prince;;19;1;3;0;0;0;0;0;4;4;2;0;0;0;0;2;
Tyler Zeller;;21;6;13;0;0;3;4;4;1;5;2;0;1;1;3;15;
Phil Pressey;;16;3;4;2;2;1;1;0;4;4;4;0;0;1;2;9;
James Young;;15;1;5;1;4;0;0;0;2;2;0;0;0;1;1;3;
Marcus Thornton;;14;1;8;0;3;0;0;0;0;0;1;0;0;2;0;2;
GS
Harrison Barnes;SF;25;4;6;1;2;0;0;2;2;4;1;0;0;1;0;9;
Draymond Green;SF;32;5;12;1;6;3;3;0;9;9;2;3;1;1;5;14;
Andrew Bogut;C;28;6;10;0;0;1;1;4;9;13;4;1;1;2;2;13;
Stephen Curry;PG;33;6;16;1;5;9;9;0;4;4;11;2;0;3;1;22;
Klay Thompson;SG;32;11;19;3;7;6;8;1;1;2;1;0;0;1;4;31;
David Lee;;16;1;4;0;0;0;0;1;5;6;7;0;0;3;1;2;
Marreese Speights;;13;1;7;0;0;0;0;1;4;5;0;0;0;1;3;2;
Shaun Livingston;;15;2;6;0;0;0;0;0;0;0;2;0;1;1;1;4;
Justin Holiday;;15;3;5;0;1;3;4;0;1;1;0;2;0;0;1;9;
Andre Iguodala;;29;3;4;2;2;0;0;0;3;3;1;1;0;0;2;8;
