01-19;NO-NY;92-99;
16-22;25-31;24-25;27-21;
NO
Ryan Anderson;PF;37;4;17;3;13;0;0;0;1;1;0;0;1;2;0;11;
Dante Cunningham;PF;23;1;3;0;0;0;0;1;3;4;2;0;0;0;4;2;
Omer Asik;C;27;5;8;0;0;1;2;6;11;17;0;0;0;1;1;11;
Eric Gordon;SG;37;7;15;2;6;4;4;0;1;1;5;0;0;2;4;20;
Tyreke Evans;SG;41;9;20;2;4;3;4;3;6;9;3;1;0;3;1;23;
Luke Babbitt;;2;0;0;0;0;0;0;0;0;0;0;0;0;0;0;0;
Jeff Withey;;3;0;2;0;0;1;2;2;0;2;0;0;0;0;1;1;
Alexis Ajinca;;26;3;8;0;0;2;5;6;5;11;1;0;0;1;2;8;
Jimmer Fredette;;10;3;5;0;1;0;0;1;1;2;2;0;0;0;1;6;
Nate Wolters;;8;0;1;0;0;0;0;0;0;0;0;0;0;0;0;0;
Quincy Pondexter;;26;3;5;1;3;3;3;1;2;3;0;0;0;0;3;10;
NY
Lou Amundson;PF;24;2;5;0;0;0;0;1;2;3;1;0;2;0;1;4;
Jason Smith;PF;38;6;9;0;0;0;0;2;1;3;6;0;2;0;1;12;
Carmelo Anthony;SF;36;7;15;3;5;7;11;1;8;9;3;1;2;1;1;24;
Jose Calderon;PG;23;2;10;1;5;0;0;0;1;1;1;0;0;0;2;5;
Langston Galloway;PG;31;8;14;3;6;2;2;2;3;5;3;0;0;2;3;21;
Lance Thomas;;22;1;4;0;0;2;2;1;2;3;1;1;1;0;0;4;
Travis Wear;;4;0;0;0;0;0;0;0;0;0;0;0;0;1;1;0;
Amar'e Stoudemire;;21;6;9;0;1;2;2;2;4;6;1;0;1;0;2;14;
Shane Larkin;;15;2;5;0;0;0;0;0;1;1;4;0;0;0;0;4;
Tim Hardaway Jr.;;27;4;7;3;6;0;0;0;3;3;2;0;0;0;3;11;
