01-26;PHI-NO;74-99;
19-30;24-22;19-33;12-14;
PHI
Luc Richard Mbah a Moute;PF;31;6;13;0;1;2;3;1;2;3;1;0;0;0;3;14;
Robert Covington;SF;30;2;11;0;4;2;2;1;5;6;5;1;0;0;1;6;
Henry Sims;C;19;4;9;0;0;6;8;3;0;3;1;1;0;1;2;14;
Nerlens Noel;C;31;1;9;0;0;0;0;1;5;6;2;0;2;1;2;2;
Larry Drew II;G;32;2;9;0;4;0;0;1;4;5;2;1;0;4;2;4;
Furkan Aldemir;;10;1;1;0;0;0;0;3;1;4;0;1;0;0;3;2;
Jerami Grant;;26;4;8;1;2;1;2;0;2;2;2;0;4;2;2;10;
K.J. McDaniels;;28;5;8;1;1;5;6;1;3;4;1;3;2;2;2;16;
JaKarr Sampson;;18;2;9;0;2;0;0;2;2;4;1;0;1;1;1;4;
Hollis Thompson;;15;1;4;0;1;0;0;0;1;1;0;0;0;1;1;2;
NO
Dante Cunningham;PF;26;4;8;0;0;0;0;1;5;6;1;1;1;0;0;8;
Anthony Davis;PF;31;12;19;0;0;8;8;5;5;10;3;3;4;0;3;32;
Omer Asik;C;20;4;6;0;0;2;5;2;5;7;2;0;0;3;3;10;
Eric Gordon;SG;25;5;9;2;5;1;1;0;1;1;5;1;0;1;1;13;
Tyreke Evans;SG;28;2;6;1;3;1;2;1;1;2;12;0;0;2;3;6;
Ryan Anderson;;24;7;14;4;5;1;2;4;3;7;0;3;0;0;1;19;
John Salmons;;12;0;2;0;2;0;0;0;0;0;0;1;1;1;1;0;
Luke Babbitt;;6;1;2;0;0;0;0;0;0;0;0;0;0;0;0;2;
Jeff Withey;;3;0;2;0;0;0;0;0;1;1;0;0;0;0;1;0;
Alexis Ajinca;;17;2;8;0;0;1;1;3;5;8;1;1;4;0;1;5;
Nate Wolters;;20;0;3;0;0;0;0;1;3;4;3;0;1;1;0;0;
Jimmer Fredette;;6;2;3;0;0;0;0;0;2;2;1;0;0;1;0;4;
Quincy Pondexter;;22;0;4;0;1;0;0;0;4;4;0;0;0;2;3;0;
