02-10;SAC-CHI;86-104;
26-30;23-27;15-27;22-20;
SAC
Jason Thompson;PF;19;3;5;0;0;1;2;2;5;7;0;0;0;0;3;7;
Rudy Gay;SF;40;10;18;1;4;3;5;1;6;7;5;1;0;3;3;24;
DeMarcus Cousins;C;35;5;15;0;0;5;10;1;7;8;8;0;1;2;4;15;
Ramon Sessions;PG;22;1;6;0;3;1;2;0;1;1;2;0;0;2;1;3;
Ben McLemore;SG;36;5;10;1;4;0;0;1;1;2;0;1;1;1;1;11;
Carl Landry;;24;3;4;0;0;0;0;2;5;7;1;0;1;0;1;6;
Omri Casspi;;18;2;5;0;0;2;4;1;2;3;0;1;0;2;0;6;
Ryan Hollins;;3;0;0;0;0;0;0;0;1;1;1;0;0;1;0;0;
Reggie Evans;;15;1;2;0;0;1;2;2;4;6;2;0;0;0;1;3;
Ray McCallum;;26;5;9;0;1;1;2;3;0;3;4;0;0;2;0;11;
Nik Stauskas;;3;0;1;0;0;0;0;0;0;0;0;0;0;0;1;0;
CHI
Pau Gasol;PF;38;11;15;0;0;4;4;2;14;16;3;0;0;1;3;26;
Mike Dunleavy;SF;24;2;5;1;3;0;0;0;1;1;3;0;0;1;2;5;
Joakim Noah;C;17;1;4;0;0;0;0;0;2;2;4;0;0;0;5;2;
Derrick Rose;PG;33;10;17;1;4;2;3;0;1;1;7;2;1;0;0;23;
Jimmy Butler;SG;22;2;8;0;1;1;2;0;2;2;2;0;0;0;0;5;
Nikola Mirotic;;12;1;5;1;5;0;0;0;2;2;0;1;0;1;2;3;
Cameron Bairstow;;1;0;1;0;0;0;0;0;0;0;0;0;0;0;0;0;
Taj Gibson;;34;3;8;0;0;3;3;2;1;3;2;3;2;1;5;9;
Tony Snell;;41;9;11;4;6;2;2;0;2;2;2;1;0;0;3;24;
Doug McDermott;;1;1;2;0;0;1;1;0;1;1;0;0;0;0;0;3;
Nazr Mohammed;;1;0;0;0;0;0;0;1;0;1;0;0;0;0;0;0;
Aaron Brooks;;14;2;4;0;1;0;0;0;2;2;3;1;0;3;1;4;
E'Twaun Moore;;1;0;0;0;0;0;0;0;0;0;0;0;0;0;0;0;
