01-03;MEM-DEN;85-114;
22-32;16-17;22-34;25-31;
MEM
Jon Leuer;PF;20;5;8;0;1;0;0;2;5;7;4;1;0;0;2;10;
Tony Allen;SF;23;3;6;0;0;0;1;1;1;2;1;3;2;1;3;6;
Marc Gasol;C;27;7;15;0;0;4;4;1;4;5;2;0;3;1;0;18;
Mike Conley;PG;25;4;11;0;1;0;0;0;2;2;5;1;0;1;2;8;
Courtney Lee;SG;24;3;5;1;2;0;0;0;3;3;1;1;0;3;2;7;
Jarnell Stokes;;17;2;5;0;0;3;5;2;1;3;0;0;1;0;6;7;
Tayshaun Prince;;19;1;7;0;2;0;0;1;2;3;0;0;0;2;0;2;
Kosta Koufos;;25;3;4;0;0;0;0;1;8;9;1;0;1;0;0;6;
Jordan Adams;;6;5;6;1;1;1;2;0;1;1;0;0;0;1;0;12;
Nick Calathes;;23;2;9;0;1;0;0;0;2;2;5;0;1;1;2;4;
Quincy Pondexter;;16;0;2;0;2;0;0;0;0;0;1;0;0;0;2;0;
Vince Carter;;15;2;8;0;4;1;1;0;0;0;0;0;0;2;1;5;
DEN
Kenneth Faried;PF;28;5;10;0;1;3;4;2;11;13;1;0;0;3;2;13;
Wilson Chandler;SF;35;4;12;2;4;5;5;2;3;5;2;0;0;1;2;15;
Timofey Mozgov;C;25;1;5;0;0;2;2;1;4;5;1;0;0;2;4;4;
Ty Lawson;PG;37;10;14;3;4;2;3;0;5;5;11;2;2;2;2;25;
Arron Afflalo;SG;33;8;12;2;3;5;5;0;1;1;2;1;0;1;0;23;
Darrell Arthur;;15;2;3;0;1;0;0;0;2;2;0;0;1;0;2;4;
J.J. Hickson;;20;4;6;0;0;3;4;2;1;3;1;0;0;3;0;11;
Alonzo Gee;;6;0;0;0;0;2;2;0;3;3;0;0;0;0;0;2;
Jusuf Nurkic;;23;4;9;0;0;3;4;1;9;10;0;2;5;1;0;11;
Nate Robinson;;5;1;2;0;1;0;2;0;0;0;1;0;0;0;0;2;
Erick Green;;6;1;4;0;1;0;0;0;1;1;0;0;0;0;0;2;
Gary Harris;;6;1;2;0;0;0;0;0;0;0;2;1;0;0;2;2;
