11-01;BKN-DET;102-90;
33-25;26-22;22-28;21-15;
BKN
Kevin Garnett;PF;35;7;15;0;0;4;4;1;13;14;0;2;1;3;3;18;
Joe Johnson;SF;39;14;23;3;8;3;3;1;7;8;6;0;0;0;1;34;
Mason Plumlee;C;21;4;6;0;1;2;4;4;1;5;0;1;0;1;3;10;
Deron Williams;PG;41;7;19;1;5;0;0;1;1;2;6;0;1;0;4;15;
Bojan Bogdanovic;SG;25;1;7;0;4;0;0;0;2;2;1;0;0;1;2;2;
Mirza Teletovic;;28;4;7;2;5;2;2;1;6;7;1;0;0;1;3;12;
Andrei Kirilenko;;7;0;1;0;0;0;0;0;1;1;0;0;0;0;0;0;
Jerome Jordan;;12;3;3;0;0;0;0;4;1;5;0;0;1;1;1;6;
Jarrett Jack;;22;1;4;0;2;0;0;0;2;2;3;0;0;1;3;2;
Sergey Karasev;;0;0;0;0;0;0;0;0;0;0;0;0;0;0;0;0;
Alan Anderson;;10;1;2;1;1;0;0;0;2;2;1;0;0;0;3;3;
DET
Josh Smith;SF;44;6;15;0;1;2;8;3;6;9;5;0;1;1;1;14;
Kyle Singler;SF;33;2;7;1;3;0;0;0;3;3;0;0;0;0;3;5;
Andre Drummond;C;22;6;9;0;0;2;4;3;5;8;0;0;2;0;5;14;
Brandon Jennings;PG;36;6;14;0;3;6;7;0;2;2;9;1;0;3;2;18;
Kentavious Caldwell-Pope;SG;41;3;10;0;6;4;4;0;6;6;0;1;0;3;2;10;
Greg Monroe;;30;7;12;0;0;4;5;4;7;11;3;1;0;0;0;18;
Caron Butler;;16;1;4;0;2;3;3;0;1;1;2;0;0;0;1;5;
D.J. Augustin;;19;1;5;0;2;4;4;0;1;1;2;0;0;0;1;6;
