11-11;LAL-MEM;102-107;
21-25;31-31;23-27;27-24;
LAL
Carlos Boozer;PF;29;8;13;0;0;4;5;4;4;8;3;0;0;0;6;20;
Wesley Johnson;SF;39;6;10;3;7;0;0;0;2;2;1;1;0;1;1;15;
Jordan Hill;C;35;6;17;0;1;1;2;8;6;14;3;2;2;1;3;13;
Jeremy Lin;PG;35;4;8;1;2;3;4;0;2;2;3;1;1;3;5;12;
Kobe Bryant;SG;37;10;26;3;10;5;6;1;6;7;6;4;0;3;3;28;
Ed Davis;;27;3;4;0;0;0;0;2;3;5;1;0;3;1;2;6;
Xavier Henry;;6;1;2;0;0;0;0;0;0;0;0;0;0;1;1;2;
Robert Sacre;;5;1;2;0;0;0;0;0;0;0;2;0;0;0;0;2;
Jordan Clarkson;;5;0;0;0;0;0;0;0;0;0;0;0;0;1;0;0;
Ronnie Price;;21;2;5;0;2;0;0;0;0;0;3;0;0;2;1;4;
MEM
Zach Randolph;PF;30;4;10;0;0;3;4;4;6;10;0;0;0;1;3;11;
Tony Allen;SF;29;6;10;0;0;0;2;4;3;7;0;2;1;1;3;12;
Marc Gasol;C;32;3;10;0;0;2;2;3;5;8;9;0;0;2;0;8;
Mike Conley;PG;35;7;16;2;4;7;7;0;1;1;3;3;0;4;2;23;
Courtney Lee;SG;38;5;10;1;3;4;5;1;2;3;2;1;0;1;2;15;
Jon Leuer;;9;1;1;0;0;0;0;0;2;2;1;0;0;0;1;2;
Kosta Koufos;;25;5;5;0;0;4;4;0;3;3;0;0;1;1;3;14;
Beno Udrih;;18;8;11;0;1;0;0;0;1;1;3;1;0;2;1;16;
Vince Carter;;22;2;4;1;2;1;2;0;2;2;3;1;0;1;3;6;
Quincy Pondexter;;2;0;1;0;1;0;0;0;1;1;0;0;0;0;0;0;
