02-11;GS-MIN;94-91;
28-25;28-21;17-21;21-24;
GS
Harrison Barnes;SF;23;3;7;2;3;0;0;2;5;7;1;0;0;2;2;8;
Draymond Green;SF;36;1;6;0;2;1;2;2;11;13;5;2;1;0;2;3;
Andrew Bogut;C;32;5;10;0;0;0;0;3;7;10;3;0;0;4;5;10;
Stephen Curry;PG;36;9;23;2;10;5;5;2;3;5;8;3;0;3;1;25;
Klay Thompson;SG;30;5;14;3;7;1;2;0;2;2;0;0;2;3;0;14;
David Lee;;13;2;2;0;0;0;0;0;2;2;0;1;1;0;0;4;
Marreese Speights;;15;4;10;0;1;0;0;0;5;5;0;0;0;0;3;8;
Shaun Livingston;;13;2;4;0;0;0;0;0;3;3;4;0;1;1;0;4;
Leandro Barbosa;;19;5;10;0;4;0;0;1;0;1;1;1;0;0;1;10;
Andre Iguodala;;24;4;4;0;0;0;0;0;1;1;4;0;1;2;4;8;
MIN
Thaddeus Young;SF;37;7;14;0;2;1;2;1;6;7;0;1;0;1;1;15;
Andrew Wiggins;SF;38;3;7;0;1;0;0;2;2;4;4;2;0;1;3;6;
Nikola Pekovic;C;34;6;13;0;0;5;7;4;9;13;4;0;2;0;0;17;
Ricky Rubio;PG;32;7;16;2;5;2;2;1;8;9;5;3;0;4;4;18;
Kevin Martin;SG;36;9;19;3;5;0;0;1;4;5;1;1;0;2;4;21;
Anthony Bennett;;11;0;3;0;0;4;4;0;3;3;0;0;0;1;1;4;
Shabazz Muhammad;;14;1;4;0;1;4;4;0;4;4;0;0;0;0;0;6;
Chase Budinger;;8;0;1;0;0;1;2;0;1;1;0;0;0;1;0;1;
Gorgui Dieng;;14;0;5;0;0;2;4;1;1;2;2;0;0;1;0;2;
Zach LaVine;;16;0;4;0;0;1;2;1;1;2;2;0;0;1;1;1;
