01-24;PHI-MEM;83-101;
21-27;20-33;20-21;22-20;
PHI
Luc Richard Mbah a Moute;PF;24;3;9;0;3;1;2;0;7;7;0;0;0;2;2;7;
Robert Covington;SF;22;2;6;2;3;2;3;0;1;1;0;1;0;2;1;8;
Nerlens Noel;C;24;3;6;0;0;1;2;2;4;6;0;1;1;0;2;7;
Michael Carter-Williams;PG;26;3;12;2;5;2;2;0;3;3;6;0;0;5;1;10;
K.J. McDaniels;SG;29;2;9;1;3;1;4;2;3;5;1;2;1;4;0;6;
Malcolm Thomas;;5;0;0;0;0;0;0;1;1;2;0;0;0;2;1;0;
Furkan Aldemir;;20;2;4;0;0;0;0;5;6;11;3;3;0;1;2;4;
Jerami Grant;;26;5;10;2;4;4;8;0;2;2;1;0;0;5;3;16;
Henry Sims;;8;1;2;0;0;0;0;1;3;4;1;0;0;0;1;2;
JaKarr Sampson;;17;4;9;1;3;0;0;1;2;3;1;0;0;1;3;9;
Hollis Thompson;;20;2;8;1;2;0;0;3;1;4;1;0;0;0;2;5;
Larry Drew II;;20;4;6;0;1;1;1;0;0;0;4;0;0;1;1;9;
MEM
Zach Randolph;PF;27;8;11;1;1;0;0;2;12;14;4;0;0;3;2;17;
Jeff Green;SF;28;6;11;2;2;4;4;0;1;1;1;0;0;1;0;18;
Marc Gasol;C;25;3;5;0;0;3;5;0;7;7;4;2;4;2;4;9;
Mike Conley;PG;21;3;8;1;2;2;2;1;1;2;1;1;0;2;3;9;
Courtney Lee;SG;23;1;5;1;2;5;6;0;1;1;3;2;0;2;1;8;
Jon Leuer;;17;2;5;0;0;2;2;0;5;5;1;0;0;2;1;6;
Tony Allen;;19;2;5;0;1;0;0;0;0;0;2;0;2;2;2;4;
Kosta Koufos;;23;1;4;0;0;5;6;1;4;5;0;0;0;2;2;7;
Beno Udrih;;27;3;9;0;1;0;0;2;2;4;5;2;0;1;1;6;
Nick Calathes;;7;2;2;0;0;0;0;0;2;2;0;1;0;0;1;4;
Vince Carter;;24;6;14;1;5;0;0;3;3;6;3;2;1;1;3;13;
