03-10;NO-BKN;111-91;
23-27;32-19;23-15;33-30;
NO
Anthony Davis;PF;28;5;16;0;0;5;6;1;5;6;5;0;3;0;2;15;
Omer Asik;C;27;6;8;0;0;0;0;3;12;15;1;1;0;0;0;12;
Norris Cole;PG;29;6;11;4;6;0;0;0;5;5;4;3;0;2;3;16;
Eric Gordon;SG;31;6;14;3;6;1;2;1;1;2;7;0;0;2;1;16;
Quincy Pondexter;SG;30;6;9;5;6;0;0;1;0;1;4;0;1;1;2;17;
Dante Cunningham;;26;3;3;0;0;0;0;0;2;2;0;1;0;0;2;6;
Luke Babbitt;;13;1;1;0;0;0;0;0;1;1;1;1;0;0;1;2;
Jeff Withey;;2;1;1;0;0;0;0;0;0;0;0;0;0;0;0;2;
Alexis Ajinca;;23;7;14;0;0;3;3;1;4;5;4;3;0;3;4;17;
Jimmer Fredette;;15;2;4;0;1;0;0;1;2;3;3;1;0;2;2;4;
Elliot Williams;;16;2;6;0;2;0;0;0;1;1;2;0;0;0;2;4;
BKN
Thaddeus Young;SF;27;4;14;1;2;1;2;1;5;6;2;0;0;1;2;10;
Joe Johnson;SF;28;4;11;2;4;0;0;0;5;5;3;1;0;3;0;10;
Brook Lopez;C;25;7;14;0;0;1;4;6;3;9;0;1;3;1;2;15;
Deron Williams;PG;26;3;10;0;2;4;4;0;1;1;4;2;1;0;1;10;
Markel Brown;SG;25;3;3;0;0;1;2;0;5;5;0;1;0;0;1;7;
Cory Jefferson;;21;4;8;0;0;0;0;2;5;7;1;0;1;2;0;8;
Jerome Jordan;;6;0;0;0;0;0;0;1;2;3;0;0;0;0;1;0;
Mason Plumlee;;17;0;4;0;0;1;2;1;1;2;2;0;0;1;3;1;
Jarrett Jack;;28;5;9;1;3;4;5;0;1;1;3;0;0;1;0;15;
Darius Morris;;4;0;1;0;1;0;0;0;0;0;1;0;0;0;0;0;
Sergey Karasev;;6;0;1;0;0;0;0;1;1;2;1;0;0;1;0;0;
Bojan Bogdanovic;;17;5;7;2;3;0;0;0;0;0;1;0;0;1;2;12;
Alan Anderson;;10;0;2;0;1;3;4;0;0;0;1;0;0;1;0;3;
