03-05;OKC-CHI;105-108;
30-18;20-30;29-24;26-36;
OKC
Serge Ibaka;PF;46;12;19;0;1;1;2;2;7;9;3;1;3;2;3;25;
Kyle Singler;SF;15;1;3;1;2;0;0;0;2;2;0;1;0;0;0;3;
Enes Kanter;C;30;2;6;0;0;2;2;3;3;6;0;1;1;0;4;6;
Russell Westbrook;PG;38;14;32;3;5;12;15;2;6;8;7;2;0;5;3;43;
Andre Roberson;SG;23;1;2;0;1;0;0;0;4;4;1;2;0;0;1;2;
Mitch McGary;;2;0;0;0;0;0;0;0;1;1;0;0;0;0;2;0;
Nick Collison;;17;1;1;0;0;0;0;1;4;5;3;0;0;1;3;2;
Perry Jones;;0;0;0;0;0;0;0;0;0;0;0;0;0;0;0;0;
D.J. Augustin;;19;4;7;2;4;0;0;0;1;1;3;1;0;0;1;10;
Dion Waiters;;26;3;10;0;2;0;0;0;1;1;3;0;0;1;0;6;
Anthony Morrow;;23;3;8;2;5;0;0;0;4;4;0;0;0;0;1;8;
CHI
Pau Gasol;PF;32;9;19;0;0;3;4;5;7;12;2;0;0;1;1;21;
Mike Dunleavy;SF;38;8;17;3;6;2;2;0;4;4;2;0;0;2;3;21;
Tony Snell;SF;29;2;7;0;2;0;0;1;2;3;1;1;0;1;2;4;
Joakim Noah;C;31;2;4;0;0;0;2;3;9;12;9;1;0;0;2;4;
Aaron Brooks;PG;24;2;8;0;2;2;2;0;3;3;7;0;0;3;1;6;
Nikola Mirotic;;34;5;15;2;9;14;16;0;8;8;1;0;2;1;2;26;
Doug McDermott;;8;0;3;0;2;0;0;0;0;0;0;0;0;0;1;0;
Kirk Hinrich;;23;3;4;1;2;0;0;1;1;2;4;0;0;2;1;7;
E'Twaun Moore;;22;9;10;1;2;0;0;2;2;4;0;2;1;0;2;19;
