12-06;PHI-DET;108-101;
30-28;24-23;23-31;23-18;8-1;
PHI
Luc Richard Mbah a Moute;PF;38;3;12;0;3;8;12;3;8;11;4;3;0;1;1;14;
Henry Sims;C;28;4;10;1;3;0;0;0;4;4;1;1;1;2;3;9;
Nerlens Noel;C;37;3;7;0;0;3;4;2;6;8;2;1;1;3;3;9;
Michael Carter-Williams;PG;45;8;12;0;0;4;5;1;7;8;15;3;2;7;3;20;
Hollis Thompson;SG;26;5;9;3;6;0;2;0;2;2;1;0;0;1;2;13;
Brandon Davies;;13;3;7;0;1;0;0;2;4;6;0;2;0;0;3;6;
Jerami Grant;;9;1;4;0;1;2;2;1;0;1;1;0;0;1;2;4;
Robert Covington;;29;9;14;3;5;4;4;1;5;6;1;0;0;1;2;25;
JaKarr Sampson;;9;1;2;0;1;0;1;0;1;1;0;0;0;0;5;2;
K.J. McDaniels;;33;3;10;0;3;0;0;2;4;6;2;2;4;2;3;6;
DET
Josh Smith;SF;48;9;18;1;2;4;6;2;6;8;7;1;3;5;4;23;
Kyle Singler;SF;40;8;14;3;5;2;2;3;3;6;2;2;0;0;2;21;
Andre Drummond;C;21;3;6;0;0;1;2;3;5;8;0;1;2;0;4;7;
Brandon Jennings;PG;35;2;10;0;2;4;4;1;4;5;6;1;0;5;3;8;
Kentavious Caldwell-Pope;SG;30;2;10;0;3;5;7;1;5;6;0;2;0;2;1;9;
Jonas Jerebko;;2;0;1;0;1;0;0;0;0;0;0;0;0;0;0;0;
Greg Monroe;;33;4;12;0;0;7;9;2;7;9;2;2;0;4;3;15;
Cartier Martin;;23;4;7;1;4;0;0;0;2;2;2;0;0;2;2;9;
Caron Butler;;13;1;2;1;2;0;0;0;2;2;0;1;1;1;3;3;
Joel Anthony;;2;0;0;0;0;0;0;0;0;0;0;0;0;0;0;0;
D.J. Augustin;;18;1;7;0;4;4;5;0;1;1;3;1;0;0;2;6;
