03-13;CHI-CHA;91-101;
35-19;25-33;10-25;21-24;
CHI
Pau Gasol;PF;36;7;15;1;1;3;4;1;7;8;3;0;2;4;2;18;
Mike Dunleavy;SF;26;1;4;1;2;0;0;0;1;1;1;1;1;0;3;3;
Tony Snell;SF;36;5;12;5;9;2;2;0;4;4;1;1;0;1;1;17;
Joakim Noah;C;24;0;3;0;0;1;2;1;5;6;6;0;0;2;5;1;
Aaron Brooks;PG;34;9;17;3;7;3;5;0;2;2;4;0;0;1;3;24;
Nikola Mirotic;;35;5;15;2;8;3;4;2;7;9;3;1;2;1;3;15;
Doug McDermott;;22;4;6;3;4;2;2;0;5;5;0;0;0;1;3;13;
Nazr Mohammed;;1;0;0;0;0;0;0;0;0;0;0;0;0;0;0;0;
Kirk Hinrich;;14;0;5;0;0;0;0;0;0;0;0;0;1;0;4;0;
E'Twaun Moore;;12;0;5;0;1;0;0;0;1;1;0;1;0;0;1;0;
CHA
Marvin Williams;PF;39;4;10;4;8;0;0;2;5;7;0;1;0;0;4;12;
Michael Kidd-Gilchrist;SF;37;5;17;0;0;3;3;3;4;7;0;3;2;0;0;13;
Bismack Biyombo;C;22;2;4;0;0;6;6;6;4;10;1;0;1;1;5;10;
Mo Williams;PG;32;6;15;2;6;4;4;0;5;5;2;0;0;6;1;18;
Gerald Henderson;SG;34;5;13;1;2;9;9;1;6;7;3;0;0;1;0;20;
Noah Vonleh;;1;0;0;0;0;0;0;0;0;0;0;0;0;0;0;0;
Jason Maxiell;;25;4;6;0;0;2;4;4;3;7;0;0;3;0;5;10;
Kemba Walker;;28;4;14;0;3;2;2;0;8;8;7;0;1;1;0;10;
Lance Stephenson;;22;3;10;0;0;2;5;1;3;4;2;0;0;3;2;8;
