04-02;HOU-DAL;108-101;
28-25;19-30;30-28;31-18;
HOU
Terrence Jones;PF;22;3;6;0;0;1;2;1;4;5;2;1;0;3;4;7;
Trevor Ariza;SF;38;6;12;3;7;4;4;2;4;6;6;2;0;0;2;19;
Dwight Howard;C;18;3;7;0;0;2;2;2;5;7;0;0;0;1;2;8;
Jason Terry;SG;29;4;9;2;7;0;0;0;4;4;2;1;0;1;3;10;
James Harden;SG;39;6;15;2;8;10;12;0;4;4;6;1;0;5;2;24;
Josh Smith;;32;4;11;2;5;5;5;5;7;12;3;2;2;2;3;15;
Clint Capela;;0;0;0;0;0;0;2;1;0;1;0;0;0;0;1;0;
Joey Dorsey;;11;2;4;0;0;1;6;2;5;7;0;1;0;1;2;5;
Pablo Prigioni;;19;2;3;2;3;0;0;0;1;1;2;1;0;2;3;6;
Nick Johnson;;8;0;2;0;0;0;0;3;2;5;2;0;0;1;0;0;
Corey Brewer;;24;4;8;0;1;6;7;1;2;3;1;0;0;2;2;14;
DAL
Dirk Nowitzki;PF;32;7;11;2;3;5;6;1;6;7;0;1;0;1;3;21;
Chandler Parsons;SF;26;3;9;3;7;2;2;1;2;3;4;0;0;2;1;11;
Tyson Chandler;C;30;3;5;0;0;2;4;0;8;8;1;1;1;0;1;8;
Rajon Rondo;PG;23;4;6;0;0;0;0;1;3;4;6;0;0;3;2;8;
Monta Ellis;SG;38;7;21;0;7;5;9;0;4;4;2;0;0;4;4;19;
Charlie Villanueva;;3;1;2;1;2;0;0;0;1;1;0;0;0;0;2;3;
Al-Farouq Aminu;;26;2;7;1;2;2;3;4;4;8;2;0;4;0;3;7;
Richard Jefferson;;9;1;3;1;1;2;2;0;0;0;2;1;0;0;3;5;
Amar'e Stoudemire;;14;5;7;0;0;1;1;2;3;5;0;2;0;1;3;11;
J.J. Barea;;17;2;8;0;2;0;0;0;1;1;5;0;0;0;1;4;
Devin Harris;;22;2;5;0;2;0;0;0;0;0;1;1;0;2;6;4;
