03-07;WSH-MIL;85-91;
19-30;20-21;24-14;22-26;
WSH
Nene Hilario;PF;29;3;7;0;0;3;6;3;1;4;2;1;1;1;1;9;
Paul Pierce;SF;24;4;15;3;9;3;4;4;4;8;3;1;0;4;5;14;
Otto Porter Jr.;SF;12;1;3;0;1;0;0;0;1;1;2;1;0;1;1;2;
Marcin Gortat;C;35;5;7;0;0;0;0;1;8;9;1;1;1;3;2;10;
John Wall;PG;36;3;14;2;6;3;5;2;7;9;6;2;0;3;1;11;
Drew Gooden;;22;2;8;1;2;0;0;4;6;10;1;0;0;0;2;5;
Martell Webster;;2;0;0;0;0;0;0;0;0;0;0;0;0;0;0;0;
Rasual Butler;;36;3;11;1;7;2;2;0;3;3;1;0;1;4;3;9;
Kevin Seraphin;;8;2;3;0;0;0;0;0;1;1;1;1;0;1;1;4;
Ramon Sessions;;16;4;7;1;1;1;1;0;2;2;1;0;0;0;0;10;
Garrett Temple;;21;4;6;1;2;2;4;0;2;2;1;2;0;0;3;11;
MIL
Ersan Ilyasova;PF;24;4;7;2;3;0;0;0;5;5;2;0;0;1;5;10;
Giannis Antetokounmpo;SF;37;2;10;0;0;1;4;0;4;4;0;2;1;2;5;5;
Zaza Pachulia;C;25;2;6;0;0;0;0;3;5;8;5;0;0;1;3;4;
Michael Carter-Williams;PG;27;6;11;0;1;0;0;1;2;3;9;1;0;4;1;12;
Khris Middleton;SG;37;11;20;6;9;2;3;1;8;9;1;2;0;2;2;30;
Chris Johnson;;21;3;5;1;3;0;0;0;0;0;1;1;1;0;0;7;
Jared Dudley;;25;2;9;0;3;0;0;2;2;4;3;0;0;1;0;4;
John Henson;;23;2;2;0;0;2;4;3;4;7;0;0;4;2;1;6;
Jerryd Bayless;;21;4;8;1;1;4;4;0;4;4;4;1;0;3;1;13;
