11-02;CHA-NY;93-96;
21-29;29-23;30-27;13-17;
CHA
Marvin Williams;PF;27;2;5;1;4;0;0;1;4;5;0;1;0;2;0;5;
Michael Kidd-Gilchrist;SF;10;3;4;0;0;0;2;0;3;3;0;1;1;0;0;6;
Al Jefferson;C;33;9;17;0;0;3;8;1;3;4;1;0;0;3;1;21;
Kemba Walker;PG;30;5;9;2;4;4;4;0;3;3;1;0;0;1;2;16;
Lance Stephenson;SG;38;4;9;0;1;6;7;2;7;9;8;3;0;4;3;14;
Cody Zeller;;21;3;6;0;0;0;0;1;4;5;3;0;1;1;1;6;
Jason Maxiell;;15;1;1;0;0;0;0;1;1;2;0;0;0;0;4;2;
Brian Roberts;;18;1;4;0;1;0;0;0;2;2;4;2;0;1;1;2;
Gary Neal;;31;5;10;3;3;4;4;1;2;3;3;0;0;0;2;17;
Gerald Henderson;;18;0;5;0;2;4;4;1;1;2;0;0;0;0;2;4;
NY
Carmelo Anthony;SF;35;12;22;2;3;2;3;0;2;2;2;1;0;2;3;28;
Quincy Acy;SF;20;1;4;0;1;0;0;0;3;3;2;0;0;0;2;2;
Samuel Dalembert;C;22;0;2;0;0;0;0;3;5;8;1;0;0;3;4;0;
Shane Larkin;PG;27;3;7;1;2;2;2;0;2;2;5;2;0;1;1;9;
Iman Shumpert;SG;26;5;11;2;3;3;4;0;0;0;4;1;0;0;4;15;
Jason Smith;;19;3;5;0;0;0;0;1;1;2;2;0;0;2;2;6;
Amar'e Stoudemire;;23;7;13;0;0;3;5;3;7;10;0;0;0;0;2;17;
Cole Aldrich;;7;0;0;0;0;0;0;1;1;2;0;0;0;0;2;0;
Pablo Prigioni;;24;1;2;1;2;0;0;0;2;2;5;1;0;0;2;3;
Tim Hardaway Jr.;;10;4;5;1;2;0;0;0;1;1;0;0;0;0;0;9;
J.R. Smith;;27;3;7;1;3;0;3;0;3;3;2;0;0;4;4;7;
