03-04;NY-IND;82-105;
19-30;22-35;23-23;18-17;
NY
Lou Amundson;PF;29;4;6;0;0;0;2;3;7;10;1;0;1;5;4;8;
Cleanthony Early;SF;24;1;5;0;1;2;4;0;5;5;2;1;1;0;2;4;
Andrea Bargnani;C;38;10;17;2;3;3;3;2;2;4;4;1;2;4;2;25;
Langston Galloway;PG;31;5;12;1;3;0;0;0;6;6;0;0;0;1;0;11;
Tim Hardaway Jr.;SG;33;5;17;1;4;2;3;1;3;4;2;1;0;1;3;13;
Jason Smith;;15;1;3;0;0;2;3;2;3;5;1;1;0;2;4;4;
Lance Thomas;;14;1;4;0;0;1;2;0;0;0;0;0;0;3;1;3;
Cole Aldrich;;14;1;2;0;0;4;4;2;5;7;1;2;0;2;1;6;
Shane Larkin;;26;0;3;0;2;0;0;0;2;2;4;0;0;1;3;0;
Alexey Shved;;16;2;7;2;3;2;2;1;1;2;1;0;0;0;0;8;
IND
David West;PF;26;6;9;0;0;1;2;1;4;5;0;1;2;2;1;13;
Solomon Hill;SF;32;1;3;0;1;0;0;0;7;7;5;1;1;2;2;2;
Ian Mahinmi;C;24;3;7;0;0;0;1;4;4;8;1;1;0;1;4;6;
George Hill;PG;27;8;13;3;5;2;2;0;3;3;6;1;0;1;1;21;
C.J. Miles;SG;21;4;9;3;6;5;5;0;1;1;0;2;1;0;1;16;
Shayne Whittington;;6;0;2;0;0;5;6;0;1;1;0;0;0;1;3;5;
Luis Scola;;16;4;9;0;0;1;2;1;4;5;2;2;0;1;5;9;
Lavoy Allen;;24;1;6;0;0;3;4;1;2;3;1;0;3;0;2;5;
Chris Copeland;;6;1;3;0;2;0;0;0;1;1;0;0;1;0;0;2;
Damjan Rudez;;18;2;4;2;3;0;0;0;2;2;0;0;0;0;1;6;
Donald Sloan;;21;1;3;1;3;0;0;0;0;0;4;0;0;1;0;3;
Rodney Stuckey;;19;7;12;1;2;2;2;1;3;4;2;0;0;2;1;17;
