03-06;CLE-ATL;97-106;
19-36;24-17;36-28;18-25;
CLE
Kevin Love;PF;35;4;11;4;10;2;4;2;6;8;1;1;1;1;2;14;
LeBron James;SF;40;5;13;1;4;7;8;1;5;6;8;2;1;9;3;18;
Timofey Mozgov;C;21;1;1;0;0;4;4;0;3;3;0;0;2;1;2;6;
Kyrie Irving;PG;42;7;16;0;5;6;7;0;1;1;4;2;0;5;0;20;
J.R. Smith;SG;30;4;11;3;7;1;2;2;3;5;3;0;1;0;3;12;
James Jones;;13;2;6;2;5;0;0;0;2;2;0;0;1;0;1;6;
Tristan Thompson;;21;1;1;0;0;4;6;2;4;6;0;0;0;0;1;6;
Iman Shumpert;;22;4;6;2;4;0;0;1;2;3;1;2;0;1;1;10;
Matthew Dellavedova;;15;1;4;1;3;2;2;2;1;3;1;0;0;0;1;5;
Joe Harris;;1;0;0;0;0;0;0;0;0;0;0;0;0;0;0;0;
ATL
Paul Millsap;PF;32;7;15;0;2;2;5;3;5;8;3;3;0;1;3;16;
DeMarre Carroll;SF;32;5;8;1;4;0;0;2;5;7;1;2;0;1;3;11;
Al Horford;C;34;7;12;1;1;4;4;2;7;9;6;2;1;2;1;19;
Jeff Teague;PG;31;7;15;0;2;2;2;0;0;0;3;1;1;2;4;16;
Kyle Korver;SG;33;2;8;2;7;2;2;1;4;5;4;0;0;3;1;8;
Mike Scott;;17;7;9;0;1;0;0;1;3;4;1;0;1;0;2;14;
Pero Antic;;7;0;1;0;1;0;0;0;0;0;0;0;0;0;0;0;
Elton Brand;;6;1;1;0;0;0;0;0;0;0;0;0;1;0;0;2;
Shelvin Mack;;5;0;0;0;0;0;0;0;0;0;0;0;0;1;1;0;
Dennis Schroder;;24;5;12;1;1;4;4;1;1;2;8;0;0;1;4;15;
Kent Bazemore;;20;2;3;1;2;0;0;1;2;3;1;2;0;1;3;5;
