02-27;GS-TOR;113-89;
27-11;27-20;44-26;15-32;
GS
Harrison Barnes;SF;30;2;5;1;3;1;2;2;5;7;3;1;0;0;1;6;
Draymond Green;SF;28;6;9;3;5;2;2;1;8;9;2;2;3;0;3;17;
Andrew Bogut;C;19;2;3;0;0;1;2;0;8;8;3;2;0;3;3;5;
Stephen Curry;PG;25;8;13;3;4;3;3;3;3;6;5;2;0;2;0;22;
Klay Thompson;SG;28;9;18;5;8;2;2;0;1;1;5;1;1;0;2;25;
David Lee;;20;4;7;0;0;0;0;1;1;2;1;1;0;1;2;8;
Festus Ezeli;;8;0;2;0;0;0;0;0;1;1;0;0;1;0;0;0;
Marreese Speights;;21;3;8;0;0;2;2;2;3;5;1;0;0;3;3;8;
Shaun Livingston;;21;5;6;0;0;1;2;0;2;2;8;1;0;1;2;11;
Justin Holiday;;13;0;7;0;4;0;0;0;3;3;1;1;0;1;2;0;
Leandro Barbosa;;20;3;7;1;3;4;4;0;1;1;1;0;0;0;2;11;
Brandon Rush;;7;0;2;0;1;0;0;0;2;2;1;0;0;1;2;0;
TOR
James Johnson;PF;21;2;3;0;1;0;0;0;1;1;1;1;2;1;2;4;
Patrick Patterson;PF;22;2;5;0;2;0;0;2;0;2;0;0;0;1;1;4;
Jonas Valanciunas;C;27;2;4;0;0;3;6;4;8;12;0;1;0;3;0;7;
Kyle Lowry;PG;19;1;7;0;4;2;2;0;2;2;0;0;0;2;1;4;
DeMar DeRozan;SG;26;4;16;0;1;6;6;1;2;3;0;0;0;3;2;14;
Tyler Hansbrough;;9;1;2;0;0;4;4;1;4;5;1;0;0;0;1;6;
Amir Johnson;;22;4;7;0;0;0;0;0;4;4;3;0;0;1;2;8;
Terrence Ross;;24;7;14;3;8;1;2;0;2;2;1;1;0;1;1;18;
Greg Stiemsma;;7;1;1;0;0;0;0;0;1;1;0;1;0;2;0;2;
Chuck Hayes;;7;2;3;0;0;0;0;0;2;2;1;0;0;0;0;4;
Greivis Vasquez;;25;1;6;0;2;0;0;0;4;4;4;1;0;2;3;2;
Landry Fields;;5;2;2;0;0;0;0;0;0;0;1;0;0;0;0;4;
Louis Williams;;26;2;7;1;4;7;8;0;4;4;3;1;1;3;4;12;
