04-11;UTAH-POR;111-105;
32-19;24-27;21-34;34-25;
UTAH
Trevor Booker;PF;36;12;15;4;4;8;14;4;5;9;1;2;1;0;1;36;
Joe Ingles;SF;18;0;4;0;1;0;0;0;1;1;1;0;0;4;3;0;
Rudy Gobert;C;35;2;7;0;0;2;4;3;8;11;1;2;2;3;2;6;
Rodney Hood;SG;31;7;13;0;1;7;8;0;2;2;8;1;0;1;2;21;
Dante Exum;SG;23;1;4;1;3;0;0;0;1;1;3;1;0;6;3;3;
Jeremy Evans;;15;3;5;0;0;6;6;3;2;5;1;1;0;0;2;12;
Chris Johnson;;25;5;9;1;3;0;0;2;4;6;1;0;0;0;0;11;
Jack Cooley;;8;0;2;0;0;0;0;2;1;3;1;0;1;0;1;0;
Bryce Cotton;;25;3;12;0;3;5;5;1;2;3;3;1;0;2;1;11;
Elijah Millsap;;23;3;8;0;2;5;5;0;7;7;0;1;0;0;2;11;
POR
Nicolas Batum;SF;38;1;10;0;6;0;0;1;5;6;8;3;1;1;2;2;
Robin Lopez;C;32;8;14;0;0;5;7;5;1;6;1;0;1;1;2;21;
Meyers Leonard;C;25;5;11;0;4;2;2;1;3;4;0;1;1;1;4;12;
Damian Lillard;PG;37;12;22;3;8;1;1;1;4;5;5;2;0;3;1;28;
C.J. McCollum;SG;40;9;17;2;5;6;6;1;7;8;3;3;0;3;4;26;
Allen Crabbe;;29;5;9;1;4;0;0;0;4;4;0;1;0;1;3;11;
Chris Kaman;;4;0;0;0;0;0;0;0;0;0;0;0;0;1;1;0;
Joel Freeland;;14;1;1;0;0;2;2;0;5;5;0;0;1;0;4;4;
Steve Blake;;20;0;3;0;3;1;4;0;1;1;5;1;0;1;4;1;
