02-11;MEM-OKC;89-105;
26-35;22-31;21-19;20-20;
MEM
Zach Randolph;PF;30;5;15;0;0;6;6;6;5;11;4;1;0;3;3;16;
Jeff Green;SF;28;4;13;1;2;2;2;0;2;2;2;0;0;1;2;11;
Marc Gasol;C;26;2;10;0;1;4;4;1;4;5;0;0;1;0;2;8;
Mike Conley;PG;18;2;7;0;3;4;4;0;1;1;0;1;0;0;2;8;
Courtney Lee;SG;18;0;5;0;3;0;0;0;0;0;0;0;0;0;2;0;
Jon Leuer;;14;2;3;0;0;1;2;0;3;3;0;1;0;0;0;5;
JaMychal Green;;4;0;2;0;1;0;0;1;2;3;0;0;0;2;1;0;
Tony Allen;;27;4;6;0;0;1;3;0;6;6;2;1;0;2;4;9;
Kosta Koufos;;24;3;4;0;0;0;2;2;4;6;0;1;1;1;1;6;
Beno Udrih;;19;4;11;1;1;2;3;0;1;1;0;0;0;1;1;11;
Russ Smith;;4;1;2;0;0;3;4;0;0;0;1;1;0;0;0;5;
Nick Calathes;;24;5;8;0;1;0;0;1;2;3;4;0;0;2;2;10;
Jordan Adams;;5;0;0;0;0;0;0;0;1;1;0;1;0;1;1;0;
OKC
Serge Ibaka;PF;22;3;7;0;1;1;2;2;5;7;1;0;3;2;4;7;
Kevin Durant;SF;34;9;15;4;6;4;4;0;10;10;3;1;3;0;0;26;
Kendrick Perkins;C;23;1;1;0;0;0;0;1;3;4;1;0;1;0;2;2;
Russell Westbrook;PG;32;4;15;1;3;15;15;1;8;9;9;1;0;4;1;24;
Andre Roberson;SG;17;1;3;0;1;0;0;1;1;2;2;1;0;0;2;2;
Mitch McGary;;15;0;3;0;0;0;0;1;1;2;0;0;0;0;6;0;
Nick Collison;;28;6;12;1;3;2;2;5;4;9;2;0;2;0;2;15;
Perry Jones;;7;1;2;0;0;0;0;0;0;0;0;1;0;1;0;2;
Ish Smith;;3;0;1;0;0;0;0;0;1;1;0;0;0;2;0;0;
Reggie Jackson;;17;4;6;0;0;0;0;0;3;3;3;1;0;2;1;8;
Anthony Morrow;;19;2;8;0;4;2;2;0;1;1;1;2;0;0;1;6;
Jeremy Lamb;;2;1;1;0;0;0;0;0;0;0;1;0;0;1;0;2;
Dion Waiters;;20;5;9;1;2;0;0;0;1;1;1;0;0;1;4;11;
