02-25;MIA-ORL;93-90;
17-17;19-23;25-21;24-24;8-5;
MIA
Udonis Haslem;PF;12;2;4;0;0;0;0;1;1;2;0;0;1;0;2;4;
Luol Deng;SF;40;8;14;1;2;4;6;1;6;7;2;1;0;0;2;21;
Hassan Whiteside;C;37;5;8;0;0;5;8;4;9;13;0;0;3;0;5;15;
Dwyane Wade;SG;37;6;19;1;4;5;6;0;2;2;6;3;0;4;2;18;
Goran Dragic;SG;41;3;10;0;3;2;2;1;3;4;5;1;0;2;4;8;
Chris Andersen;;15;1;3;0;1;2;4;0;5;5;1;1;1;3;0;4;
Henry Walker;;33;3;13;2;11;2;2;0;6;6;2;2;0;0;3;10;
James Ennis;;4;0;0;0;0;0;0;0;1;1;0;0;0;0;0;0;
Shabazz Napier;;12;2;3;1;2;0;0;1;0;1;0;0;0;2;3;5;
Mario Chalmers;;33;2;10;1;8;3;4;0;1;1;1;0;0;1;3;8;
ORL
Channing Frye;PF;14;1;3;1;3;2;2;1;1;2;0;0;0;1;4;5;
Tobias Harris;SF;39;4;11;2;6;2;2;2;6;8;0;1;1;2;3;12;
Nikola Vucevic;C;41;10;21;0;0;6;9;2;6;8;0;1;0;4;4;26;
Elfrid Payton;PG;39;1;8;0;0;1;4;1;4;5;9;1;0;3;2;3;
Victor Oladipo;SG;42;4;13;0;3;5;6;2;11;13;4;0;0;4;3;13;
Aaron Gordon;;9;3;3;0;0;0;2;0;1;1;1;1;0;1;2;6;
Dewayne Dedmon;;17;1;2;0;0;1;4;2;4;6;0;0;0;1;1;3;
Luke Ridnour;;9;0;1;0;1;0;0;0;0;0;0;0;0;0;1;0;
Willie Green;;29;5;10;2;6;0;0;1;5;6;1;0;0;0;5;12;
Evan Fournier;;26;4;6;1;3;1;2;1;0;1;2;0;0;2;3;10;
