04-07;GS-NO;100-103;
27-19;28-24;23-36;22-24;
GS
Harrison Barnes;SF;23;3;7;0;0;1;2;0;1;1;1;1;1;0;2;7;
Draymond Green;SF;35;10;18;3;7;1;2;3;11;14;4;1;1;1;4;24;
Andrew Bogut;C;28;4;8;0;0;0;0;2;6;8;3;1;9;3;5;8;
Stephen Curry;PG;35;9;18;5;8;2;2;1;5;6;9;1;0;2;3;25;
Klay Thompson;SG;30;2;10;1;5;2;2;0;3;3;1;1;1;4;2;7;
David Lee;;11;2;4;0;0;0;0;2;0;2;0;0;0;0;1;4;
Marreese Speights;;14;4;7;0;0;0;0;2;3;5;0;0;0;0;2;8;
Shaun Livingston;;19;3;8;0;0;0;0;0;3;3;3;0;0;1;0;6;
Leandro Barbosa;;18;2;5;0;0;0;0;0;1;1;3;1;0;0;0;4;
Andre Iguodala;;28;3;10;0;2;1;2;1;6;7;1;0;0;0;2;7;
NO
Anthony Davis;PF;40;10;21;0;2;9;12;1;9;10;2;2;4;0;1;29;
Omer Asik;C;18;2;5;0;0;2;3;2;8;10;2;0;1;2;3;6;
Eric Gordon;SG;34;4;12;2;3;1;1;1;2;3;2;1;0;1;2;11;
Tyreke Evans;SG;28;4;8;0;0;4;5;1;5;6;9;4;0;3;3;12;
Quincy Pondexter;SG;34;6;7;4;4;4;5;0;0;0;1;0;0;4;2;20;
Ryan Anderson;;31;5;15;2;7;0;0;3;6;9;2;0;1;1;1;12;
Dante Cunningham;;18;2;3;0;0;1;2;0;5;5;0;0;0;0;1;5;
Alexis Ajinca;;6;2;3;0;0;0;0;0;0;0;0;0;1;0;0;4;
Norris Cole;;21;1;7;1;2;1;2;0;0;0;7;0;0;1;0;4;
Toney Douglas;;11;0;2;0;1;0;0;0;2;2;0;1;1;0;0;0;
