02-27;ORL-ATL;88-95;
16-28;29-14;22-34;21-19;
ORL
Channing Frye;PF;24;3;10;3;8;1;1;1;2;3;3;1;2;4;6;10;
Tobias Harris;SF;37;5;9;2;4;3;4;0;4;4;1;2;1;2;0;15;
Nikola Vucevic;C;37;10;16;0;0;1;2;5;10;15;3;1;1;4;4;21;
Elfrid Payton;PG;25;2;8;0;0;0;0;1;0;1;5;2;0;2;0;4;
Victor Oladipo;SG;35;8;18;2;5;1;2;0;3;3;6;0;0;2;1;19;
Andrew Nicholson;;10;1;3;0;2;0;0;0;4;4;0;0;0;0;2;2;
Kyle O'Quinn;;5;0;0;0;0;0;0;0;1;1;0;0;0;0;0;0;
Maurice Harkless;;14;1;5;0;2;0;0;2;1;3;0;1;1;0;0;2;
Dewayne Dedmon;;11;2;2;0;0;0;2;1;2;3;0;0;1;1;1;4;
Luke Ridnour;;13;1;3;0;2;0;0;0;1;1;2;3;1;0;2;2;
Willie Green;;28;3;6;2;3;1;2;0;2;2;2;0;0;2;1;9;
ATL
Paul Millsap;PF;35;8;17;4;7;0;2;1;3;4;3;1;1;2;4;20;
DeMarre Carroll;SF;31;6;12;3;6;0;0;2;6;8;2;3;0;2;0;15;
Al Horford;C;31;7;9;0;0;3;4;5;8;13;4;2;0;1;1;17;
Jeff Teague;PG;33;6;15;1;4;4;4;0;0;0;7;2;0;3;1;17;
Kyle Korver;SG;34;2;5;2;5;2;2;0;3;3;2;1;2;1;1;8;
Mike Scott;;17;1;5;0;2;0;0;1;5;6;1;0;0;2;0;2;
Pero Antic;;14;1;3;1;1;0;0;2;3;5;2;0;0;0;1;3;
Shelvin Mack;;7;1;2;1;2;0;0;0;0;0;1;0;0;0;0;3;
Dennis Schroder;;14;1;8;1;2;0;0;0;2;2;3;0;0;4;2;3;
Kent Bazemore;;24;3;5;1;2;0;0;0;1;1;2;2;2;3;2;7;
