01-07;OKC-SAC;83-104;
16-28;27-25;14-25;26-26;
OKC
Serge Ibaka;PF;33;5;10;1;2;0;0;3;7;10;1;0;8;1;4;11;
Kevin Durant;SF;33;8;20;3;7;5;7;1;8;9;0;1;1;4;3;24;
Steven Adams;C;15;1;2;0;0;1;2;4;1;5;1;0;1;1;3;3;
Russell Westbrook;PG;27;3;19;0;5;4;5;3;4;7;4;1;0;7;4;10;
Andre Roberson;SG;8;0;0;0;0;1;2;0;1;1;0;0;0;1;0;1;
Nick Collison;;17;0;2;0;0;2;2;1;2;3;3;0;0;5;5;2;
Perry Jones;;16;1;3;1;2;0;0;0;2;2;0;2;0;0;1;3;
Kendrick Perkins;;13;0;0;0;0;0;2;0;7;7;2;2;1;2;5;0;
Ish Smith;;4;0;0;0;0;0;0;0;1;1;0;0;1;1;0;0;
Reggie Jackson;;22;6;11;2;4;0;0;2;3;5;4;0;0;2;0;14;
Anthony Morrow;;26;3;12;1;6;1;1;1;1;2;0;0;0;0;0;8;
Jeremy Lamb;;4;1;1;1;1;0;0;0;0;0;0;0;0;0;0;3;
Dion Waiters;;22;1;9;0;3;2;2;0;2;2;1;1;1;0;0;4;
SAC
Jason Thompson;PF;17;0;3;0;0;2;4;2;6;8;1;0;1;1;3;2;
Rudy Gay;SF;35;9;19;3;3;7;8;4;5;9;1;1;0;2;3;28;
DeMarcus Cousins;C;38;6;23;0;0;11;13;4;11;15;4;1;3;6;2;23;
Darren Collison;PG;38;9;19;5;10;1;1;0;1;1;7;2;0;3;1;24;
Ben McLemore;SG;34;5;9;1;2;0;0;1;1;2;1;4;0;2;4;11;
Derrick Williams;;27;1;4;1;2;1;2;1;5;6;1;1;0;1;0;4;
Carl Landry;;19;5;6;0;0;0;0;0;4;4;0;0;0;0;1;10;
Ryan Hollins;;7;0;0;0;0;0;0;0;0;0;1;0;0;0;1;0;
Ray McCallum;;15;1;5;0;1;0;0;1;4;5;2;3;0;1;1;2;
Nik Stauskas;;10;0;4;0;1;0;0;0;2;2;0;0;0;0;1;0;
