03-25;MIA-BOS;93-86;
27-20;30-20;25-22;11-24;
MIA
Udonis Haslem;PF;38;5;9;0;0;2;3;2;10;12;1;3;0;4;2;12;
Henry Walker;SF;28;4;8;4;8;0;0;1;3;4;2;0;0;2;4;12;
Luol Deng;SF;36;5;15;1;5;4;5;1;4;5;1;1;1;1;5;15;
Mario Chalmers;PG;37;3;8;0;2;0;1;0;1;1;7;0;0;3;5;6;
Goran Dragic;SG;37;8;16;2;3;4;6;1;4;5;7;0;0;4;2;22;
Michael Beasley;;14;2;5;0;1;2;2;0;1;1;1;1;2;1;3;6;
James Ennis;;21;1;4;1;3;3;4;2;4;6;1;0;2;0;2;6;
Shabazz Napier;;9;1;4;0;1;0;0;0;0;0;3;0;0;0;3;2;
Tyler Johnson;;20;5;8;1;1;1;2;1;3;4;0;2;1;1;2;12;
BOS
Brandon Bass;PF;22;3;6;0;0;3;6;2;3;5;1;1;1;1;1;9;
Tyler Zeller;C;19;4;5;0;0;2;2;3;5;8;2;0;1;1;2;10;
Avery Bradley;PG;28;4;9;2;5;2;3;0;1;1;0;1;0;3;3;12;
Marcus Smart;PG;30;1;8;1;5;3;4;1;2;3;2;4;0;2;2;6;
Evan Turner;SG;20;1;5;0;0;2;2;0;4;4;5;0;0;1;1;4;
Jonas Jerebko;;23;2;7;0;2;0;0;1;6;7;0;0;0;0;4;4;
Gerald Wallace;;4;0;0;0;0;0;0;0;0;0;0;0;0;1;1;0;
Luigi Datome;;12;2;3;2;2;0;0;0;2;2;0;0;0;0;2;6;
Jae Crowder;;27;4;10;0;1;8;11;2;5;7;0;0;1;2;4;16;
Kelly Olynyk;;17;1;3;0;1;2;2;0;1;1;0;1;0;0;2;4;
Phil Pressey;;18;4;6;0;0;3;4;1;4;5;6;1;1;2;1;11;
Isaiah Thomas;;20;2;7;0;3;0;3;0;0;0;0;0;0;3;2;4;
