11-25;GS-MIA;114-97;
30-36;31-26;30-24;23-11;
GS
Harrison Barnes;SF;36;5;9;1;3;1;2;2;6;8;2;0;0;0;2;12;
Draymond Green;SF;37;3;8;0;3;5;8;0;6;6;3;1;2;2;4;11;
Andrew Bogut;C;32;4;5;0;0;0;0;0;10;10;5;1;2;2;2;8;
Stephen Curry;PG;37;12;19;8;11;8;9;0;6;6;7;3;1;2;2;40;
Klay Thompson;SG;38;10;19;3;7;1;2;1;3;4;3;0;1;3;5;24;
Marreese Speights;;15;4;5;0;0;0;0;1;4;5;1;0;0;1;2;8;
Shaun Livingston;;11;2;3;0;0;0;0;0;0;0;0;0;0;0;1;4;
Justin Holiday;;0;0;0;0;0;0;0;0;0;0;0;0;0;0;0;0;
Brandon Rush;;12;0;1;0;1;0;0;0;1;1;0;0;3;0;0;0;
Leandro Barbosa;;4;1;2;0;0;0;2;1;1;2;0;1;0;0;1;2;
Andre Iguodala;;18;2;4;1;3;0;0;0;3;3;0;0;0;1;5;5;
MIA
Luol Deng;SF;32;6;11;2;3;2;3;1;2;3;1;1;0;1;1;16;
Shawne Williams;SF;27;4;8;3;5;0;0;2;1;3;0;0;0;1;3;11;
Chris Bosh;C;34;10;19;2;3;4;5;2;7;9;1;0;1;2;1;26;
Mario Chalmers;PG;37;4;17;2;6;4;5;1;1;2;4;4;1;1;3;14;
Norris Cole;PG;28;1;8;0;4;2;2;0;2;2;2;1;0;0;2;4;
Josh McRoberts;;21;1;2;0;0;2;4;0;4;4;2;0;0;0;2;4;
Udonis Haslem;;13;2;6;0;0;0;0;2;4;6;0;0;0;0;2;4;
James Ennis;;22;2;8;0;0;4;5;3;5;8;4;1;2;0;3;8;
Justin Hamilton;;1;0;0;0;0;0;0;0;0;0;0;0;0;0;0;0;
Shabazz Napier;;26;3;6;1;2;3;3;1;2;3;2;0;0;4;5;10;
