02-22;WSH-DET;89-106;
22-27;30-20;19-35;18-24;
WSH
Nene Hilario;PF;21;2;10;0;0;0;2;2;3;5;4;2;0;4;4;4;
Paul Pierce;SF;24;2;5;2;5;2;2;0;3;3;1;0;0;1;4;8;
Marcin Gortat;C;31;12;18;0;0;0;0;5;5;10;1;0;1;0;2;24;
John Wall;PG;34;5;16;0;2;0;0;0;2;2;12;0;0;2;1;10;
Garrett Temple;SG;30;4;7;3;5;1;2;1;3;4;1;0;0;1;1;12;
Kris Humphries;;18;5;6;0;0;1;2;1;6;7;1;1;0;0;3;11;
Otto Porter Jr.;;21;1;4;0;1;0;0;0;3;3;0;1;0;0;1;2;
Martell Webster;;2;0;1;0;0;0;0;1;1;2;0;0;0;1;0;0;
Rasual Butler;;22;2;6;0;3;3;3;0;4;4;1;0;0;0;1;7;
Kevin Seraphin;;15;2;6;0;0;0;0;1;1;2;2;0;1;2;3;4;
DeJuan Blair;;1;0;0;0;0;0;0;0;0;0;0;0;0;1;1;0;
Ramon Sessions;;19;2;6;1;1;2;3;0;1;1;5;0;0;0;1;7;
DET
Greg Monroe;PF;37;6;16;0;0;3;6;5;10;15;2;3;0;2;3;15;
Caron Butler;SF;22;1;3;1;2;4;5;0;1;1;2;1;0;0;2;7;
Andre Drummond;C;33;8;11;0;0;2;4;6;10;16;2;0;1;1;3;18;
Reggie Jackson;PG;30;7;18;1;4;2;2;2;3;5;5;0;0;3;1;17;
Kentavious Caldwell-Pope;SG;31;10;20;6;13;0;0;1;1;2;1;2;0;1;2;26;
Anthony Tolliver;;26;3;5;3;4;4;4;3;3;6;2;1;0;2;2;13;
Cartier Martin;;20;0;3;0;2;0;0;0;3;3;1;1;0;0;2;0;
Spencer Dinwiddie;;18;0;6;0;3;0;0;0;1;1;7;0;0;2;2;0;
Jodie Meeks;;23;2;7;2;4;4;4;0;2;2;0;0;0;1;2;10;
