11-09;MIA-DAL;105-96;
29-20;26-24;28-23;22-29;
MIA
Luol Deng;SF;37;13;19;4;9;0;2;0;5;5;4;1;0;0;1;30;
Shawne Williams;SF;19;3;5;1;2;0;0;0;2;2;1;0;0;1;4;7;
Chris Bosh;C;37;7;10;0;2;6;11;2;8;10;5;1;0;3;0;20;
Norris Cole;PG;14;0;3;0;2;0;0;0;2;2;3;1;0;3;2;0;
Dwyane Wade;SG;36;9;18;1;1;1;2;1;1;2;10;1;0;3;2;20;
Josh McRoberts;;17;2;3;0;0;0;0;1;7;8;2;0;1;1;5;4;
Udonis Haslem;;19;2;3;0;0;2;2;1;4;5;1;0;1;0;3;6;
James Ennis;;3;0;2;0;0;0;0;0;0;0;0;0;0;0;0;0;
Mario Chalmers;;34;6;9;3;5;3;3;0;1;1;4;2;0;1;4;18;
Shabazz Napier;;26;0;4;0;2;0;0;1;2;3;1;1;1;1;2;0;
DAL
Dirk Nowitzki;PF;30;6;15;2;3;3;4;0;6;6;3;1;1;1;0;17;
Chandler Parsons;SF;29;1;9;0;4;2;2;2;4;6;1;2;3;2;2;4;
Tyson Chandler;C;30;7;10;0;0;2;3;10;5;15;2;0;1;3;1;16;
Jameer Nelson;PG;28;4;9;2;7;1;2;0;2;2;5;1;0;4;2;11;
Monta Ellis;SG;34;8;14;2;5;5;6;1;1;2;5;0;0;2;5;23;
Charlie Villanueva;;0;0;1;0;0;0;0;0;0;0;0;0;0;0;0;0;
Brandan Wright;;18;2;2;0;0;0;2;0;2;2;0;0;0;1;2;4;
Jae Crowder;;12;5;6;2;2;3;3;1;0;1;1;0;0;0;1;15;
Al-Farouq Aminu;;18;1;3;0;2;0;0;0;2;2;1;0;1;0;1;2;
Richard Jefferson;;7;0;2;0;1;0;0;1;2;3;0;1;0;0;1;0;
J.J. Barea;;13;1;9;1;3;0;0;0;1;1;2;2;0;0;0;3;
Devin Harris;;21;0;3;0;2;1;2;0;1;1;2;1;1;0;0;1;
