12-26;LAL-DAL;98-102;
19-26;23-22;20-24;36-30;
LAL
Ed Davis;PF;29;1;6;0;0;8;10;8;3;11;2;0;1;1;2;10;
Wesley Johnson;SF;29;3;14;2;5;3;5;4;6;10;3;1;1;1;2;11;
Jordan Hill;C;27;6;13;0;0;0;0;3;7;10;1;0;1;5;3;12;
Ronnie Price;PG;26;3;9;1;6;0;0;0;1;1;2;1;0;1;6;7;
Wayne Ellington;SG;27;4;10;2;5;2;2;1;4;5;3;2;0;2;1;12;
Carlos Boozer;;21;9;16;0;0;0;1;3;5;8;0;1;0;0;2;18;
Nick Young;;29;5;16;5;8;0;0;0;5;5;2;1;0;3;1;15;
Robert Sacre;;16;1;2;0;0;0;0;2;3;5;0;0;0;1;1;2;
Jeremy Lin;;22;2;8;1;4;0;0;0;5;5;7;1;3;2;3;5;
Jordan Clarkson;;14;2;5;0;1;2;2;3;0;3;0;1;0;0;2;6;
DAL
Dirk Nowitzki;PF;24;5;13;0;1;4;4;0;8;8;0;1;0;0;1;14;
Chandler Parsons;SF;33;6;9;0;2;0;0;0;1;1;2;0;0;1;2;12;
Tyson Chandler;C;31;5;7;0;0;5;7;3;9;12;1;0;1;4;4;15;
Rajon Rondo;PG;35;10;17;1;1;0;2;2;6;8;7;1;0;4;2;21;
Monta Ellis;SG;34;6;12;0;2;3;5;0;0;0;7;3;0;2;2;15;
Greg Smith;;17;0;2;0;0;0;2;0;5;5;0;1;1;1;5;0;
Charlie Villanueva;;21;5;9;3;6;0;0;1;2;3;1;0;4;0;2;13;
Richard Jefferson;;18;2;3;1;2;1;4;0;2;2;0;0;0;1;1;6;
J.J. Barea;;13;0;3;0;1;0;0;0;1;1;2;0;0;0;1;0;
Devin Harris;;15;3;8;0;3;0;0;0;0;0;0;3;0;0;1;6;
