02-07;BKN-WSH;77-114;
19-28;19-30;23-31;16-25;
BKN
Joe Johnson;SF;24;3;11;0;3;0;0;0;1;1;1;0;0;1;0;6;
Brook Lopez;C;31;8;15;0;0;3;5;4;4;8;1;0;1;1;4;19;
Mason Plumlee;C;23;2;4;0;0;2;4;3;4;7;0;2;2;2;4;6;
Jarrett Jack;PG;27;3;12;0;1;5;6;3;1;4;4;1;0;6;1;11;
Alan Anderson;SG;21;1;7;1;6;0;0;0;3;3;0;1;0;0;2;3;
Cory Jefferson;;14;0;1;0;0;1;2;0;1;1;0;0;1;1;4;1;
Jerome Jordan;;21;3;4;0;0;3;3;1;2;3;1;0;0;0;3;9;
Deron Williams;;29;0;8;0;2;3;6;0;4;4;7;3;0;0;1;3;
Darius Morris;;12;1;2;1;1;1;2;0;3;3;0;0;0;1;1;4;
Markel Brown;;9;2;4;1;1;1;1;0;0;0;1;1;0;1;0;6;
Sergey Karasev;;9;1;4;0;1;0;0;0;0;0;2;0;0;1;0;2;
Bojan Bogdanovic;;20;2;5;1;3;2;2;2;2;4;0;0;0;1;0;7;
WSH
Nene Hilario;PF;20;4;7;0;0;2;4;1;4;5;4;1;0;2;2;10;
Paul Pierce;SF;22;1;8;0;3;0;0;0;3;3;1;1;0;1;2;2;
Otto Porter Jr.;SF;21;5;8;1;3;1;1;1;3;4;1;1;1;0;2;12;
Marcin Gortat;C;17;5;7;0;0;1;2;5;3;8;2;0;0;1;4;11;
John Wall;PG;26;6;12;3;5;2;3;0;2;2;7;0;0;5;1;17;
Kris Humphries;;21;4;8;0;0;1;2;4;7;11;2;1;0;0;2;9;
Drew Gooden;;6;1;3;0;0;2;2;1;1;2;0;1;1;0;0;4;
Martell Webster;;6;1;4;1;2;1;2;0;0;0;0;0;0;0;1;4;
Rasual Butler;;23;6;11;3;6;0;0;0;2;2;4;2;0;0;0;15;
Kevin Seraphin;;25;5;9;0;0;3;3;2;6;8;1;0;1;1;3;13;
DeJuan Blair;;6;2;3;0;0;2;2;1;0;1;0;0;0;0;1;6;
Andre Miller;;22;1;2;0;0;2;2;0;2;2;6;1;0;2;2;4;
Garrett Temple;;24;3;5;1;1;0;0;1;2;3;3;1;0;2;4;7;
