03-13;LAC-DAL;99-129;
24-21;27-38;27-32;21-38;
LAC
Spencer Hawes;PF;18;2;8;0;3;0;0;0;3;3;5;0;0;0;1;4;
Matt Barnes;SF;31;5;12;3;9;1;2;0;4;4;3;0;0;3;2;14;
DeAndre Jordan;C;36;7;9;1;1;1;5;9;9;18;1;1;0;3;1;16;
Chris Paul;PG;33;5;8;1;2;0;0;0;1;1;7;5;0;4;2;11;
J.J. Redick;SG;34;6;14;2;5;3;3;0;0;0;3;0;0;1;1;17;
Glen Davis;;18;4;7;0;0;0;0;2;0;2;3;1;1;1;3;8;
Ekpe Udoh;;6;0;1;0;0;0;0;0;1;1;0;1;0;0;2;0;
Hedo Turkoglu;;12;2;4;1;3;0;0;0;1;1;0;0;1;0;1;5;
Nate Robinson;;16;2;5;0;2;0;0;0;0;0;3;0;0;1;1;4;
Jordan Hamilton;;7;4;7;3;4;0;0;0;1;1;0;0;0;0;0;11;
Austin Rivers;;24;4;6;1;3;0;2;0;1;1;2;1;0;2;3;9;
C.J. Wilcox;;2;0;1;0;0;0;0;0;0;0;0;0;0;0;0;0;
Dahntay Jones;;2;0;0;0;0;0;0;0;0;0;0;0;0;0;0;0;
DAL
Dirk Nowitzki;PF;25;5;9;2;3;2;2;0;2;2;1;1;0;0;0;14;
Chandler Parsons;SF;26;8;12;5;6;1;1;1;4;5;4;2;0;1;1;22;
Tyson Chandler;C;28;6;7;0;0;2;3;6;6;12;2;0;1;1;2;14;
Rajon Rondo;PG;22;2;5;0;1;0;0;1;3;4;7;4;0;3;3;4;
Monta Ellis;SG;26;7;12;0;0;0;1;0;3;3;4;0;0;4;2;14;
Greg Smith;;3;0;0;0;0;0;0;0;0;0;1;0;0;0;0;0;
Charlie Villanueva;;23;8;15;3;8;0;0;0;5;5;1;0;1;1;1;19;
Richard Jefferson;;23;3;5;2;4;0;0;0;3;3;2;2;0;0;2;8;
Bernard James;;5;0;0;0;0;2;2;1;0;1;0;0;0;0;0;2;
Amar'e Stoudemire;;14;1;3;0;0;0;2;2;2;4;0;0;0;0;2;2;
J.J. Barea;;18;6;7;2;2;1;2;0;2;2;4;0;0;0;1;15;
Raymond Felton;;6;0;1;0;0;0;0;0;1;1;1;0;0;2;0;0;
Devin Harris;;20;5;8;2;4;3;3;1;0;1;4;2;0;3;2;15;
