10-31;PHI-MIL;81-93;
24-24;23-22;27-27;7-20;
PHI
Chris Johnson;SF;29;1;11;1;6;1;2;2;6;8;0;0;1;1;1;4;
Henry Sims;C;26;3;8;0;0;1;2;3;5;8;1;0;0;1;2;7;
Nerlens Noel;C;35;7;11;0;0;0;0;1;9;10;2;1;3;0;3;14;
Tony Wroten;SG;35;4;11;0;2;6;11;2;1;3;6;3;0;8;4;14;
Hollis Thompson;SG;35;6;19;2;6;1;1;0;3;3;2;1;0;1;4;15;
Luc Richard Mbah a Moute;;25;2;5;0;2;2;4;1;2;3;2;1;0;0;1;6;
Malcolm Thomas;;15;3;5;0;0;0;0;2;3;5;3;1;0;0;1;6;
Brandon Davies;;5;0;2;0;1;0;0;0;1;1;0;1;0;1;0;0;
Alexey Shved;;16;1;6;0;2;1;2;0;0;0;4;1;0;2;0;3;
K.J. McDaniels;;14;5;7;2;3;0;0;1;0;1;0;0;0;1;2;12;
JaKarr Sampson;;5;0;1;0;1;0;0;0;0;0;0;0;1;1;0;0;
MIL
Jared Dudley;SF;16;2;4;0;2;0;0;0;2;2;2;1;0;0;1;4;
Jabari Parker;SF;31;5;11;1;3;0;2;2;8;10;0;1;0;3;1;11;
Larry Sanders;C;27;4;12;0;0;0;1;7;8;15;1;2;4;2;4;8;
Brandon Knight;PG;29;2;8;1;4;8;10;0;7;7;8;2;0;3;2;13;
Khris Middleton;SG;28;5;16;2;5;0;0;0;4;4;1;0;0;2;2;12;
Ersan Ilyasova;;5;0;1;0;1;0;0;0;0;0;0;0;0;1;1;0;
Giannis Antetokounmpo;;26;4;8;0;0;0;0;1;5;6;2;0;1;4;3;8;
John Henson;;21;3;7;0;0;0;2;4;3;7;1;2;6;0;1;6;
Nate Wolters;;10;0;1;0;1;0;0;0;1;1;1;0;0;0;0;0;
Kendall Marshall;;5;0;0;0;0;0;0;0;0;0;0;0;0;1;0;0;
Jerryd Bayless;;14;3;7;0;1;0;0;0;0;0;4;1;0;1;1;6;
O.J. Mayo;;28;8;13;5;7;4;6;1;2;3;5;1;0;1;3;25;
