03-22;CLE-MIL;108-90;
25-26;19-27;31-20;33-17;
CLE
Kevin Love;PF;29;4;13;1;5;0;0;2;1;3;2;0;0;2;1;9;
LeBron James;SF;39;10;17;1;4;7;7;2;8;10;6;5;1;5;1;28;
Timofey Mozgov;C;22;4;5;0;0;2;2;2;0;2;3;1;0;1;2;10;
Kyrie Irving;PG;31;9;19;1;5;1;1;0;3;3;7;2;0;3;1;20;
J.R. Smith;SG;37;8;11;7;9;0;0;1;3;4;1;3;0;2;3;23;
James Jones;;7;0;1;0;1;0;0;0;0;0;1;1;0;0;0;0;
Tristan Thompson;;24;1;5;0;0;1;6;1;4;5;0;1;0;0;1;3;
Kendrick Perkins;;2;0;0;0;0;0;0;0;0;0;0;0;0;0;0;0;
Iman Shumpert;;30;4;7;2;3;0;0;0;4;4;0;1;0;0;1;10;
Matthew Dellavedova;;17;2;5;1;3;0;0;1;3;4;2;0;0;0;2;5;
Mike Miller;;2;0;1;0;1;0;0;0;1;1;0;0;0;0;0;0;
MIL
Ersan Ilyasova;PF;34;6;11;1;3;1;2;0;6;6;1;0;0;1;2;14;
Giannis Antetokounmpo;SF;35;5;11;0;0;5;6;1;8;9;5;1;1;3;2;15;
Zaza Pachulia;C;31;5;7;0;0;1;1;2;7;9;3;2;0;4;2;11;
Michael Carter-Williams;PG;34;9;14;1;2;0;0;1;2;3;5;4;2;6;2;19;
Khris Middleton;SG;39;5;7;1;2;4;5;0;5;5;7;1;0;5;1;15;
Johnny O'Bryant III;;3;0;0;0;0;0;0;0;0;0;0;0;0;0;0;0;
Chris Johnson;;15;1;6;0;3;0;0;0;0;0;0;1;0;0;0;2;
Miles Plumlee;;3;1;2;0;0;0;0;1;0;1;0;0;0;0;0;2;
John Henson;;15;2;3;0;0;0;0;1;1;2;0;0;2;2;4;4;
Tyler Ennis;;9;2;3;0;0;0;0;0;1;1;0;1;0;0;0;4;
Jerryd Bayless;;23;2;6;0;2;0;0;0;3;3;2;0;0;2;1;4;
