02-19;SA-LAC;115-119;
24-27;31-25;33-38;27-29;
SA
Tim Duncan;PF;33;12;14;1;1;5;5;0;11;11;3;1;1;0;3;30;
Kawhi Leonard;SF;27;1;11;0;6;2;4;2;4;6;6;1;0;3;2;4;
Aron Baynes;C;26;6;9;0;0;2;2;1;3;4;0;0;1;0;5;14;
Tony Parker;PG;35;8;17;1;2;4;4;0;3;3;13;2;0;0;4;21;
Danny Green;SG;27;4;6;1;3;0;0;1;5;6;0;0;0;1;4;9;
Marco Belinelli;;24;4;9;3;6;0;0;0;2;2;3;0;0;1;3;11;
Matt Bonner;;1;0;0;0;0;0;0;0;0;0;0;0;0;0;0;0;
Boris Diaw;;16;1;3;1;1;0;0;0;3;3;1;0;0;2;3;3;
Tiago Splitter;;16;3;4;0;0;5;6;1;0;1;2;1;0;2;3;11;
Patty Mills;;13;1;7;0;5;0;0;0;1;1;0;1;0;2;1;2;
Manu Ginobili;;23;3;4;3;4;1;2;0;1;1;6;0;0;5;4;10;
LAC
Spencer Hawes;PF;33;3;7;0;1;1;2;0;4;4;3;1;1;2;5;7;
Matt Barnes;SF;34;4;7;0;1;3;4;2;2;4;0;2;0;1;4;11;
DeAndre Jordan;C;39;8;11;0;0;10;28;5;13;18;0;3;1;0;4;26;
Chris Paul;PG;40;9;16;2;4;2;3;0;5;5;16;1;0;4;5;22;
J.J. Redick;SG;40;6;13;1;5;2;2;0;5;5;2;0;0;2;0;15;
Glen Davis;;17;4;6;0;0;2;5;3;3;6;0;1;1;1;4;10;
Hedo Turkoglu;;7;0;2;0;1;2;2;0;1;1;0;0;0;0;0;2;
Jamal Crawford;;31;8;15;5;7;5;6;0;0;0;5;2;1;2;0;26;
