03-27;UTAH-DEN;91-107;
20-22;19-30;24-23;28-32;
UTAH
Derrick Favors;PF;19;2;9;0;0;3;6;1;4;5;1;0;2;4;4;7;
Gordon Hayward;SF;32;9;19;1;7;5;6;0;7;7;3;1;1;2;1;24;
Joe Ingles;SF;30;2;10;1;7;1;2;0;0;0;2;2;1;0;2;6;
Rudy Gobert;C;35;5;7;0;0;4;4;4;10;14;3;0;1;1;0;14;
Dante Exum;SG;12;0;2;0;1;0;0;1;0;1;0;1;0;1;1;0;
Trevor Booker;;20;2;5;0;1;2;2;5;0;5;5;2;1;0;1;6;
Jeremy Evans;;12;0;0;0;0;2;2;1;1;2;2;0;0;0;3;2;
Chris Johnson;;17;1;3;1;3;3;3;0;0;0;0;1;0;1;1;6;
Jack Cooley;;6;0;0;0;0;0;0;0;0;0;0;1;0;0;2;0;
Bryce Cotton;;13;2;6;0;1;0;0;1;0;1;0;0;0;1;1;4;
Trey Burke;;28;3;12;0;5;0;0;0;4;4;4;1;0;0;0;6;
Elijah Millsap;;17;6;8;2;2;2;6;1;2;3;0;3;1;3;3;16;
DEN
Kenneth Faried;PF;17;1;2;0;0;3;4;2;2;4;1;0;0;1;4;5;
Wilson Chandler;SF;35;4;7;1;2;2;2;1;5;6;4;2;0;0;4;11;
Danilo Gallinari;SF;28;4;14;3;8;2;2;1;3;4;0;1;3;2;3;13;
Ty Lawson;PG;31;7;12;0;0;4;5;0;4;4;9;3;1;4;1;18;
Randy Foye;SG;22;3;7;3;5;0;0;0;3;3;1;0;0;1;0;9;
Joffrey Lauvergne;;13;0;1;0;1;3;4;0;3;3;0;0;0;3;1;3;
J.J. Hickson;;22;4;7;0;0;1;4;1;2;3;1;1;0;0;1;9;
Jusuf Nurkic;;11;1;3;0;0;1;2;0;3;3;0;0;0;2;2;3;
Erick Green;;13;1;2;0;1;0;0;0;0;0;1;0;0;0;0;2;
Jameer Nelson;;22;7;10;4;5;0;0;1;0;1;3;0;0;3;2;18;
Will Barton;;20;5;9;2;2;0;0;2;8;10;2;0;0;1;4;12;
Gary Harris;;5;2;2;0;0;0;0;0;0;0;1;1;0;0;1;4;
