01-28;POR-CLE;94-99;
21-31;23-23;30-25;20-20;
POR
LaMarcus Aldridge;PF;41;13;23;2;3;10;10;3;8;11;2;1;2;2;3;38;
Nicolas Batum;SF;39;3;8;1;5;0;0;1;3;4;7;2;1;0;2;7;
Chris Kaman;C;28;3;5;0;0;1;2;2;11;13;1;0;1;0;3;7;
Damian Lillard;PG;38;4;19;3;10;3;4;0;0;0;5;0;1;1;2;14;
Wesley Matthews;SG;33;4;10;3;8;0;1;1;1;2;2;1;0;2;3;11;
Thomas Robinson;;5;1;2;0;0;0;0;2;1;3;0;0;0;0;1;2;
Dorell Wright;;0;0;0;0;0;0;0;0;0;0;0;0;0;0;0;0;
Meyers Leonard;;22;4;6;1;3;0;0;2;0;2;0;0;0;0;3;9;
Steve Blake;;12;1;2;0;1;0;0;0;0;0;1;0;0;1;2;2;
Will Barton;;15;2;4;0;1;0;0;0;4;4;0;1;0;2;1;4;
C.J. McCollum;;6;0;1;0;0;0;0;0;0;0;0;0;0;0;0;0;
CLE
Kevin Love;PF;39;3;15;2;8;2;2;2;10;12;2;0;0;0;1;10;
Timofey Mozgov;C;36;4;9;0;0;4;6;3;7;10;0;0;1;1;3;12;
Kyrie Irving;PG;39;17;36;11;19;10;10;2;2;4;5;2;0;3;0;55;
J.R. Smith;SG;38;5;12;1;6;0;0;0;1;1;4;1;0;2;3;11;
Shawn Marion;SG;9;0;0;0;0;0;0;0;1;1;0;0;0;0;1;0;
Tristan Thompson;;21;2;7;0;0;0;0;3;5;8;0;0;0;0;4;4;
Mike Miller;;10;1;1;1;1;0;0;0;1;1;1;0;0;0;1;3;
Iman Shumpert;;28;2;4;0;2;0;0;2;4;6;1;0;0;1;0;4;
Matthew Dellavedova;;20;0;1;0;1;0;0;2;1;3;3;0;0;1;2;0;
