12-03;DAL-MIL;107-105;
29-31;28-33;23-14;27-27;
DAL
Al-Farouq Aminu;SF;28;5;11;2;5;1;1;3;2;5;1;1;3;1;2;13;
Chandler Parsons;SF;35;6;17;1;6;1;2;2;6;8;4;2;0;4;4;14;
Tyson Chandler;C;33;8;11;0;0;2;6;10;10;20;0;1;1;4;1;18;
Jameer Nelson;PG;30;5;7;3;5;0;0;1;3;4;3;1;0;3;4;13;
Monta Ellis;SG;36;11;26;0;3;1;1;0;2;2;7;3;1;0;3;23;
Charlie Villanueva;;3;0;1;0;0;0;0;0;0;0;0;0;0;0;2;0;
Brandan Wright;;15;2;3;0;0;3;4;1;2;3;0;0;1;0;1;7;
Richard Jefferson;;23;2;5;1;3;5;6;0;0;0;2;0;0;1;1;10;
Jae Crowder;;7;1;1;0;0;0;0;0;0;0;0;0;0;0;0;2;
Devin Harris;;18;1;6;0;3;0;0;0;3;3;3;0;0;3;2;2;
J.J. Barea;;12;1;4;1;2;2;2;0;1;1;0;0;0;0;3;5;
MIL
Giannis Antetokounmpo;SF;18;1;4;0;0;1;2;0;5;5;5;0;0;2;2;3;
Jabari Parker;SF;22;3;6;0;0;2;5;1;3;4;1;0;0;2;1;8;
Larry Sanders;C;22;3;6;0;0;0;2;1;2;3;0;0;1;0;5;6;
Brandon Knight;PG;32;8;16;2;5;7;7;2;4;6;5;4;0;3;2;25;
O.J. Mayo;SG;27;3;7;2;3;4;6;0;3;3;5;1;0;2;3;12;
Jared Dudley;;26;3;5;2;2;0;0;0;0;0;1;2;0;1;1;8;
Zaza Pachulia;;26;3;6;0;0;2;2;1;8;9;2;0;0;1;2;8;
Kendall Marshall;;16;3;4;0;0;0;0;0;1;1;3;1;0;1;3;6;
Jerryd Bayless;;21;3;6;0;0;2;2;0;0;0;2;0;0;3;3;8;
Khris Middleton;;30;8;13;1;1;4;6;3;5;8;0;3;1;3;2;21;
