12-11;HOU-SAC;113-109;
16-26;20-20;25-23;34-26;18-14;
HOU
Donatas Motiejunas;PF;30;6;11;0;1;2;2;2;1;3;1;1;1;1;6;14;
Tarik Black;PF;16;2;5;0;0;0;0;1;4;5;1;0;0;1;4;4;
Trevor Ariza;SF;43;4;13;3;10;4;4;2;5;7;0;3;0;2;4;15;
Patrick Beverley;PG;40;5;12;4;8;1;4;4;6;10;5;1;0;2;3;15;
James Harden;SG;48;14;32;3;10;13;15;0;4;4;8;3;1;2;2;44;
Joey Dorsey;;33;0;2;0;0;0;4;2;7;9;2;5;1;3;5;0;
Nick Johnson;;8;1;3;0;0;0;0;3;1;4;0;0;0;1;1;2;
Troy Daniels;;12;2;5;2;5;0;0;0;0;0;1;0;0;1;0;6;
Jason Terry;;35;4;12;3;10;2;2;0;0;0;0;0;0;1;2;13;
SAC
Jason Thompson;PF;35;2;4;0;0;9;11;3;12;15;1;1;0;0;5;13;
Rudy Gay;SF;40;4;18;1;4;4;4;2;6;8;8;3;0;4;2;13;
Reggie Evans;C;18;2;2;0;0;1;6;2;2;4;0;1;0;2;3;5;
Darren Collison;PG;42;10;20;2;4;2;2;1;2;3;7;3;0;6;1;24;
Ben McLemore;SG;46;9;15;2;4;1;3;0;2;2;2;0;0;3;4;21;
Derrick Williams;;34;5;12;2;4;5;6;2;3;5;1;0;0;1;3;17;
Carl Landry;;18;3;5;0;0;1;2;0;1;1;0;0;2;2;2;7;
Ryan Hollins;;7;1;2;0;0;0;0;1;3;4;0;0;2;0;0;2;
Ramon Sessions;;11;2;4;0;0;0;0;0;2;2;1;0;0;0;0;4;
Nik Stauskas;;14;1;2;1;2;0;0;0;0;0;2;0;0;3;3;3;
