01-23;IND-MIA;87-89;
18-26;19-28;27-21;23-14;
IND
David West;PF;33;5;14;0;0;2;2;2;7;9;2;0;0;5;1;12;
Solomon Hill;SF;26;2;9;0;3;0;1;0;2;2;2;1;1;2;0;4;
Roy Hibbert;C;18;1;4;0;0;2;2;1;1;2;1;0;0;3;4;4;
C.J. Watson;PG;27;3;6;2;3;5;6;1;3;4;2;1;0;0;3;13;
C.J. Miles;SG;7;3;6;1;3;1;1;0;0;0;1;0;0;0;0;8;
Luis Scola;;15;5;8;0;0;4;4;3;4;7;0;0;0;1;3;14;
Chris Copeland;;3;0;0;0;0;0;0;0;0;0;0;0;0;0;0;0;
Damjan Rudez;;20;0;4;0;4;0;0;0;0;0;0;2;0;1;3;0;
Ian Mahinmi;;30;3;3;0;0;2;2;1;6;7;0;2;2;2;3;8;
George Hill;;20;5;10;0;2;3;4;0;0;0;2;1;0;0;1;13;
Donald Sloan;;9;1;3;0;0;0;0;0;4;4;1;0;0;2;0;2;
Rodney Stuckey;;34;4;11;0;0;1;1;0;2;2;3;2;0;2;4;9;
MIA
Chris Andersen;PF;28;1;1;0;0;2;2;3;10;13;0;0;0;2;3;4;
Luol Deng;SF;35;9;13;3;3;2;2;0;5;5;3;0;0;1;2;23;
Chris Bosh;C;33;8;16;0;4;3;3;0;4;4;1;1;0;1;5;19;
Mario Chalmers;PG;30;3;7;0;2;3;3;0;3;3;2;2;0;0;3;9;
Dwyane Wade;SG;32;5;16;0;2;3;5;0;0;0;4;2;0;6;2;13;
Udonis Haslem;;16;2;2;0;0;0;0;0;4;4;1;0;0;0;2;4;
Danny Granger;;13;3;3;0;0;0;0;0;2;2;2;1;0;1;1;6;
Shawne Williams;;18;3;8;0;3;0;0;1;1;2;1;0;0;3;4;6;
Norris Cole;;12;1;4;0;2;0;0;0;2;2;3;1;0;0;1;2;
Shabazz Napier;;22;1;5;1;1;0;0;0;1;1;3;1;0;2;2;3;
