03-24;GS-POR;122-108;
26-30;31-32;36-18;29-28;
GS
Harrison Barnes;SF;36;5;6;1;1;2;2;0;3;3;0;0;0;1;1;13;
Draymond Green;SF;37;6;10;1;4;1;2;0;11;11;8;0;3;2;3;14;
Andrew Bogut;C;24;5;8;0;0;0;0;5;11;16;6;1;0;2;2;10;
Stephen Curry;PG;35;13;22;5;9;2;2;0;2;2;10;1;0;2;2;33;
Klay Thompson;SG;25;6;13;1;3;3;3;0;2;2;2;1;1;0;1;16;
Festus Ezeli;;11;2;3;0;0;0;0;1;2;3;1;0;1;0;3;4;
Marreese Speights;;5;1;2;0;0;0;0;0;0;0;1;0;0;0;1;2;
Justin Holiday;;18;2;5;0;3;0;0;0;1;1;0;0;0;1;2;4;
Leandro Barbosa;;17;1;3;1;2;2;2;0;4;4;5;0;0;0;2;5;
Andre Iguodala;;31;9;11;3;4;0;0;0;4;4;4;1;0;5;1;21;
POR
Dorell Wright;SF;21;4;10;2;4;2;2;1;4;5;2;0;0;0;0;12;
Alonzo Gee;SF;31;5;10;0;1;0;0;3;0;3;2;1;0;0;3;10;
Robin Lopez;C;21;1;5;0;0;0;0;3;4;7;3;0;1;0;0;2;
Damian Lillard;PG;33;9;21;6;11;5;5;3;4;7;5;1;1;4;1;29;
Arron Afflalo;SG;28;4;10;1;4;0;0;0;1;1;2;0;0;2;1;9;
Allen Crabbe;;23;2;7;1;4;1;2;0;1;1;2;2;0;0;2;6;
Meyers Leonard;;15;0;1;0;1;0;0;2;3;5;0;0;0;1;1;0;
Joel Freeland;;23;3;6;0;0;1;2;0;4;4;0;1;0;0;2;7;
Steve Blake;;15;2;4;2;4;4;4;0;1;1;5;1;0;1;2;10;
C.J. McCollum;;29;9;18;3;5;2;4;0;1;1;2;3;0;2;2;23;
