10-29;PHI-IND;91-103;
24-26;27-22;22-30;18-25;
PHI
Chris Johnson;SF;32;5;10;1;4;1;2;0;1;1;1;1;0;2;1;12;
Henry Sims;C;23;4;9;0;0;2;2;1;3;4;0;0;0;1;4;10;
Nerlens Noel;C;35;2;11;0;0;2;6;4;6;10;0;0;3;2;4;6;
Tony Wroten;SG;35;9;21;1;4;3;8;1;7;8;7;3;0;1;2;22;
Hollis Thompson;SG;29;2;5;1;2;0;0;1;2;3;2;4;0;0;5;5;
Malcolm Thomas;;16;1;2;0;0;2;2;2;3;5;0;0;1;2;3;4;
Brandon Davies;;18;5;11;0;2;2;2;4;1;5;1;1;0;1;3;12;
Alexey Shved;;24;5;11;3;6;5;6;1;2;3;5;0;0;0;4;18;
K.J. McDaniels;;20;1;5;0;1;0;2;1;1;2;1;1;1;1;1;2;
JaKarr Sampson;;8;0;4;0;2;0;0;0;1;1;0;0;0;1;2;0;
IND
Luis Scola;PF;25;5;9;0;0;0;2;3;3;6;2;2;0;4;4;10;
Solomon Hill;SF;23;1;3;1;2;0;0;2;4;6;2;0;2;1;2;3;
Roy Hibbert;C;32;6;8;0;0;10;13;3;5;8;0;0;7;3;2;22;
Donald Sloan;PG;34;6;13;1;4;3;4;2;8;10;6;1;0;4;3;16;
C.J. Miles;SG;33;6;17;2;8;1;1;0;1;1;2;0;0;1;4;15;
Lavoy Allen;;20;3;5;0;0;0;0;1;4;5;2;1;2;0;4;6;
Chris Copeland;;26;4;11;2;7;1;2;0;2;2;2;0;1;1;1;11;
Damjan Rudez;;15;0;2;0;2;0;0;0;0;0;0;0;0;0;1;0;
Ian Mahinmi;;16;2;4;0;0;0;0;3;6;9;1;0;1;2;1;4;
Rodney Stuckey;;16;5;9;2;2;4;6;0;3;3;5;1;0;1;2;16;
