11-29;LAC-UTAH;112-96;
35-18;27-32;28-26;22-20;
LAC
Blake Griffin;PF;34;13;18;1;1;1;2;2;4;6;3;0;0;1;3;28;
Matt Barnes;SF;28;2;6;2;4;2;2;0;4;4;0;1;1;1;5;8;
DeAndre Jordan;C;31;4;4;0;0;0;0;4;8;12;1;0;3;0;2;8;
Chris Paul;PG;34;7;13;1;3;2;2;1;2;3;10;2;0;2;0;17;
J.J. Redick;SG;31;4;9;1;5;4;5;0;3;3;3;1;0;0;4;13;
Glen Davis;;14;2;3;0;0;0;0;0;1;1;0;0;0;1;2;4;
Spencer Hawes;;17;1;3;0;2;0;2;0;3;3;2;0;1;0;5;2;
Hedo Turkoglu;;1;0;0;0;0;0;0;0;0;0;0;0;0;0;0;0;
Jordan Farmar;;17;4;6;2;4;0;0;2;0;2;2;0;0;2;1;10;
Reggie Bullock;;5;0;1;0;0;0;0;0;1;1;0;1;0;0;1;0;
Jamal Crawford;;28;8;17;4;9;2;2;0;2;2;0;1;0;4;2;22;
UTAH
Derrick Favors;PF;34;8;11;0;0;3;6;3;4;7;1;0;0;2;1;19;
Gordon Hayward;SF;36;11;18;4;5;4;8;1;4;5;3;1;0;1;0;30;
Enes Kanter;C;18;2;9;0;0;2;2;2;0;2;0;0;0;0;2;6;
Alec Burks;PG;28;4;6;1;2;3;5;0;2;2;4;1;0;1;2;12;
Trey Burke;PG;29;1;6;1;4;0;1;0;1;1;3;0;0;2;3;3;
Trevor Booker;;24;4;7;0;2;7;9;5;4;9;2;3;0;3;1;15;
Joe Ingles;;18;0;1;0;1;0;0;0;3;3;3;1;0;2;3;0;
Rudy Gobert;;20;2;4;0;0;0;0;1;4;5;1;0;2;0;1;4;
Rodney Hood;;14;0;6;0;3;2;2;0;2;2;1;0;0;0;0;2;
Dante Exum;;19;2;7;1;4;0;0;0;1;1;1;0;0;2;2;5;
