12-30;CLE-ATL;101-109;
25-26;16-25;32-27;28-31;
CLE
Kevin Love;PF;24;1;8;1;1;4;4;1;6;7;1;2;0;1;1;7;
Tristan Thompson;C;42;9;12;0;0;0;5;3;10;13;0;0;0;1;6;18;
Kyrie Irving;PG;43;13;27;3;10;6;7;2;4;6;9;2;0;8;3;35;
Mike Miller;SG;19;0;0;0;0;0;0;0;2;2;2;1;0;1;1;0;
Matthew Dellavedova;SG;21;2;6;2;4;0;0;0;0;0;2;0;0;1;3;6;
Lou Amundson;;5;0;0;0;0;0;0;2;2;4;1;0;0;0;0;0;
James Jones;;26;3;10;3;9;0;0;1;2;3;2;3;2;1;3;9;
A.J. Price;;8;2;4;0;0;0;0;0;0;0;0;0;0;1;1;4;
Joe Harris;;27;4;7;3;4;2;2;2;2;4;2;0;0;0;4;13;
Dion Waiters;;25;3;10;1;3;2;3;0;3;3;4;2;0;4;2;9;
ATL
Paul Millsap;PF;37;10;17;0;2;6;6;0;9;9;3;2;3;0;2;26;
Pero Antic;PF;24;2;7;1;4;0;2;0;1;1;2;0;0;1;2;5;
DeMarre Carroll;SF;28;2;8;0;4;3;3;2;7;9;1;1;0;0;4;7;
Jeff Teague;PG;35;8;13;1;4;6;10;2;3;5;11;3;0;5;2;23;
Kyle Korver;SG;40;7;11;5;8;0;0;1;7;8;1;0;1;2;2;19;
Elton Brand;;9;0;1;0;0;0;0;0;0;0;0;1;1;0;3;0;
Mike Scott;;21;4;9;2;4;2;2;1;4;5;1;1;0;1;0;12;
Thabo Sefolosha;;25;2;6;1;3;1;2;1;4;5;1;3;0;2;2;6;
Dennis Schroder;;15;5;7;0;0;1;1;0;2;2;3;1;0;4;1;11;
Kent Bazemore;;5;0;0;0;0;0;0;0;0;0;0;1;0;0;1;0;
