04-03;DET-CHI;82-88;
26-25;9-22;24-12;23-29;
DET
Anthony Tolliver;PF;28;3;8;3;6;0;0;2;5;7;0;1;1;1;2;9;
Caron Butler;SF;20;1;5;1;2;2;2;0;2;2;2;2;1;1;0;5;
Andre Drummond;C;43;5;12;0;0;4;6;7;15;22;0;0;6;4;6;14;
Reggie Jackson;PG;35;9;15;0;2;4;4;0;2;2;9;2;0;8;3;22;
Kentavious Caldwell-Pope;SG;35;6;16;2;7;0;0;0;1;1;0;3;0;1;2;14;
Tayshaun Prince;;24;2;5;0;0;0;0;0;3;3;2;1;0;0;1;4;
Shawne Williams;;16;1;3;0;1;0;0;1;0;1;0;0;3;1;3;2;
Joel Anthony;;9;0;1;0;0;1;2;1;1;2;0;0;1;0;3;1;
John Lucas III;;13;4;6;0;0;1;1;0;0;0;1;0;0;0;0;9;
Jodie Meeks;;17;1;3;0;1;0;0;0;2;2;0;0;0;2;0;2;
CHI
Pau Gasol;PF;33;11;19;0;0;4;5;6;4;10;0;0;1;1;1;26;
Mike Dunleavy;SF;27;2;6;1;4;2;2;1;4;5;1;1;0;2;1;7;
Joakim Noah;C;29;3;5;0;0;0;0;5;4;9;10;1;1;1;4;6;
Aaron Brooks;PG;26;2;9;1;4;0;0;0;0;0;1;0;0;0;1;5;
Jimmy Butler;SG;39;6;16;1;2;5;6;1;1;2;3;1;0;2;3;18;
Nikola Mirotic;;20;3;7;0;3;5;6;1;5;6;1;1;0;0;1;11;
Taj Gibson;;34;4;13;0;0;2;2;4;5;9;0;3;2;3;1;10;
Tony Snell;;10;0;3;0;2;0;0;0;1;1;0;1;0;0;0;0;
E'Twaun Moore;;22;2;7;1;2;0;0;1;1;2;2;1;1;1;3;5;
