04-12;NO-HOU;114-121;
28-22;27-30;31-34;28-35;
NO
Anthony Davis;PF;40;10;16;0;0;7;10;2;5;7;4;2;1;1;4;27;
Omer Asik;C;27;5;11;0;0;3;4;4;6;10;0;0;0;1;4;13;
Eric Gordon;SG;32;5;14;3;8;0;0;1;1;2;4;1;0;0;5;13;
Tyreke Evans;SG;40;5;13;0;1;2;4;1;4;5;8;1;0;4;5;12;
Quincy Pondexter;SG;34;4;8;3;7;2;3;2;5;7;2;0;0;3;4;13;
Ryan Anderson;;27;6;13;2;7;1;1;3;1;4;0;0;0;1;2;15;
Dante Cunningham;;11;1;1;0;0;0;0;0;1;1;1;0;0;0;2;2;
Alexis Ajinca;;2;0;1;0;0;0;0;0;0;0;0;0;0;0;2;0;
Norris Cole;;13;1;5;0;1;0;0;0;2;2;1;0;1;0;1;2;
Jrue Holiday;;15;7;9;3;3;0;0;0;1;1;2;2;0;0;1;17;
HOU
Terrence Jones;PF;25;3;5;0;0;0;0;3;1;4;2;1;0;0;3;6;
Trevor Ariza;SF;38;2;6;1;4;0;0;1;4;5;2;1;2;0;2;5;
Dwight Howard;C;28;7;10;0;0;5;11;3;8;11;0;0;3;2;3;19;
Jason Terry;SG;25;4;7;4;6;0;0;0;2;2;2;1;0;2;2;12;
James Harden;SG;38;10;18;1;6;9;9;0;1;1;7;1;1;4;2;30;
Josh Smith;;27;5;11;1;3;4;9;1;6;7;1;0;0;2;1;15;
Joey Dorsey;;6;0;0;0;0;2;2;0;1;1;0;0;0;1;1;2;
Pablo Prigioni;;24;2;5;2;3;6;6;0;4;4;1;1;0;0;3;12;
Corey Brewer;;29;6;11;0;2;8;11;1;4;5;1;1;0;0;1;20;
