12-09;MIL-OKC;101-114;
31-26;21-35;26-26;23-27;
MIL
Giannis Antetokounmpo;SF;26;4;11;1;2;8;11;3;4;7;0;0;2;1;3;17;
Jabari Parker;SF;29;7;13;0;0;1;2;0;1;1;1;0;0;2;3;15;
Larry Sanders;C;13;2;7;0;0;2;2;1;1;2;0;3;0;0;4;6;
Brandon Knight;PG;31;2;10;2;6;3;4;0;3;3;3;1;0;3;3;9;
O.J. Mayo;SG;29;6;13;0;4;6;6;1;3;4;0;0;0;2;6;18;
Jared Dudley;;24;4;9;0;3;0;0;2;2;4;1;1;0;0;1;8;
Zaza Pachulia;;30;3;5;0;0;1;1;0;1;1;5;0;0;2;4;7;
Kendall Marshall;;15;1;3;1;3;0;0;1;1;2;3;0;0;1;0;3;
Jerryd Bayless;;20;3;6;0;1;5;5;0;1;1;6;2;0;2;0;11;
Khris Middleton;;22;2;7;0;2;3;4;1;5;6;0;1;0;1;1;7;
OKC
Serge Ibaka;PF;24;5;5;0;0;5;5;2;3;5;0;2;3;2;0;15;
Kevin Durant;SF;29;7;11;1;5;8;8;0;9;9;7;1;1;4;0;23;
Steven Adams;C;13;2;5;0;0;0;0;3;3;6;0;0;0;1;2;4;
Russell Westbrook;PG;32;8;16;0;2;12;15;2;3;5;7;3;0;5;5;28;
Andre Roberson;SG;23;1;3;0;1;0;0;0;6;6;1;2;1;2;3;2;
Lance Thomas;;4;0;0;0;0;0;0;0;1;1;0;0;0;0;1;0;
Perry Jones;;22;2;6;1;3;0;0;0;2;2;1;0;0;2;4;5;
Kendrick Perkins;;22;2;9;0;0;1;2;7;2;9;2;1;1;3;4;5;
Ish Smith;;4;1;1;0;0;0;2;0;1;1;0;0;0;0;0;2;
Reggie Jackson;;30;8;14;2;7;0;0;0;7;7;3;0;0;1;1;18;
Anthony Morrow;;22;3;5;0;1;0;0;0;0;0;1;1;0;0;6;6;
Jeremy Lamb;;16;2;7;0;2;2;2;1;2;3;1;0;0;0;2;6;
