12-17;ATL-CLE;127-98;
26-34;39-26;30-15;32-23;
ATL
Paul Millsap;PF;23;7;11;0;1;0;0;2;6;8;4;1;0;0;2;14;
DeMarre Carroll;SF;26;5;9;3;6;0;0;0;4;4;0;0;0;1;3;13;
Al Horford;C;31;10;14;0;2;0;0;0;2;2;4;0;2;1;1;20;
Dennis Schroder;PG;22;4;6;0;1;2;2;0;2;2;10;0;0;1;1;10;
Kyle Korver;SG;33;1;3;1;3;1;1;0;5;5;1;1;1;2;1;4;
Mike Scott;;25;5;7;2;3;3;4;0;0;0;4;1;0;1;1;15;
Mike Muscala;;5;2;2;0;0;0;0;0;1;1;0;0;0;0;1;4;
Pero Antic;;13;4;6;1;2;2;3;2;2;4;2;0;0;0;4;11;
Thabo Sefolosha;;17;1;3;1;1;0;0;2;5;7;4;0;0;1;1;3;
Shelvin Mack;;23;7;8;6;6;4;4;0;2;2;3;0;0;1;0;24;
John Jenkins;;3;0;0;0;0;0;0;0;1;1;0;0;0;0;0;0;
Kent Bazemore;;20;3;7;2;3;1;2;0;4;4;4;0;2;1;2;9;
CLE
Kevin Love;PF;32;4;10;2;6;3;3;1;9;10;6;0;0;1;1;13;
LeBron James;SF;29;8;16;0;2;5;7;0;3;3;2;2;0;2;0;21;
Anderson Varejao;C;21;2;4;0;0;0;0;0;2;2;0;1;0;0;3;4;
Kyrie Irving;PG;33;4;9;0;3;1;1;0;0;0;6;0;0;0;2;9;
Shawn Marion;SG;21;2;5;0;2;2;2;3;0;3;2;0;0;2;1;6;
Lou Amundson;;3;0;0;0;0;2;2;0;1;1;0;0;0;0;0;2;
James Jones;;12;2;5;2;5;0;0;0;2;2;1;0;0;0;1;6;
Tristan Thompson;;23;3;3;0;0;1;2;2;3;5;1;0;0;0;2;7;
A.J. Price;;8;0;3;0;1;0;0;2;0;2;0;0;0;0;0;0;
Dion Waiters;;27;9;18;1;3;2;2;2;1;3;4;0;0;0;3;21;
Matthew Dellavedova;;21;2;7;2;6;0;0;0;0;0;2;0;0;2;4;6;
Joe Harris;;12;1;2;1;2;0;2;0;2;2;0;0;0;1;0;3;
