03-18;IND-CHI;86-103;
22-24;19-27;27-25;18-27;
IND
David West;PF;27;2;10;0;0;2;3;1;3;4;7;0;1;0;4;6;
Solomon Hill;SF;26;5;10;1;2;2;2;1;5;6;3;1;0;1;2;13;
Roy Hibbert;C;31;4;8;0;0;4;4;0;4;4;0;0;1;1;4;12;
George Hill;PG;30;4;9;0;4;2;4;0;4;4;2;1;0;3;1;10;
C.J. Miles;SG;30;4;10;2;7;0;0;0;5;5;0;0;1;0;3;10;
Luis Scola;;18;3;9;0;0;4;4;2;5;7;0;0;2;0;4;10;
Lavoy Allen;;2;1;1;0;0;0;0;0;0;0;0;0;0;0;0;2;
Chris Copeland;;2;0;0;0;0;0;0;0;0;0;0;0;0;0;1;0;
Damjan Rudez;;9;1;2;0;1;0;0;0;0;0;0;0;0;0;3;2;
Ian Mahinmi;;15;1;3;0;0;0;0;0;5;5;0;0;2;2;1;2;
Donald Sloan;;2;0;0;0;0;0;0;0;0;0;1;0;0;0;0;0;
Rodney Stuckey;;31;4;11;1;2;2;4;0;2;2;1;0;1;2;0;11;
C.J. Watson;;16;3;8;2;3;0;0;1;0;1;2;1;0;0;0;8;
CHI
Pau Gasol;PF;33;7;13;1;1;4;4;1;11;12;2;0;0;1;2;19;
Mike Dunleavy;SF;39;7;14;5;8;2;2;0;5;5;2;1;1;2;3;21;
Tony Snell;SF;40;5;11;2;5;2;2;1;7;8;1;0;0;2;3;14;
Joakim Noah;C;29;2;7;0;0;2;4;4;10;14;7;0;0;2;4;6;
Aaron Brooks;PG;27;3;10;0;2;7;7;2;0;2;2;1;0;2;5;13;
Cameron Bairstow;;1;0;0;0;0;0;0;0;0;0;0;0;0;0;0;0;
Nikola Mirotic;;31;8;15;1;7;8;9;1;8;9;2;2;2;2;2;25;
Doug McDermott;;7;0;3;0;0;0;0;0;0;0;0;0;0;0;0;0;
Nazr Mohammed;;6;0;2;0;0;0;0;0;1;1;0;0;0;0;0;0;
Kirk Hinrich;;23;2;4;1;1;0;0;0;1;1;4;1;1;1;1;5;
E'Twaun Moore;;6;0;3;0;0;0;0;0;0;0;2;1;0;0;3;0;
