12-05;CLE-TOR;105-91;
30-21;21-23;25-20;29-27;
CLE
Kevin Love;PF;40;5;13;3;8;2;2;0;13;13;0;0;0;4;1;15;
LeBron James;SF;42;9;18;2;4;4;6;0;7;7;13;3;1;4;2;24;
Anderson Varejao;C;17;4;7;0;0;1;2;2;2;4;2;1;0;3;4;9;
Kyrie Irving;PG;38;7;16;1;3;0;0;3;1;4;6;2;1;1;1;15;
Shawn Marion;SG;30;4;6;1;1;0;0;1;3;4;1;0;0;1;1;9;
James Jones;;15;2;3;2;2;2;3;0;0;0;0;0;0;0;4;8;
Tristan Thompson;;33;8;13;0;0;5;8;9;5;14;2;0;0;0;5;21;
Dion Waiters;;24;2;8;0;2;0;0;0;2;2;4;1;0;0;3;4;
Joe Harris;;0;0;0;0;0;0;0;0;0;0;0;0;0;0;0;0;
TOR
Amir Johnson;PF;33;11;15;1;1;4;6;5;2;7;4;1;0;1;2;27;
Terrence Ross;SF;31;2;9;2;5;0;0;1;5;6;0;1;1;1;0;6;
Jonas Valanciunas;C;20;3;7;0;0;1;2;0;2;2;0;0;2;0;3;7;
Kyle Lowry;PG;40;7;18;2;5;6;8;1;3;4;9;1;0;4;2;22;
Greivis Vasquez;PG;28;2;11;0;3;0;0;0;1;1;5;0;1;1;0;4;
Tyler Hansbrough;;4;0;0;0;0;0;0;0;0;0;0;0;0;0;0;0;
James Johnson;;28;5;10;1;2;0;0;1;5;6;4;1;0;0;4;11;
Patrick Patterson;;27;2;8;1;6;1;2;3;5;8;1;0;0;1;1;6;
Chuck Hayes;;10;1;1;0;0;1;2;2;1;3;0;0;0;0;3;3;
Louis Williams;;20;2;7;1;2;0;0;1;2;3;2;0;0;3;2;5;
