01-21;BKN-SAC;103-100;
36-24;26-22;20-23;21-31;
BKN
Kevin Garnett;PF;14;2;3;0;0;0;0;0;5;5;0;0;0;0;3;4;
Joe Johnson;SF;37;6;15;1;4;3;4;4;4;8;4;1;0;0;3;16;
Mason Plumlee;C;11;3;3;0;0;0;1;0;0;0;2;1;0;2;4;6;
Jarrett Jack;PG;39;5;10;1;4;5;7;0;4;4;8;2;0;4;2;16;
Bojan Bogdanovic;SG;31;3;10;0;3;4;4;0;3;3;1;1;0;3;2;10;
Mirza Teletovic;;21;2;5;1;2;0;0;2;5;7;1;0;0;1;2;5;
Jerome Jordan;;2;0;1;0;0;0;0;1;0;1;0;0;0;0;2;0;
Brook Lopez;;38;8;15;0;1;6;7;2;4;6;3;1;6;3;4;22;
Darius Morris;;13;3;6;0;2;1;2;1;1;2;1;0;0;0;0;7;
Markel Brown;;5;1;3;1;1;0;0;0;2;2;0;0;0;0;0;3;
Alan Anderson;;29;4;8;1;3;5;5;0;5;5;2;1;0;1;2;14;
SAC
Jason Thompson;PF;22;2;2;0;0;0;0;1;1;2;0;0;1;2;3;4;
Rudy Gay;SF;42;10;19;1;4;4;4;1;7;8;6;1;1;1;3;25;
DeMarcus Cousins;C;41;10;24;0;0;8;11;6;8;14;3;2;0;2;3;28;
Darren Collison;PG;37;6;13;2;7;2;2;1;1;2;5;2;0;3;4;16;
Ben McLemore;SG;37;3;10;2;7;1;2;0;5;5;3;0;0;1;2;9;
Derrick Williams;;11;2;4;0;0;2;3;0;1;1;0;0;0;0;0;6;
Omri Casspi;;19;5;8;0;0;0;2;1;4;5;1;0;0;2;1;10;
Reggie Evans;;3;0;0;0;0;0;0;0;1;1;0;0;0;1;0;0;
Ray McCallum;;0;0;0;0;0;0;0;0;0;0;0;0;0;0;0;0;
Ramon Sessions;;22;1;4;0;0;0;0;0;4;4;4;0;0;2;2;2;
Nik Stauskas;;7;0;0;0;0;0;0;0;0;0;0;0;0;0;1;0;
