01-21;HOU-GS;113-126;
29-32;13-30;36-40;35-24;
HOU
Donatas Motiejunas;PF;25;2;8;0;0;0;0;3;0;3;2;0;0;0;2;4;
Trevor Ariza;SF;27;2;9;2;6;0;0;2;1;3;0;2;0;1;2;6;
Dwight Howard;C;24;3;8;0;0;1;2;4;7;11;0;1;0;5;5;7;
Patrick Beverley;PG;26;3;6;0;3;0;0;1;2;3;3;1;0;2;3;6;
James Harden;SG;32;8;18;3;6;14;16;2;2;4;6;2;1;2;2;33;
Kostas Papanikolaou;;15;1;2;0;1;0;0;0;2;2;3;0;0;2;1;2;
Josh Smith;;14;2;4;1;2;0;0;0;2;2;2;0;1;2;0;5;
Joey Dorsey;;17;3;5;0;0;1;2;4;8;12;2;1;0;1;4;7;
Alexey Shved;;14;3;6;1;3;2;2;0;0;0;1;0;0;1;0;9;
Jason Terry;;20;4;8;4;6;2;2;0;0;0;1;1;1;2;3;14;
Corey Brewer;;27;6;13;2;5;6;7;1;5;6;3;1;0;1;0;20;
GS
Harrison Barnes;SF;28;4;8;2;4;1;1;2;3;5;1;0;0;1;5;11;
Draymond Green;SF;33;7;12;3;5;1;2;1;5;6;2;1;1;1;5;18;
Andrew Bogut;C;22;4;6;0;0;1;1;2;8;10;1;1;5;2;1;9;
Stephen Curry;PG;34;7;12;3;5;5;6;2;1;3;10;1;0;6;3;22;
Klay Thompson;SG;31;10;21;3;8;4;4;3;0;3;5;4;0;0;2;27;
David Lee;;20;4;9;0;0;1;2;5;5;10;3;3;1;2;2;9;
Marreese Speights;;8;3;5;1;1;2;2;1;1;2;0;0;1;2;3;9;
Shaun Livingston;;14;4;5;0;0;0;0;0;1;1;2;2;1;0;0;8;
Justin Holiday;;5;0;2;0;2;0;0;0;2;2;0;1;0;1;0;0;
Brandon Rush;;5;0;1;0;1;0;0;0;1;1;0;0;0;0;0;0;
Leandro Barbosa;;13;3;8;0;1;0;0;0;2;2;0;0;0;1;1;6;
Andre Iguodala;;27;3;9;1;2;0;0;0;1;1;2;0;0;0;1;7;
