01-15;OKC-HOU;101-112;
18-40;35-24;22-24;26-24;
OKC
Serge Ibaka;PF;33;4;11;2;4;3;3;0;7;7;3;0;1;0;2;13;
Kevin Durant;SF;40;8;12;4;6;4;4;3;7;10;1;0;3;4;1;24;
Steven Adams;C;15;1;3;0;0;3;4;2;0;2;0;1;1;0;1;5;
Russell Westbrook;PG;38;6;13;1;3;3;4;3;5;8;8;5;0;8;5;16;
Andre Roberson;SG;8;0;4;0;2;0;0;1;2;3;0;0;1;1;1;0;
Nick Collison;;3;0;0;0;0;0;0;0;0;0;0;0;0;1;0;0;
Perry Jones;;3;0;1;0;1;0;0;0;0;0;0;0;0;0;1;0;
Kendrick Perkins;;20;2;4;0;0;2;3;1;2;3;2;1;0;2;2;6;
Ish Smith;;3;0;0;0;0;0;0;0;1;1;2;0;0;0;0;0;
Reggie Jackson;;25;7;12;1;3;1;3;0;6;6;6;1;1;1;1;16;
Anthony Morrow;;18;0;3;0;3;2;3;0;0;0;0;0;0;0;1;2;
Jeremy Lamb;;3;1;2;1;2;0;0;0;2;2;1;0;0;0;0;3;
Dion Waiters;;31;6;16;2;5;2;4;0;1;1;2;0;2;0;4;16;
HOU
Donatas Motiejunas;PF;29;6;12;2;3;0;0;1;3;4;3;1;0;1;3;14;
Trevor Ariza;SF;38;6;15;3;9;2;2;0;2;2;4;4;0;1;2;17;
Dwight Howard;C;34;5;11;0;0;3;4;2;6;8;1;3;1;1;3;13;
Patrick Beverley;PG;32;5;11;3;7;0;0;0;5;5;1;1;1;2;3;13;
James Harden;SG;37;9;15;6;8;7;9;1;8;9;10;1;0;2;3;31;
Kostas Papanikolaou;;7;2;2;1;1;0;0;0;0;0;0;0;0;0;3;5;
Josh Smith;;19;6;10;0;1;1;2;4;3;7;2;1;0;3;0;13;
Joey Dorsey;;2;0;0;0;0;1;2;1;1;2;1;0;0;0;0;1;
Alexey Shved;;2;0;1;0;1;0;0;0;0;0;0;0;0;0;0;0;
Jason Terry;;14;0;2;0;2;0;0;1;1;2;1;1;0;1;0;0;
Corey Brewer;;27;2;7;1;4;0;0;1;1;2;2;0;1;1;2;5;
