12-10;MIA-DEN;82-102;
21-22;27-26;14-31;20-23;
MIA
Luol Deng;SF;26;5;10;0;1;2;4;2;1;3;0;0;0;0;0;12;
Justin Hamilton;C;22;2;5;0;0;0;0;3;4;7;0;0;1;0;1;4;
Chris Bosh;C;34;5;12;1;3;3;5;0;2;2;1;0;1;1;1;14;
Norris Cole;PG;28;3;8;0;2;0;2;2;6;8;8;1;0;2;2;6;
Dwyane Wade;SG;28;4;15;0;0;2;2;1;2;3;5;0;0;3;1;10;
Udonis Haslem;;10;0;2;0;0;0;0;2;1;3;0;0;0;1;1;0;
James Ennis;;12;0;3;0;1;2;2;1;2;3;2;0;1;0;0;2;
Danny Granger;;21;1;6;1;5;2;2;2;1;3;0;0;0;0;4;5;
Shawne Williams;;24;3;9;3;6;0;0;1;3;4;1;0;2;1;5;9;
Hassan Whiteside;;6;3;3;0;0;0;0;1;2;3;0;0;1;0;0;6;
Shabazz Napier;;13;1;3;1;1;0;0;0;1;1;1;0;0;0;0;3;
Mario Chalmers;;15;3;6;1;3;4;4;1;1;2;0;0;0;2;5;11;
DEN
J.J. Hickson;PF;23;3;5;0;0;0;2;3;1;4;1;1;1;2;2;6;
Wilson Chandler;SF;24;8;17;1;5;0;0;2;6;8;0;0;0;1;1;17;
Timofey Mozgov;C;26;4;7;0;0;1;1;3;7;10;1;0;0;1;2;9;
Ty Lawson;PG;30;3;12;1;2;3;5;1;3;4;9;3;0;2;1;10;
Arron Afflalo;SG;28;6;8;1;2;3;4;0;4;4;1;0;1;1;1;16;
Kenneth Faried;;22;4;9;0;0;5;6;4;4;8;1;0;0;0;2;13;
Darrell Arthur;;20;1;6;1;4;1;1;1;1;2;0;1;2;0;2;4;
Alonzo Gee;;21;3;5;0;0;2;2;1;1;2;1;0;0;1;3;8;
Jusuf Nurkic;;5;0;2;0;0;1;2;1;4;5;0;0;0;1;2;1;
Erick Green;;18;4;7;2;5;1;2;0;1;1;3;1;0;0;0;11;
Gary Harris;;23;2;7;2;5;1;2;1;1;2;4;1;0;1;2;7;
