03-08;BOS-ORL;98-103;
31-17;18-26;20-26;29-34;
BOS
Brandon Bass;PF;38;9;14;1;1;0;0;10;7;17;5;0;0;3;4;19;
Jae Crowder;SF;32;2;12;1;5;2;2;1;5;6;2;0;0;1;4;7;
Tyler Zeller;C;23;3;9;0;0;0;0;2;4;6;0;0;0;1;5;6;
Marcus Smart;PG;39;6;16;4;9;0;0;2;3;5;2;5;1;3;2;16;
Evan Turner;SG;29;3;8;2;3;2;2;1;2;3;4;1;0;2;2;10;
Jonas Jerebko;;19;2;4;2;3;1;2;0;2;2;1;1;0;1;1;7;
Luigi Datome;;10;4;5;2;2;0;0;0;1;1;0;0;2;0;1;10;
Kelly Olynyk;;14;1;5;0;1;0;0;1;1;2;1;0;0;0;0;2;
Isaiah Thomas;;30;5;14;3;9;8;10;0;5;5;9;2;0;3;4;21;
James Young;;6;0;2;0;1;0;0;1;0;1;0;0;0;0;0;0;
ORL
Channing Frye;PF;16;2;10;1;4;1;2;3;2;5;1;0;1;1;2;6;
Tobias Harris;SF;42;8;17;2;7;3;3;0;4;4;1;2;2;1;0;21;
Dewayne Dedmon;C;28;4;6;0;0;3;6;8;8;16;0;0;2;1;0;11;
Elfrid Payton;PG;42;7;16;0;1;5;6;1;9;10;7;1;0;3;5;19;
Victor Oladipo;SG;42;7;16;2;3;6;6;1;6;7;5;2;0;1;4;22;
Aaron Gordon;;15;1;3;0;2;0;0;0;2;2;0;0;1;0;1;2;
Andrew Nicholson;;9;3;5;0;1;0;0;0;1;1;1;0;1;3;0;6;
Kyle O'Quinn;;5;0;0;0;0;0;0;2;1;3;0;0;0;1;1;0;
Maurice Harkless;;30;6;11;2;3;0;3;2;5;7;3;3;1;2;2;14;
Ben Gordon;;10;0;3;0;1;2;4;1;0;1;2;0;0;2;0;2;
