11-15;MIN-DAL;117-131;
22-28;22-35;38-38;35-30;
MIN
Anthony Bennett;PF;29;4;8;0;0;2;2;1;6;7;4;0;0;0;2;10;
Andrew Wiggins;SF;23;2;6;0;0;1;2;2;1;3;0;1;0;1;1;5;
Nikola Pekovic;C;12;0;2;0;0;2;2;1;4;5;1;0;0;0;1;2;
Zach LaVine;PG;19;2;6;0;3;0;1;0;2;2;1;0;1;5;5;4;
Kevin Martin;SG;29;12;17;4;6;6;6;0;3;3;1;0;0;1;3;34;
Shabazz Muhammad;;14;6;7;1;1;5;5;2;2;4;2;0;0;2;1;18;
Chase Budinger;;15;1;3;1;2;0;0;0;3;3;0;0;1;1;2;3;
Robbie Hummel;;15;1;4;1;2;0;0;0;2;2;0;0;0;1;4;3;
Gorgui Dieng;;26;5;9;0;0;2;2;3;5;8;1;1;0;2;5;12;
Mo Williams;;29;5;10;0;1;3;4;1;0;1;8;0;0;2;4;13;
Corey Brewer;;29;5;14;0;2;3;5;2;1;3;6;0;0;2;2;13;
Glenn Robinson III;;1;0;0;0;0;0;0;0;0;0;0;0;0;0;0;0;
DAL
Dirk Nowitzki;PF;23;6;9;1;3;2;2;0;3;3;1;0;0;0;1;15;
Chandler Parsons;SF;29;5;12;1;4;1;2;2;3;5;5;0;1;1;2;12;
Tyson Chandler;C;24;5;7;0;0;2;2;7;9;16;2;0;3;0;2;12;
Jameer Nelson;PG;22;2;6;1;3;0;0;0;0;0;6;0;0;0;3;5;
Monta Ellis;SG;35;11;21;3;7;5;5;0;0;0;3;1;0;3;3;30;
Greg Smith;;1;0;0;0;0;0;0;0;0;0;1;0;0;0;0;0;
Charlie Villanueva;;3;0;1;0;1;0;0;0;0;0;0;0;0;0;0;0;
Brandan Wright;;21;6;6;0;0;1;2;2;3;5;1;0;1;1;3;13;
Jae Crowder;;6;1;3;1;2;0;0;0;1;1;0;0;1;0;0;3;
Al-Farouq Aminu;;23;5;7;0;2;0;0;1;5;6;1;3;2;0;2;10;
Richard Jefferson;;12;4;5;0;1;2;4;0;1;1;1;0;1;2;0;10;
J.J. Barea;;21;4;9;0;0;6;6;0;1;1;5;1;0;0;4;14;
Devin Harris;;21;3;8;1;3;0;0;0;2;2;5;0;1;0;4;7;
