12-23;CHA-MIL;108-101;
28-30;26-26;34-24;20-21;
CHA
Cody Zeller;PF;22;1;4;0;0;4;4;3;2;5;1;0;0;2;3;6;
Michael Kidd-Gilchrist;SF;27;4;10;0;0;2;2;3;2;5;2;0;1;0;3;10;
Al Jefferson;C;31;6;11;0;0;0;0;0;9;9;2;0;0;1;1;12;
Kemba Walker;PG;36;9;18;1;4;8;10;0;1;1;4;2;0;2;4;27;
Gerald Henderson;SG;32;6;10;1;1;7;8;0;2;2;4;1;0;2;2;20;
Marvin Williams;;27;4;6;4;5;0;0;0;7;7;2;2;1;1;2;12;
Bismack Biyombo;;16;1;2;0;0;2;6;3;2;5;0;0;3;0;2;4;
Brian Roberts;;12;1;5;0;2;0;0;1;3;4;4;0;0;0;1;2;
P.J. Hairston;;17;4;7;2;4;0;0;0;2;2;0;1;0;2;2;10;
Gary Neal;;20;0;9;0;5;5;6;1;2;3;2;0;0;2;1;5;
MIL
Johnny O'Bryant III;PF;6;2;3;0;0;0;0;0;1;1;1;0;0;0;1;4;
Giannis Antetokounmpo;SF;35;3;4;0;0;5;6;1;5;6;2;2;2;3;4;11;
Larry Sanders;C;27;1;6;0;0;3;6;3;5;8;3;0;2;3;4;5;
Brandon Knight;PG;34;13;21;4;7;4;4;0;2;2;5;1;0;4;3;34;
O.J. Mayo;SG;21;3;8;1;2;0;0;0;3;3;3;1;0;2;2;7;
Ersan Ilyasova;;16;2;8;0;3;0;0;1;3;4;1;0;0;2;2;4;
Jared Dudley;;29;4;9;2;5;0;0;2;2;4;0;1;1;1;2;10;
Zaza Pachulia;;17;1;6;0;0;1;1;2;2;4;2;0;0;2;2;3;
Kendall Marshall;;13;1;3;0;1;1;1;0;4;4;1;2;0;0;0;3;
Jerryd Bayless;;22;4;7;0;1;0;0;0;1;1;4;0;0;1;3;8;
Khris Middleton;;20;5;7;1;2;1;2;0;3;3;3;0;1;2;2;12;
