02-08;ATL-MEM;88-94;
16-20;27-22;23-27;22-25;
ATL
Paul Millsap;PF;29;2;10;0;3;0;0;0;6;6;1;1;3;2;2;4;
DeMarre Carroll;SF;30;3;9;2;6;2;2;1;4;5;2;1;0;1;3;10;
Al Horford;C;32;2;11;0;0;2;2;1;11;12;2;0;0;4;3;6;
Jeff Teague;PG;32;9;13;1;2;3;4;0;1;1;6;0;0;4;1;22;
Kyle Korver;SG;37;3;6;2;5;0;0;0;4;4;0;1;1;2;2;8;
Mike Scott;;20;4;7;3;4;0;0;1;0;1;1;0;0;0;1;11;
Pero Antic;;16;1;4;0;3;0;0;0;2;2;0;1;1;0;0;2;
Dennis Schroder;;15;4;9;2;3;1;1;0;1;1;3;0;0;1;1;11;
Kent Bazemore;;30;5;11;2;4;2;2;0;5;5;2;2;0;0;3;14;
MEM
Zach Randolph;PF;33;5;16;0;0;1;2;5;10;15;2;2;0;1;2;11;
Jeff Green;SF;26;3;10;1;3;4;4;3;3;6;0;1;0;1;1;11;
Marc Gasol;C;36;6;14;0;1;4;4;0;10;10;3;0;2;2;1;16;
Mike Conley;PG;33;7;12;2;4;5;5;0;3;3;6;3;0;1;1;21;
Courtney Lee;SG;31;3;10;0;1;0;0;0;3;3;0;0;0;1;2;6;
Jon Leuer;;8;2;3;0;1;0;0;1;1;2;0;0;0;0;1;4;
Tony Allen;;27;4;9;0;0;1;2;4;1;5;2;1;1;1;1;9;
Kosta Koufos;;17;4;7;0;0;2;2;3;4;7;0;0;1;1;1;10;
Beno Udrih;;19;2;7;0;2;2;2;1;0;1;3;0;0;2;0;6;
Nick Calathes;;11;0;4;0;1;0;0;0;3;3;2;1;0;1;2;0;
