12-03;ATL-MIA;112-102;
27-18;28-29;33-25;24-30;
ATL
Paul Millsap;PF;34;6;12;1;1;1;3;2;4;6;5;2;0;4;4;14;
DeMarre Carroll;SF;22;2;9;0;2;2;3;2;3;5;1;1;0;1;3;6;
Al Horford;C;29;2;3;0;0;2;2;0;2;2;3;0;1;2;2;6;
Jeff Teague;PG;34;8;11;3;5;8;8;0;5;5;6;3;0;2;1;27;
Kyle Korver;SG;35;6;12;3;7;3;3;0;6;6;2;1;0;2;4;18;
Mike Scott;;13;4;5;1;1;0;0;0;0;0;0;0;0;0;2;9;
Pero Antic;;20;1;4;0;2;2;2;0;1;1;0;0;0;3;4;4;
Thabo Sefolosha;;17;3;4;1;1;0;0;0;2;2;2;0;0;0;2;7;
Shelvin Mack;;14;2;5;1;3;0;0;1;1;2;3;1;0;1;1;5;
Dennis Schroder;;22;6;9;2;3;2;2;0;1;1;3;1;0;1;1;16;
Kent Bazemore;;0;0;0;0;0;0;0;0;0;0;0;0;0;0;0;0;
MIA
Josh McRoberts;PF;21;2;4;0;1;0;0;0;0;0;5;3;0;4;3;4;
Luol Deng;SF;17;1;3;0;1;3;4;0;3;3;0;1;0;2;1;5;
Chris Bosh;C;38;9;12;3;3;6;8;0;11;11;1;0;2;2;1;27;
Mario Chalmers;PG;35;6;8;0;2;7;9;0;5;5;11;1;1;3;3;19;
Dwyane Wade;SG;34;11;20;0;2;6;9;2;1;3;7;2;1;4;3;28;
Udonis Haslem;;12;1;1;0;0;0;0;0;2;2;0;0;1;1;4;2;
James Ennis;;17;1;3;0;0;0;0;1;1;2;0;1;0;0;2;2;
Danny Granger;;9;0;2;0;1;0;0;0;0;0;0;0;0;0;1;0;
Shawne Williams;;18;2;5;2;3;0;0;0;1;1;0;0;0;1;2;6;
Justin Hamilton;;7;1;2;0;0;0;0;0;1;1;0;0;0;1;0;2;
Shabazz Napier;;32;2;4;1;3;2;2;1;1;2;1;2;0;0;4;7;
