01-25;HOU-LAL;99-87;
30-15;22-21;28-24;19-27;
HOU
Donatas Motiejunas;PF;32;3;8;0;0;2;2;2;7;9;2;1;0;0;3;8;
Trevor Ariza;SF;32;3;14;1;8;2;2;2;5;7;5;3;0;1;3;9;
Joey Dorsey;C;25;1;3;0;0;2;2;3;4;7;0;1;1;1;5;4;
Patrick Beverley;PG;26;3;10;3;10;0;0;2;5;7;2;2;1;1;4;9;
James Harden;SG;35;12;20;4;11;9;10;1;7;8;5;2;0;6;0;37;
Kostas Papanikolaou;;10;0;1;0;1;0;0;0;1;1;0;0;0;0;1;0;
Josh Smith;;25;5;10;1;2;0;0;1;4;5;1;2;2;1;1;11;
Clint Capela;;6;0;3;0;0;0;2;0;0;0;0;0;0;0;1;0;
Alexey Shved;;2;0;0;0;0;0;0;0;0;0;0;0;0;2;0;0;
Corey Brewer;;27;4;9;2;5;0;1;0;1;1;3;1;0;1;4;10;
Jason Terry;;21;4;9;2;7;1;2;0;1;1;4;1;0;1;1;11;
LAL
Ryan Kelly;PF;20;0;3;0;1;2;2;0;1;1;3;1;0;0;1;2;
Jordan Hill;C;21;5;9;0;0;0;0;2;5;7;1;0;0;1;1;10;
Robert Sacre;C;21;2;4;0;0;1;2;1;7;8;1;0;0;2;3;5;
Jordan Clarkson;PG;28;2;10;0;3;4;4;0;0;0;2;1;0;5;2;8;
Wayne Ellington;SG;25;6;12;1;3;0;0;0;5;5;3;0;0;0;1;13;
Tarik Black;;7;1;1;0;0;1;2;1;4;5;0;0;0;3;0;3;
Ed Davis;;25;3;8;0;0;0;0;4;9;13;0;1;1;0;3;6;
Carlos Boozer;;22;9;13;0;0;0;0;4;7;11;2;0;1;2;2;18;
Wesley Johnson;;28;3;6;0;2;0;1;0;0;0;2;0;0;2;2;6;
Nick Young;;8;0;2;0;1;0;0;1;2;3;0;0;0;3;0;0;
Jeremy Lin;;28;2;9;0;3;10;14;0;0;0;6;0;0;3;2;14;
Ronnie Price;;7;1;2;0;0;0;0;0;0;0;0;1;0;0;1;2;
