12-30;PHX-NO;106-110;
25-31;28-24;26-26;27-29;
PHX
Markieff Morris;PF;29;6;14;0;1;1;1;1;1;2;1;0;0;0;4;13;
P.J. Tucker;SF;31;3;4;2;2;2;2;0;5;5;1;1;1;0;2;10;
Alex Len;C;20;2;3;0;0;0;0;1;5;6;1;0;0;1;2;4;
Eric Bledsoe;PG;37;6;13;0;3;9;12;2;6;8;3;2;2;2;1;21;
Goran Dragic;SG;36;10;17;1;2;1;2;1;2;3;3;0;0;1;3;22;
Marcus Morris;;20;3;7;2;5;0;0;2;1;3;1;3;1;1;3;8;
Miles Plumlee;;18;3;5;0;0;0;0;3;2;5;2;0;1;0;1;6;
Isaiah Thomas;;24;2;10;1;3;0;0;1;2;3;3;1;1;1;2;5;
Gerald Green;;25;6;13;3;5;2;2;0;3;3;2;0;0;0;3;17;
NO
Anthony Davis;PF;42;7;15;0;0;5;5;5;13;18;2;0;1;1;2;19;
Luke Babbitt;SF;11;1;2;1;2;0;0;1;3;4;0;0;0;0;0;3;
Omer Asik;C;25;5;6;0;0;1;6;3;5;8;1;0;1;0;0;11;
Jrue Holiday;PG;32;8;13;3;5;2;2;0;3;3;6;2;0;3;4;21;
Tyreke Evans;SG;35;8;20;1;5;7;10;1;7;8;4;1;0;2;4;24;
Dante Cunningham;;24;2;4;0;0;0;1;1;1;2;0;1;0;1;2;4;
Ryan Anderson;;28;8;10;3;4;0;2;1;3;4;1;0;0;3;2;19;
Jimmer Fredette;;21;3;7;0;2;3;3;1;0;1;4;0;0;0;2;9;
Austin Rivers;;22;0;4;0;0;0;0;0;1;1;1;0;0;0;2;0;
