11-15;CHA-GS;87-112;
23-28;23-39;22-29;19-16;
CHA
Marvin Williams;PF;15;0;3;0;2;0;0;0;3;3;0;0;0;1;0;0;
Al Jefferson;C;24;8;14;0;0;3;5;2;4;6;1;0;0;2;4;19;
Kemba Walker;PG;27;3;14;0;2;2;5;0;3;3;5;1;0;1;1;8;
Lance Stephenson;SG;25;7;10;2;2;0;0;0;0;0;4;1;0;4;3;16;
P.J. Hairston;SG;18;1;2;1;1;0;0;0;0;0;1;0;0;1;0;3;
Noah Vonleh;;6;0;1;0;0;0;0;0;0;0;0;1;0;0;0;0;
Cody Zeller;;19;1;5;0;0;3;7;4;6;10;0;0;0;0;1;5;
Jason Maxiell;;14;0;2;0;0;0;2;1;1;2;0;0;0;0;1;0;
Bismack Biyombo;;18;0;0;0;0;3;4;1;3;4;0;0;2;1;2;3;
Jannero Pargo;;15;3;8;1;4;0;0;0;1;1;0;0;0;0;0;7;
Brian Roberts;;21;6;12;2;4;3;3;1;2;3;2;0;0;0;0;17;
Gary Neal;;11;1;5;0;0;2;2;0;3;3;0;0;0;0;0;4;
Gerald Henderson;;28;2;8;1;2;0;0;1;5;6;1;2;0;2;1;5;
GS
Harrison Barnes;SF;23;7;11;3;5;0;0;0;4;4;1;0;0;1;5;17;
Draymond Green;SF;29;3;8;1;5;0;0;1;5;6;2;0;0;2;2;7;
Andrew Bogut;C;22;6;7;0;0;1;2;2;7;9;2;1;0;2;3;13;
Stephen Curry;PG;28;8;15;3;6;0;1;2;3;5;9;1;0;1;3;19;
Klay Thompson;SG;27;7;13;4;6;3;3;1;3;4;5;3;1;2;1;21;
Ognjen Kuzmic;;6;0;0;0;0;0;0;0;2;2;0;0;0;0;1;0;
Festus Ezeli;;12;3;6;0;0;2;3;2;3;5;0;0;0;1;2;8;
Marreese Speights;;14;4;8;0;1;5;5;0;6;6;2;1;0;0;4;13;
Shaun Livingston;;20;4;6;0;0;0;0;0;0;0;1;0;1;1;0;8;
Justin Holiday;;10;0;2;0;1;0;0;0;1;1;1;0;0;1;0;0;
Brandon Rush;;8;1;1;0;0;0;0;0;1;1;1;0;0;2;0;2;
Leandro Barbosa;;15;2;6;0;1;0;0;2;2;4;2;1;1;0;2;4;
Andre Iguodala;;26;0;4;0;1;0;0;1;3;4;4;0;0;1;2;0;
