12-04;CLE-NY;90-87;
25-24;25-29;18-20;22-14;
CLE
Kevin Love;PF;39;4;11;0;2;3;4;2;9;11;2;0;1;1;1;11;
LeBron James;SF;40;7;17;1;6;4;7;1;4;5;12;2;0;4;2;19;
Anderson Varejao;C;29;3;6;0;0;2;2;1;2;3;1;3;0;0;3;8;
Kyrie Irving;PG;44;12;18;3;6;10;11;0;3;3;2;2;0;3;1;37;
Shawn Marion;SG;27;2;8;1;3;0;0;2;4;6;1;0;0;2;2;5;
Tristan Thompson;;25;0;2;0;0;2;2;0;3;3;0;0;0;2;3;2;
A.J. Price;;1;0;0;0;0;0;0;0;0;0;0;0;0;0;0;0;
Dion Waiters;;20;3;6;0;0;0;0;0;0;0;1;0;0;3;1;6;
Joe Harris;;4;1;1;0;0;0;0;0;1;1;0;0;0;0;0;2;
Mike Miller;;12;0;1;0;1;0;0;0;1;1;0;1;0;2;3;0;
NY
Quincy Acy;SF;31;6;8;0;0;3;4;2;4;6;3;0;1;3;1;15;
Carmelo Anthony;SF;30;4;19;1;5;0;0;5;5;10;4;1;1;5;3;9;
Amar'e Stoudemire;C;30;8;13;0;0;2;2;3;6;9;2;1;1;5;4;18;
Jose Calderon;PG;28;1;5;1;4;0;0;0;1;1;3;1;0;2;3;3;
Iman Shumpert;SG;25;0;4;0;2;0;0;4;2;6;4;2;0;1;3;0;
Jason Smith;;13;1;3;0;0;0;0;1;1;2;1;0;0;1;2;2;
Samuel Dalembert;;18;3;6;0;0;0;0;2;7;9;0;2;0;2;5;6;
Shane Larkin;;16;2;6;1;3;0;0;0;1;1;1;1;0;0;3;5;
Pablo Prigioni;;8;0;2;0;2;0;0;0;0;0;4;3;0;0;0;0;
J.R. Smith;;19;4;8;1;2;0;0;0;0;0;3;0;0;2;0;9;
Tim Hardaway Jr.;;22;8;14;4;8;0;0;0;3;3;1;0;0;0;1;20;
