11-19;MIL-BKN;122-118;
22-24;19-25;28-23;26-23;10-10;7-7;10-6;
MIL
Giannis Antetokounmpo;SF;48;7;11;0;1;4;8;1;11;12;4;3;0;2;4;18;
Jabari Parker;SF;42;8;13;0;0;7;10;3;4;7;1;2;0;1;3;23;
Larry Sanders;C;14;2;6;0;0;0;0;2;2;4;0;0;0;1;1;4;
Brandon Knight;PG;49;5;20;2;10;6;6;0;3;3;8;2;0;4;1;18;
Khris Middleton;SG;28;3;8;0;2;0;0;0;1;1;2;0;0;1;3;6;
Ersan Ilyasova;;21;7;12;0;0;0;0;2;3;5;1;3;0;0;3;14;
Jared Dudley;;12;1;4;0;2;0;0;3;2;5;2;0;0;0;0;2;
John Henson;;19;4;6;0;0;0;0;1;1;2;1;0;3;1;2;8;
Zaza Pachulia;;29;2;7;0;0;0;0;2;3;5;1;1;1;2;5;4;
Jerryd Bayless;;14;2;4;0;1;0;0;0;0;0;1;0;0;0;2;4;
O.J. Mayo;;39;7;17;3;8;4;4;2;5;7;2;1;0;1;4;21;
BKN
Kevin Garnett;PF;31;1;4;0;1;2;2;2;7;9;3;2;0;0;3;4;
Joe Johnson;SF;52;7;15;1;2;3;3;0;5;5;8;0;0;3;3;18;
Brook Lopez;C;44;11;19;0;0;4;4;2;5;7;2;1;3;7;3;26;
Deron Williams;PG;52;7;14;3;7;1;2;1;4;5;7;2;0;4;4;18;
Bojan Bogdanovic;SG;47;7;16;4;11;1;2;3;4;7;0;0;0;1;1;19;
Mirza Teletovic;;28;4;10;1;7;5;7;0;3;3;1;0;2;1;4;14;
Jerome Jordan;;7;1;1;0;0;0;0;1;0;1;1;0;1;1;2;2;
Mason Plumlee;;7;1;2;0;0;1;3;0;2;2;0;1;0;0;2;3;
Jarrett Jack;;35;5;9;0;2;4;6;0;9;9;4;1;0;3;2;14;
Alan Anderson;;11;0;2;0;1;0;0;1;0;1;0;0;0;0;1;0;
