12-21;NY-TOR;108-118;
25-33;26-25;24-33;33-27;
NY
Carmelo Anthony;SF;38;12;26;1;4;3;5;2;3;5;3;1;0;2;2;28;
Quincy Acy;SF;26;3;8;0;0;1;2;1;3;4;1;0;2;2;3;7;
Cole Aldrich;C;22;4;4;0;0;3;3;1;6;7;0;0;2;1;2;11;
Jose Calderon;PG;34;4;11;1;3;6;6;0;3;3;10;0;0;2;3;15;
Tim Hardaway Jr.;SG;33;3;8;2;4;2;2;1;2;3;4;1;0;0;1;10;
Jason Smith;;21;6;11;0;0;4;4;0;3;3;2;1;0;1;5;16;
Travis Wear;;14;2;5;0;0;2;2;2;0;2;1;1;1;1;1;6;
Samuel Dalembert;;14;1;1;0;0;0;0;1;1;2;0;1;0;1;1;2;
Shane Larkin;;17;2;3;1;1;0;0;0;1;1;1;0;0;1;2;5;
Pablo Prigioni;;21;3;5;0;2;2;2;0;2;2;5;1;0;0;2;8;
TOR
Amir Johnson;PF;32;4;7;0;0;1;4;4;6;10;1;2;1;4;5;9;
James Johnson;PF;24;5;7;0;1;0;0;3;3;6;2;0;2;0;2;10;
Terrence Ross;SF;36;7;15;4;9;0;1;0;2;2;1;0;0;0;1;18;
Jonas Valanciunas;C;22;2;6;0;0;6;6;2;4;6;1;0;0;0;3;10;
Kyle Lowry;PG;31;7;12;2;4;6;6;0;4;4;9;3;0;4;1;22;
Patrick Patterson;;21;2;6;1;4;0;0;2;2;4;3;1;1;0;5;5;
Tyler Hansbrough;;19;0;2;0;0;1;4;4;1;5;1;0;0;0;4;1;
Bruno Caboclo;;2;0;3;0;0;0;0;1;0;1;0;0;0;0;0;0;
Lucas Nogueira;;2;0;1;0;0;0;0;0;0;0;0;0;0;0;0;0;
Greivis Vasquez;;25;9;13;3;5;0;0;0;3;3;5;0;0;2;2;21;
Louis Williams;;26;6;14;4;10;6;6;0;2;2;1;1;0;0;1;22;
