03-11;BKN-MIA;98-104;
23-34;28-28;16-20;31-22;
BKN
Thaddeus Young;SF;33;6;11;1;2;2;4;2;5;7;1;2;0;0;3;15;
Joe Johnson;SF;36;3;11;0;3;6;6;1;2;3;2;0;0;5;3;12;
Brook Lopez;C;33;6;11;0;1;3;4;5;9;14;1;0;1;0;1;15;
Deron Williams;PG;32;6;10;3;4;3;3;0;4;4;4;2;0;6;5;18;
Markel Brown;SG;29;0;3;0;2;2;2;0;1;1;0;1;0;1;4;2;
Cory Jefferson;;15;1;6;0;1;0;2;0;2;2;1;1;0;0;2;2;
Mason Plumlee;;15;3;7;0;0;2;6;4;2;6;0;1;1;2;3;8;
Jarrett Jack;;22;5;8;1;1;7;8;1;3;4;4;0;0;4;1;18;
Bojan Bogdanovic;;26;2;6;1;3;3;4;1;2;3;2;1;0;3;2;8;
MIA
Chris Andersen;PF;30;8;9;0;0;2;4;5;9;14;1;1;1;1;3;18;
Luol Deng;SF;37;3;9;1;4;3;4;0;1;1;3;1;0;0;4;10;
Henry Walker;SF;31;3;6;3;6;0;0;1;5;6;2;4;0;0;5;9;
Dwyane Wade;SG;34;10;25;0;1;8;11;2;1;3;9;2;0;2;1;28;
Goran Dragic;SG;35;5;9;1;3;6;9;0;1;1;3;2;0;1;3;17;
Udonis Haslem;;19;2;9;0;1;3;5;3;6;9;3;1;1;1;4;7;
Michael Beasley;;14;1;2;0;0;1;2;0;0;0;1;1;1;0;5;3;
Mario Chalmers;;25;3;7;1;4;1;3;0;3;3;0;1;0;2;3;8;
Tyler Johnson;;16;2;5;0;2;0;0;0;2;2;1;1;0;3;1;4;
