03-12;MEM-WSH;87-107;
33-26;14-34;24-29;16-18;
MEM
JaMychal Green;PF;33;6;11;0;1;1;2;2;4;6;1;0;1;3;4;13;
Jeff Green;SF;22;3;8;1;3;1;2;0;6;6;3;1;0;2;2;8;
Kosta Koufos;C;24;5;8;0;0;0;0;2;2;4;1;1;1;1;5;10;
Beno Udrih;PG;26;2;7;0;2;4;4;0;2;2;5;0;0;2;0;8;
Courtney Lee;SG;24;3;10;0;2;3;3;2;0;2;2;0;0;1;1;9;
Jarnell Stokes;;22;4;6;0;0;5;9;4;4;8;1;3;1;3;4;13;
Jon Leuer;;17;4;8;0;1;1;2;2;2;4;0;0;0;2;4;9;
Russ Smith;;15;0;3;0;1;4;4;1;0;1;1;1;0;3;3;4;
Jordan Adams;;20;1;5;0;2;2;2;0;0;0;1;3;0;2;5;4;
Nick Calathes;;28;1;9;1;3;1;2;1;6;7;3;0;0;2;1;4;
Vince Carter;;9;2;5;1;4;0;0;0;1;1;0;0;0;0;0;5;
WSH
Drew Gooden;PF;27;4;9;0;1;5;6;2;3;5;3;1;0;0;3;13;
Paul Pierce;SF;24;6;7;3;4;2;2;0;0;0;1;1;0;0;1;17;
Marcin Gortat;C;40;10;16;0;0;2;4;2;7;9;2;3;3;0;2;22;
John Wall;PG;30;8;11;1;2;4;5;0;7;7;6;1;2;2;1;21;
Bradley Beal;SG;27;4;11;0;3;1;2;0;3;3;4;1;0;3;3;9;
Toure' Murry;;4;1;1;0;0;2;2;0;0;0;0;1;0;2;2;4;
Otto Porter Jr.;;28;2;10;0;2;2;4;4;2;6;1;2;0;2;3;6;
Martell Webster;;8;0;2;0;1;1;2;0;1;1;0;0;0;1;1;1;
Rasual Butler;;10;1;3;1;3;0;0;0;0;0;0;0;0;0;1;3;
Kevin Seraphin;;7;1;1;0;0;0;0;1;1;2;1;0;0;1;3;2;
DeJuan Blair;;10;0;2;0;0;0;0;1;2;3;1;0;0;1;3;0;
Ramon Sessions;;27;3;7;0;1;3;4;0;6;6;6;1;0;1;1;9;
