02-05;WSH-CHA;87-94;
30-34;24-15;20-20;13-25;
WSH
Nene Hilario;PF;28;5;10;0;0;1;2;1;4;5;0;0;2;3;4;11;
Paul Pierce;SF;30;7;13;2;4;3;4;0;2;2;2;0;1;1;3;19;
Marcin Gortat;C;30;2;10;0;0;4;4;2;5;7;0;0;2;1;3;8;
John Wall;PG;38;6;13;0;1;3;4;0;3;3;13;1;0;4;1;15;
Bradley Beal;SG;11;0;5;0;0;1;2;1;2;3;0;0;0;0;0;1;
Kris Humphries;;22;2;9;0;0;0;0;1;4;5;1;0;0;0;1;4;
Otto Porter Jr.;;18;3;5;1;1;0;1;2;0;2;1;0;0;0;3;7;
Rasual Butler;;29;5;9;1;2;0;0;0;4;4;1;0;0;0;4;11;
DeJuan Blair;;15;2;5;0;0;0;0;2;3;5;1;0;0;2;3;4;
Garrett Temple;;18;3;5;1;2;0;0;0;1;1;1;1;0;1;4;7;
CHA
Cody Zeller;PF;23;0;3;0;0;0;0;1;4;5;1;0;1;3;5;0;
Michael Kidd-Gilchrist;SF;22;2;4;0;0;7;8;2;4;6;2;0;0;2;2;11;
Al Jefferson;C;27;3;12;0;0;2;4;3;7;10;1;1;3;0;3;8;
Brian Roberts;PG;38;5;13;1;7;1;1;1;2;3;5;0;0;0;1;12;
Gerald Henderson;SG;36;10;15;0;2;7;8;0;4;4;1;2;2;2;2;27;
Jason Maxiell;;21;3;4;0;0;5;6;2;6;8;0;1;7;0;2;11;
Marvin Williams;;25;3;7;2;5;0;0;2;6;8;0;1;2;2;1;8;
Lance Stephenson;;28;4;11;3;8;0;0;0;2;2;4;0;0;3;3;11;
Gary Neal;;20;3;7;0;3;0;0;1;3;4;1;0;0;2;0;6;
