12-08;CLE-BKN;110-88;
22-25;28-24;35-18;25-21;
CLE
Kevin Love;PF;32;7;14;2;5;3;6;3;11;14;1;0;0;1;1;19;
LeBron James;SF;34;8;17;1;3;1;2;0;4;4;7;3;0;3;2;18;
Anderson Varejao;C;24;2;5;0;0;3;4;7;7;14;1;0;0;2;1;7;
Kyrie Irving;PG;28;2;10;0;1;3;3;0;1;1;5;1;0;1;3;7;
Shawn Marion;SG;13;0;2;0;1;0;0;0;1;1;0;1;0;1;1;0;
Lou Amundson;;5;0;0;0;0;0;0;0;1;1;0;0;0;0;0;0;
James Jones;;14;4;5;4;5;0;0;0;2;2;1;1;0;0;1;12;
Tristan Thompson;;29;6;7;0;0;2;4;8;4;12;1;2;2;1;2;14;
Brendan Haywood;;5;1;2;0;0;0;0;0;2;2;0;0;1;1;3;2;
A.J. Price;;3;0;1;0;1;0;0;0;0;0;2;0;0;0;0;0;
Dion Waiters;;30;11;21;1;6;3;3;0;1;1;4;2;1;0;0;26;
Matthew Dellavedova;;16;1;4;0;1;0;0;2;1;3;3;0;1;3;3;2;
Joe Harris;;6;1;2;1;2;0;0;0;0;0;0;0;0;0;0;3;
BKN
Kevin Garnett;PF;19;6;9;0;0;2;3;2;5;7;0;0;0;2;1;14;
Mirza Teletovic;PF;22;5;12;1;6;0;2;1;3;4;2;0;1;0;3;11;
Deron Williams;PG;35;3;14;1;4;6;6;0;2;2;11;0;0;3;1;13;
Bojan Bogdanovic;SG;23;1;6;0;3;0;0;2;1;3;1;1;0;0;3;2;
Alan Anderson;SG;32;3;7;0;3;0;0;0;5;5;0;2;0;1;3;6;
Cory Jefferson;;10;2;5;0;1;0;0;0;1;1;0;0;0;0;0;4;
Mason Plumlee;;19;4;8;0;0;1;4;2;1;3;1;0;0;0;1;9;
Jerome Jordan;;26;6;8;0;0;0;0;2;1;3;2;1;1;3;4;12;
Jorge Gutierrez;;6;0;0;0;0;0;0;0;2;2;1;0;0;1;1;0;
Jarrett Jack;;23;1;4;1;1;1;2;0;1;1;5;1;0;2;1;4;
Markel Brown;;10;1;3;0;0;0;0;0;1;1;2;0;0;0;0;2;
Sergey Karasev;;14;4;5;1;1;2;2;1;0;1;0;1;0;0;0;11;
