12-17;HOU-DEN;115-111;
25-29;30-31;20-18;24-21;16-12;
HOU
Donatas Motiejunas;PF;42;7;13;3;5;1;3;1;5;6;0;1;1;2;2;18;
Trevor Ariza;SF;46;4;15;3;11;2;3;1;7;8;1;0;0;2;2;13;
Dwight Howard;C;43;7;16;0;0;10;15;4;12;16;1;0;4;4;4;24;
Patrick Beverley;PG;46;3;9;0;2;6;6;1;11;12;5;3;0;0;5;12;
James Harden;SG;45;11;21;1;7;18;21;1;3;4;10;2;0;4;2;41;
Tarik Black;;19;1;3;0;0;0;0;2;5;7;0;1;0;1;2;2;
Joey Dorsey;;1;0;0;0;0;0;0;0;0;0;0;0;0;0;0;0;
Isaiah Canaan;;7;0;2;0;1;0;0;0;0;0;0;0;0;0;1;0;
Nick Johnson;;18;2;6;1;2;0;0;0;2;2;0;0;0;3;5;5;
DEN
Kenneth Faried;PF;32;5;12;0;0;1;2;4;7;11;2;0;0;3;6;11;
Wilson Chandler;SF;35;8;17;5;10;2;2;1;5;6;0;1;1;2;3;23;
Timofey Mozgov;C;19;0;3;0;0;1;2;2;4;6;0;0;0;0;4;1;
Ty Lawson;PG;47;4;12;0;0;4;4;0;1;1;16;1;0;4;3;12;
Arron Afflalo;SG;34;7;17;3;7;5;6;1;1;2;1;1;0;4;5;22;
Darrell Arthur;;28;5;13;1;5;1;2;4;5;9;5;1;0;2;5;12;
J.J. Hickson;;21;4;8;0;0;0;0;1;4;5;2;1;0;0;2;8;
Alonzo Gee;;1;0;0;0;0;0;0;0;0;0;0;0;0;0;0;0;
Danilo Gallinari;;26;4;8;4;8;4;5;0;2;2;2;1;0;0;1;16;
Jusuf Nurkic;;17;3;6;0;0;0;0;2;6;8;0;2;0;0;5;6;
Nate Robinson;;6;0;3;0;0;0;0;1;0;1;2;0;0;0;2;0;
