04-01;BKN-NY;100-98;
30-21;28-32;27-18;15-27;
BKN
Thaddeus Young;SF;34;5;9;0;1;2;4;1;8;9;2;0;1;4;3;12;
Joe Johnson;SF;39;3;9;3;5;0;0;0;5;5;5;4;0;2;3;9;
Brook Lopez;C;34;9;15;0;0;0;0;3;4;7;1;0;5;0;4;18;
Deron Williams;PG;34;11;21;4;7;0;0;2;5;7;7;1;0;1;1;26;
Markel Brown;SG;35;5;8;0;0;4;4;0;4;4;2;3;0;0;3;14;
Mason Plumlee;;14;2;3;0;0;1;2;1;1;2;0;0;0;1;1;5;
Jarrett Jack;;15;2;6;1;1;2;2;0;1;1;5;0;0;0;1;7;
Bojan Bogdanovic;;18;2;6;1;2;0;0;0;1;1;1;0;1;0;0;5;
Alan Anderson;;17;2;4;0;0;0;0;0;1;1;1;0;0;2;1;4;
NY
Lou Amundson;PF;18;1;5;0;0;2;4;2;6;8;2;0;1;2;1;4;
Lance Thomas;SF;30;3;7;0;0;1;1;0;1;1;0;0;0;1;1;7;
Andrea Bargnani;C;27;9;16;2;3;2;2;2;3;5;0;0;1;2;1;22;
Langston Galloway;PG;32;5;12;2;6;1;1;1;4;5;4;3;0;1;2;13;
Shane Larkin;PG;38;2;8;0;2;0;0;2;3;5;7;2;0;1;2;4;
Jason Smith;;24;3;5;1;2;2;2;0;2;2;2;0;0;0;1;9;
Cleanthony Early;;27;6;11;2;5;0;0;1;5;6;1;1;2;3;3;14;
Quincy Acy;;18;4;6;2;3;2;2;0;2;2;0;0;0;0;2;12;
Ricky Ledo;;26;4;11;2;2;3;3;2;4;6;4;0;0;3;2;13;
