11-16;GS-LAL;136-115;
34-23;40-32;41-24;21-36;
GS
Harrison Barnes;SF;24;4;8;2;3;4;5;0;2;2;1;0;1;0;3;14;
Draymond Green;SF;24;4;5;2;2;0;0;0;8;8;1;0;0;0;3;10;
Andrew Bogut;C;21;7;9;0;0;1;1;0;10;10;4;0;1;0;4;15;
Stephen Curry;PG;30;10;19;5;9;5;5;0;4;4;15;1;0;3;0;30;
Klay Thompson;SG;29;5;11;2;7;6;6;0;3;3;3;0;3;2;3;18;
Ognjen Kuzmic;;8;1;2;0;0;0;0;0;2;2;0;0;0;2;1;2;
Festus Ezeli;;11;1;2;0;0;1;2;2;1;3;0;0;0;3;3;3;
Marreese Speights;;20;8;11;0;0;8;8;4;5;9;0;0;0;1;3;24;
Shaun Livingston;;18;0;4;0;0;3;4;3;3;6;4;0;0;2;1;3;
Justin Holiday;;9;1;4;1;2;0;0;0;0;0;0;0;0;2;2;3;
Brandon Rush;;6;0;1;0;1;0;0;0;1;1;0;0;0;1;0;0;
Leandro Barbosa;;19;1;4;0;1;2;2;0;0;0;3;1;0;0;3;4;
Andre Iguodala;;21;4;6;2;3;0;1;2;1;3;1;2;0;0;0;10;
LAL
Carlos Boozer;PF;21;3;13;0;0;0;0;1;4;5;1;0;0;0;4;6;
Wesley Johnson;SF;32;3;11;0;3;0;0;2;1;3;1;1;0;0;3;6;
Jordan Hill;C;26;4;9;0;0;7;9;6;5;11;0;0;0;1;2;15;
Jeremy Lin;PG;22;0;2;0;0;0;0;1;1;2;1;0;1;1;2;0;
Kobe Bryant;SG;31;15;34;3;12;11;16;1;4;5;3;0;0;2;3;44;
Ryan Kelly;;5;1;2;0;0;2;2;1;2;3;0;0;0;0;0;4;
Ed Davis;;26;5;10;0;0;0;0;3;3;6;2;2;3;0;3;10;
Xavier Henry;;12;1;1;0;0;6;8;1;1;2;2;0;0;1;3;8;
Robert Sacre;;15;5;8;0;0;0;0;1;2;3;1;1;0;0;1;10;
Jordan Clarkson;;19;2;6;0;0;6;6;0;2;2;1;2;0;0;1;10;
Ronnie Price;;31;0;3;0;1;2;2;3;3;6;5;3;0;2;5;2;
