11-03;HOU-PHI;104-93;
32-19;23-35;24-20;25-19;
HOU
Terrence Jones;PF;30;3;11;0;1;0;0;2;2;4;2;2;1;3;3;6;
Trevor Ariza;SF;36;8;13;6;9;2;2;1;5;6;7;2;0;2;1;24;
Dwight Howard;C;36;5;8;0;0;1;4;7;7;14;3;3;4;5;5;11;
Isaiah Canaan;PG;30;5;11;3;6;0;0;1;1;2;6;2;0;3;5;13;
James Harden;SG;38;7;18;4;8;17;18;1;8;9;5;1;1;4;2;35;
Donatas Motiejunas;;22;0;1;0;0;3;4;0;8;8;3;0;0;2;1;3;
Kostas Papanikolaou;;20;1;4;1;4;0;0;1;2;3;1;1;0;1;1;3;
Joey Dorsey;;1;0;0;0;0;0;0;0;0;0;0;0;0;1;0;0;
Jason Terry;;23;3;8;2;5;0;0;0;1;1;0;1;0;0;1;8;
Troy Daniels;;5;0;1;0;1;1;2;0;0;0;0;0;0;0;1;1;
PHI
Brandon Davies;PF;24;5;10;1;3;2;3;2;2;4;3;0;1;0;2;13;
Luc Richard Mbah a Moute;PF;25;4;9;2;3;0;0;2;2;4;1;0;0;1;3;10;
Nerlens Noel;C;30;5;8;0;0;0;0;0;1;1;5;6;1;3;3;10;
Tony Wroten;SG;31;7;16;2;3;4;6;1;4;5;4;5;0;5;3;20;
Hollis Thompson;SG;31;2;5;1;3;2;3;0;3;3;2;0;0;2;1;7;
Malcolm Thomas;;11;1;1;0;0;0;0;0;1;1;1;0;0;1;1;2;
Chris Johnson;;16;1;3;1;3;0;0;0;3;3;0;0;0;0;0;3;
Henry Sims;;13;1;3;0;0;0;0;0;4;4;1;0;0;1;0;2;
Alexey Shved;;21;2;8;1;2;7;7;0;1;1;1;1;0;3;2;12;
K.J. McDaniels;;27;5;9;3;4;1;4;1;2;3;1;0;1;0;3;14;
JaKarr Sampson;;10;0;2;0;1;0;0;0;2;2;0;0;1;1;2;0;
