02-06;PHI-BOS;96-107;
15-29;27-31;27-15;27-32;
PHI
Luc Richard Mbah a Moute;PF;35;7;14;3;6;1;3;1;2;3;4;0;0;1;1;18;
Robert Covington;SF;33;6;13;3;8;1;1;0;6;6;1;0;0;2;3;16;
Nerlens Noel;C;26;1;5;0;0;6;8;1;6;7;0;1;1;4;3;8;
K.J. McDaniels;SG;23;5;9;1;3;4;5;1;2;3;1;1;0;3;1;15;
JaKarr Sampson;SG;13;2;4;0;1;1;3;0;1;1;1;0;1;1;3;5;
Jerami Grant;;19;0;4;0;1;1;4;2;2;4;1;1;1;2;1;1;
Henry Sims;;19;6;10;0;0;0;2;3;4;7;1;0;0;1;1;12;
Tim Frazier;;35;2;9;0;1;1;5;1;4;5;11;2;0;2;4;5;
Hollis Thompson;;38;6;11;4;5;0;0;2;6;8;2;1;0;1;2;16;
BOS
Brandon Bass;PF;27;4;7;1;1;4;4;1;4;5;0;0;0;1;1;13;
Jared Sullinger;PF;30;9;18;1;5;3;3;2;6;8;7;2;1;1;4;22;
Avery Bradley;PG;30;7;15;3;4;1;2;0;3;3;1;1;0;0;2;18;
Marcus Smart;PG;37;1;6;0;2;1;2;2;5;7;8;2;0;2;3;3;
Evan Turner;SG;28;2;6;0;2;2;2;0;8;8;6;0;0;2;2;6;
Jae Crowder;;30;4;6;1;2;2;4;0;6;6;1;2;0;1;3;11;
Tyler Zeller;;26;6;10;0;0;4;6;4;5;9;1;1;3;3;3;16;
Phil Pressey;;1;1;1;0;0;0;0;0;0;0;0;0;0;0;1;2;
James Young;;12;0;3;0;2;0;0;0;2;2;1;0;0;0;2;0;
Marcus Thornton;;20;5;14;4;9;2;2;2;3;5;2;0;0;0;3;16;
