11-26;TOR-ATL;126-115;
34-24;30-37;27-27;35-27;
TOR
Amir Johnson;PF;28;5;8;0;2;0;0;2;2;4;2;1;1;1;4;10;
Terrence Ross;SF;22;4;7;2;4;2;2;0;1;1;0;0;0;0;1;12;
Jonas Valanciunas;C;24;4;8;0;0;3;4;2;5;7;0;0;1;1;2;11;
Kyle Lowry;PG;33;3;12;2;6;6;8;1;5;6;13;1;0;1;4;14;
DeMar DeRozan;SG;33;8;16;2;3;9;9;1;2;3;2;0;0;5;2;27;
James Johnson;;20;2;4;0;1;0;0;1;0;1;1;1;3;0;3;4;
Patrick Patterson;;21;1;1;1;1;0;0;2;5;7;0;1;2;1;4;3;
Chuck Hayes;;17;1;3;0;0;0;2;2;3;5;1;0;0;1;1;2;
Greivis Vasquez;;17;8;12;3;6;2;2;0;2;2;3;0;0;1;2;21;
Louis Williams;;26;6;11;4;6;6;6;0;0;0;2;3;0;0;1;22;
ATL
Paul Millsap;PF;36;3;9;0;3;2;4;3;2;5;4;1;0;1;2;8;
DeMarre Carroll;SF;39;5;11;2;4;2;2;2;1;3;1;0;1;0;4;14;
Al Horford;C;32;11;16;0;1;1;2;2;7;9;4;0;2;1;1;23;
Jeff Teague;PG;34;7;14;2;3;8;8;0;3;3;12;1;0;5;5;24;
Kyle Korver;SG;37;6;9;4;6;3;3;1;3;4;3;0;1;3;2;19;
Mike Scott;;11;2;5;0;1;0;0;0;1;1;0;0;0;1;1;4;
Pero Antic;;17;1;3;1;2;2;2;0;3;3;1;0;0;1;1;5;
Shelvin Mack;;15;1;7;0;3;1;1;0;1;1;0;0;0;1;2;3;
Dennis Schroder;;16;5;6;1;1;2;2;0;1;1;6;0;0;0;5;13;
Kent Bazemore;;4;1;2;0;0;0;0;1;1;2;0;0;0;0;1;2;
