03-30;BOS-CHA;116-104;
26-24;30-20;29-25;31-35;
BOS
Brandon Bass;PF;23;2;4;0;1;3;4;2;3;5;3;0;0;0;2;7;
Tyler Zeller;C;26;4;9;0;0;0;0;1;5;6;2;0;0;0;2;8;
Avery Bradley;PG;39;12;23;3;7;3;3;2;6;8;2;0;0;1;3;30;
Marcus Smart;PG;31;5;9;1;2;3;4;3;3;6;4;3;1;3;4;14;
Evan Turner;SG;30;7;11;0;1;1;1;0;6;6;5;1;0;0;1;15;
Jonas Jerebko;;16;1;2;0;1;1;1;1;1;2;1;0;0;0;1;3;
Gerald Wallace;;15;2;3;0;0;0;4;2;3;5;1;2;0;0;0;4;
Jae Crowder;;21;4;9;2;4;4;4;1;0;1;2;0;0;1;0;14;
Kelly Olynyk;;18;5;10;1;4;0;0;1;2;3;1;1;0;1;4;11;
Isaiah Thomas;;22;3;9;2;6;2;2;0;0;0;7;0;0;1;4;10;
CHA
Marvin Williams;PF;30;4;6;1;3;1;1;1;3;4;1;1;3;0;3;10;
Jeff Taylor;SF;26;2;6;1;2;0;0;1;4;5;0;0;0;1;3;5;
Al Jefferson;C;25;6;10;0;0;0;0;1;4;5;4;0;1;2;0;12;
Kemba Walker;PG;40;9;20;2;8;8;9;1;2;3;12;2;0;0;0;28;
Gerald Henderson;SG;33;7;15;1;3;2;2;0;3;3;0;0;0;2;6;17;
Jason Maxiell;;18;3;5;0;0;0;0;3;5;8;3;0;0;0;0;6;
Bismack Biyombo;;23;2;2;0;0;1;2;1;5;6;0;0;2;0;3;5;
Mo Williams;;25;6;17;2;8;5;5;2;1;3;0;0;0;4;1;19;
Brian Roberts;;3;0;0;0;0;0;0;0;0;0;0;0;0;1;0;0;
P.J. Hairston;;18;1;4;0;2;0;0;0;3;3;0;0;0;0;1;2;
