01-24;DET-MIL;86-101;
28-23;21-40;18-28;19-10;
DET
Greg Monroe;PF;29;3;7;0;0;2;2;10;6;16;1;1;1;1;1;8;
Kyle Singler;SF;23;2;9;1;7;2;2;0;5;5;1;2;0;1;1;7;
Andre Drummond;C;21;5;9;0;0;0;4;2;5;7;0;0;1;2;3;10;
Brandon Jennings;PG;26;6;14;1;5;3;4;1;1;2;4;1;0;5;2;16;
Kentavious Caldwell-Pope;SG;24;2;12;0;2;0;0;1;3;4;0;1;0;0;0;4;
Jonas Jerebko;;14;3;6;1;1;0;1;2;0;2;1;0;0;1;2;7;
Anthony Tolliver;;21;3;3;1;1;5;6;0;2;2;3;0;0;3;0;12;
Cartier Martin;;10;0;3;0;2;0;0;0;0;0;1;0;0;0;0;0;
Caron Butler;;24;2;9;2;5;4;4;0;4;4;1;0;0;0;2;10;
Joel Anthony;;12;1;1;0;0;0;0;0;1;1;0;2;0;1;1;2;
Spencer Dinwiddie;;7;1;3;0;1;2;2;0;2;2;2;1;0;1;0;4;
D.J. Augustin;;15;1;7;0;1;0;0;0;0;0;0;2;0;2;0;2;
Jodie Meeks;;15;2;3;0;0;0;0;0;1;1;0;1;0;2;2;4;
MIL
Ersan Ilyasova;PF;17;4;8;1;4;0;0;1;5;6;0;0;1;3;2;9;
Giannis Antetokounmpo;SF;36;3;9;0;0;0;2;0;5;5;4;0;2;7;4;6;
Zaza Pachulia;C;23;4;10;0;0;0;0;2;4;6;6;0;0;0;1;8;
Brandon Knight;PG;28;5;12;2;2;2;2;1;5;6;5;1;0;0;0;14;
Khris Middleton;SG;28;7;9;2;3;0;0;0;7;7;4;1;0;1;2;16;
Kenyon Martin;;7;0;1;0;0;0;0;0;2;2;0;0;0;0;1;0;
Johnny O'Bryant III;;9;0;3;0;0;0;0;0;2;2;0;0;0;2;3;0;
Jared Dudley;;24;5;6;2;3;0;0;0;2;2;2;1;1;0;3;12;
John Henson;;16;5;6;0;0;2;2;3;1;4;1;0;1;1;2;12;
Jerryd Bayless;;24;0;3;0;0;4;4;1;1;2;8;1;1;4;3;4;
O.J. Mayo;;28;8;14;4;5;0;0;1;2;3;3;2;0;2;0;20;
