03-22;PHI-LAL;87-101;
20-18;27-23;28-33;12-27;
PHI
Luc Richard Mbah a Moute;PF;29;5;12;2;5;1;2;0;2;2;2;2;0;0;2;13;
Nerlens Noel;C;33;4;9;0;0;1;2;0;7;7;1;0;2;0;2;9;
Ish Smith;PG;29;3;14;0;1;3;3;2;0;2;9;0;0;4;2;9;
Jason Richardson;SG;21;2;7;1;4;0;0;0;4;4;3;0;0;0;0;5;
JaKarr Sampson;SG;13;0;2;0;0;1;2;0;1;1;0;1;0;1;0;1;
Furkan Aldemir;;15;1;3;0;0;1;3;3;2;5;0;0;1;0;2;3;
Thomas Robinson;;16;7;8;0;0;0;0;3;5;8;0;1;0;0;2;14;
Jerami Grant;;22;2;6;1;3;4;6;1;2;3;4;0;2;1;4;9;
Robert Covington;;25;3;9;2;6;3;3;1;2;3;0;0;1;0;2;11;
Isaiah Canaan;;22;1;12;1;6;0;0;1;0;1;2;0;0;1;5;3;
Hollis Thompson;;16;4;7;2;2;0;0;2;1;3;1;0;0;1;0;10;
LAL
Tarik Black;PF;26;1;5;0;0;0;0;4;2;6;0;0;2;1;2;2;
Wesley Johnson;SF;28;5;9;0;1;0;0;2;4;6;1;3;1;2;2;10;
Jordan Hill;C;20;6;7;0;0;0;1;2;6;8;3;0;0;0;0;12;
Jordan Clarkson;PG;24;2;8;0;1;4;4;1;3;4;3;0;0;4;3;8;
Wayne Ellington;SG;19;4;9;2;4;0;0;0;3;3;1;0;0;0;1;10;
Carlos Boozer;;26;4;8;0;0;0;0;0;6;6;1;0;1;2;3;8;
Ed Davis;;22;4;8;0;0;0;1;3;8;11;1;0;4;0;3;8;
Ryan Kelly;;22;1;5;0;4;2;2;0;2;2;2;0;0;1;2;4;
Jeremy Lin;;29;10;16;2;2;7;8;0;5;5;5;1;0;2;4;29;
Jabari Brown;;24;2;6;1;2;5;6;1;0;1;4;0;1;1;1;10;
