11-16;MIL-MIA;91-84;
19-23;19-23;26-13;27-25;
MIL
Jared Dudley;SF;10;0;0;0;0;0;0;0;0;0;2;0;0;1;1;0;
Giannis Antetokounmpo;SF;32;4;8;0;0;3;7;1;6;7;3;2;0;5;3;11;
Jabari Parker;SF;33;5;11;0;1;3;4;0;6;6;1;2;0;0;0;13;
Larry Sanders;C;20;5;10;0;0;1;3;1;5;6;0;0;0;0;3;11;
Brandon Knight;PG;34;7;13;4;7;2;2;0;5;5;4;1;0;3;4;20;
Ersan Ilyasova;;12;1;2;0;1;0;0;0;2;2;0;0;0;0;2;2;
John Henson;;3;0;1;0;0;0;0;0;0;0;0;0;0;2;0;0;
Zaza Pachulia;;25;5;9;0;1;1;1;2;3;5;2;1;0;2;3;11;
Nate Wolters;;15;1;2;0;0;1;3;0;3;3;0;1;0;0;2;3;
Jerryd Bayless;;17;0;3;0;2;2;2;1;1;2;1;0;0;1;2;2;
Khris Middleton;;20;3;7;1;3;3;3;0;2;2;0;3;1;1;3;10;
O.J. Mayo;;18;4;8;0;3;0;1;0;2;2;3;1;0;1;1;8;
MIA
Luol Deng;SF;37;3;11;1;3;3;4;2;4;6;2;3;0;2;3;10;
Shawne Williams;SF;26;5;9;3;6;0;0;2;9;11;1;0;0;0;5;13;
Chris Bosh;C;39;2;17;1;6;5;8;0;5;5;5;1;5;2;1;10;
Mario Chalmers;PG;35;7;13;1;1;3;4;0;2;2;5;1;0;3;6;18;
Norris Cole;PG;25;4;10;3;5;0;0;0;2;2;2;2;0;3;0;11;
Udonis Haslem;;7;1;2;0;0;0;0;0;3;3;0;0;0;2;2;2;
Chris Andersen;;20;0;0;0;0;1;4;1;2;3;0;1;1;2;2;1;
James Ennis;;25;4;6;1;2;0;0;1;2;3;3;2;0;0;1;9;
Shabazz Napier;;26;4;5;1;2;1;2;0;5;5;1;0;0;3;0;10;
