04-12;OKC-IND;104-116;
32-29;19-27;25-26;28-34;
OKC
Enes Kanter;C;32;5;11;1;1;2;3;3;2;5;1;1;1;1;5;13;
Steven Adams;C;25;2;6;0;0;0;6;7;3;10;0;0;1;1;2;4;
Russell Westbrook;PG;40;21;43;5;15;7;11;1;8;9;8;1;0;2;5;54;
Dion Waiters;SG;39;7;16;2;5;0;4;0;2;2;1;1;1;1;5;16;
Andre Roberson;SG;24;1;2;1;2;0;0;0;1;1;1;1;0;1;3;3;
Mitch McGary;;12;3;4;0;0;0;0;0;3;3;1;1;0;1;2;6;
Nick Collison;;24;0;4;0;0;1;2;4;4;8;4;0;1;1;4;1;
D.J. Augustin;;15;0;5;0;2;0;0;0;0;0;1;0;0;0;1;0;
Anthony Morrow;;29;2;4;2;3;1;2;0;5;5;1;0;0;0;1;7;
IND
David West;PF;23;6;8;0;1;1;3;1;2;3;3;0;1;3;5;13;
Solomon Hill;SF;16;2;3;0;1;2;2;1;2;3;0;0;0;1;1;6;
Roy Hibbert;C;27;7;12;0;0;3;4;1;9;10;2;0;2;2;1;17;
George Hill;PG;40;6;10;2;3;5;7;0;3;3;7;1;0;1;5;19;
C.J. Miles;SG;36;9;14;6;8;6;8;0;10;10;3;1;0;0;0;30;
Luis Scola;;16;3;8;0;0;3;4;1;4;5;0;0;0;2;4;9;
Lavoy Allen;;9;2;3;0;0;0;0;1;2;3;2;0;0;0;0;4;
Paul George;;14;3;9;1;4;1;2;3;3;6;1;0;0;1;2;8;
Ian Mahinmi;;21;1;3;0;0;0;3;1;1;2;1;0;0;0;4;2;
Donald Sloan;;8;0;0;0;0;0;0;0;0;0;1;1;0;1;1;0;
Rodney Stuckey;;30;3;9;1;3;1;2;0;7;7;5;1;0;1;3;8;
