01-02;ATL-UTAH;98-92;
31-21;26-24;25-23;16-24;
ATL
Paul Millsap;PF;34;2;11;1;3;10;10;3;8;11;4;0;0;2;4;15;
DeMarre Carroll;SF;34;3;9;0;4;4;5;1;6;7;3;1;0;2;2;10;
Al Horford;C;29;6;13;0;0;1;2;1;4;5;0;1;2;2;0;13;
Jeff Teague;PG;36;9;17;2;4;6;7;0;4;4;8;3;0;0;0;26;
Kyle Korver;SG;32;3;5;1;3;2;2;2;6;8;2;1;0;1;6;9;
Elton Brand;;19;3;5;0;0;0;0;1;4;5;0;0;1;0;0;6;
Mike Scott;;14;3;8;1;4;1;2;1;0;1;1;0;0;1;0;8;
Thabo Sefolosha;;18;2;5;0;2;2;2;1;0;1;4;3;0;1;1;6;
Dennis Schroder;;12;0;2;0;0;0;0;1;1;2;2;0;0;1;2;0;
Kent Bazemore;;12;2;6;1;3;0;0;0;3;3;0;0;0;0;2;5;
UTAH
Derrick Favors;PF;30;2;7;0;0;4;8;2;9;11;1;0;2;2;1;8;
Gordon Hayward;SF;35;6;14;2;3;4;5;1;2;3;3;0;0;0;4;18;
Enes Kanter;C;22;5;12;0;0;1;1;3;3;6;0;0;0;2;1;11;
Trey Burke;PG;39;2;19;0;11;4;4;1;2;3;5;2;1;1;4;8;
Patrick Christopher;SG;5;0;1;0;0;0;0;1;0;1;0;0;0;1;0;0;
Trevor Booker;;19;4;9;2;3;0;0;4;5;9;1;0;0;2;1;10;
Steve Novak;;0;0;0;0;0;0;0;0;0;0;0;0;0;0;0;0;
Joe Ingles;;21;3;4;2;2;0;0;0;3;3;1;1;2;4;1;8;
Rudy Gobert;;24;3;3;0;0;5;6;2;5;7;1;0;4;0;2;11;
Ian Clark;;21;2;8;1;5;0;0;1;1;2;4;0;0;1;1;5;
Dante Exum;;22;5;9;3;7;0;0;2;0;2;2;3;0;1;3;13;
