01-19;TOR-MIL;92-89;
22-25;31-19;15-18;24-27;
TOR
Amir Johnson;PF;32;4;8;0;1;3;4;5;2;7;0;2;1;1;4;11;
Jonas Valanciunas;C;19;5;8;0;0;1;1;6;7;13;0;1;1;5;2;11;
Kyle Lowry;PG;36;8;25;1;9;1;4;0;5;5;3;1;1;3;2;18;
Greivis Vasquez;PG;31;4;10;1;2;1;3;1;1;2;3;0;0;1;1;10;
DeMar DeRozan;SG;26;0;9;0;3;0;1;1;2;3;4;0;0;1;3;0;
Tyler Hansbrough;;19;1;2;0;0;2;2;1;3;4;1;0;2;0;0;4;
Patrick Patterson;;26;3;4;0;0;1;2;4;9;13;3;0;0;1;2;7;
Terrence Ross;;23;7;12;2;5;0;2;1;4;5;1;1;0;1;4;16;
Louis Williams;;28;4;12;2;4;5;5;1;1;2;2;4;0;2;2;15;
MIL
Johnny O'Bryant III;PF;7;3;5;0;0;0;0;2;0;2;0;0;0;0;1;6;
Giannis Antetokounmpo;SF;33;3;8;0;0;0;0;0;3;3;5;3;1;1;0;6;
Zaza Pachulia;C;20;3;3;0;0;3;6;3;3;6;2;3;0;1;2;9;
Brandon Knight;PG;41;7;21;2;7;4;6;0;5;5;5;4;1;4;4;20;
Khris Middleton;SG;31;4;10;1;3;0;0;2;4;6;2;1;0;2;1;9;
Ersan Ilyasova;;23;5;9;1;3;3;6;3;4;7;0;0;1;0;3;14;
Kenyon Martin;;4;0;1;0;0;0;0;0;1;1;0;0;0;0;1;0;
Jared Dudley;;22;0;2;0;2;0;0;0;3;3;1;1;0;2;2;0;
John Henson;;21;3;4;0;0;1;2;1;3;4;4;0;2;2;4;7;
Jerryd Bayless;;15;2;5;0;1;1;1;0;2;2;0;0;0;1;3;5;
O.J. Mayo;;24;4;8;1;2;4;4;0;4;4;3;0;0;3;1;13;
