04-04;BOS-TOR;117-116;
15-24;32-23;34-23;23-34;13-12;
BOS
Brandon Bass;PF;26;4;9;0;0;3;5;1;2;3;1;0;0;0;4;11;
Tyler Zeller;C;25;8;10;0;0;4;6;2;7;9;3;0;0;0;5;20;
Avery Bradley;PG;38;3;13;1;3;0;0;0;4;4;1;1;0;0;2;7;
Marcus Smart;PG;32;6;9;2;5;1;3;1;3;4;4;2;1;2;1;15;
Evan Turner;SG;42;9;17;0;2;0;0;1;5;6;10;3;0;4;5;18;
Jonas Jerebko;;9;1;3;0;0;0;0;2;1;3;0;0;0;0;1;2;
Jared Sullinger;;12;0;3;0;1;0;0;4;3;7;0;2;1;2;2;0;
Jae Crowder;;30;1;4;0;2;1;2;0;4;4;3;0;1;0;5;3;
Kelly Olynyk;;24;5;10;2;5;4;4;1;1;2;0;2;1;3;3;16;
Isaiah Thomas;;27;10;19;3;8;2;2;0;2;2;4;0;0;4;0;25;
TOR
Tyler Hansbrough;PF;36;5;5;0;0;8;8;1;7;8;0;2;1;1;6;18;
Terrence Ross;SF;30;1;3;1;3;1;2;1;6;7;1;0;0;0;0;4;
Jonas Valanciunas;C;33;5;12;0;0;2;3;2;12;14;2;0;1;1;4;12;
Greivis Vasquez;PG;37;3;9;2;6;0;0;1;3;4;3;1;0;4;3;8;
DeMar DeRozan;SG;43;14;25;0;1;10;12;0;1;1;3;1;0;6;1;38;
James Johnson;;15;3;4;0;0;3;5;0;1;1;0;0;0;0;3;9;
Patrick Patterson;;32;0;7;0;5;0;0;1;6;7;2;2;1;1;2;0;
Chuck Hayes;;5;0;1;0;0;0;0;2;0;2;0;0;0;0;0;0;
Louis Williams;;34;9;17;3;8;6;8;1;1;2;4;1;1;3;3;27;
