04-12;BKN-MIL;73-96;
24-26;17-17;18-30;14-23;
BKN
Thaddeus Young;SF;29;4;14;1;2;0;0;2;2;4;2;1;1;4;1;9;
Joe Johnson;SF;34;3;9;0;4;3;4;0;6;6;2;0;0;1;0;9;
Brook Lopez;C;31;3;8;0;0;6;7;5;5;10;0;2;1;1;2;12;
Deron Williams;PG;33;1;11;0;4;2;2;2;5;7;7;1;0;3;4;4;
Markel Brown;SG;23;2;7;0;1;0;0;0;1;1;0;1;1;1;3;4;
Cory Jefferson;;7;2;3;0;0;0;0;2;2;4;0;0;1;1;0;4;
Earl Clark;;10;0;0;0;0;0;2;0;2;2;0;0;0;2;4;0;
Mason Plumlee;;17;4;8;0;0;3;4;5;2;7;1;1;1;3;2;11;
Jarrett Jack;;24;4;10;1;3;2;2;0;3;3;2;1;0;2;2;11;
Darius Morris;;7;0;2;0;0;0;0;0;1;1;3;1;0;1;0;0;
Bojan Bogdanovic;;26;4;11;1;4;0;1;0;4;4;0;1;0;2;2;9;
MIL
Ersan Ilyasova;PF;28;8;12;3;6;2;2;0;5;5;0;0;0;3;2;21;
Giannis Antetokounmpo;SF;30;6;14;0;2;1;3;2;7;9;7;1;1;0;4;13;
Zaza Pachulia;C;24;2;5;0;0;0;0;1;6;7;2;1;0;2;4;4;
Michael Carter-Williams;PG;27;6;9;0;0;0;0;1;3;4;5;3;1;1;2;12;
Khris Middleton;SG;30;7;11;0;2;2;2;0;4;4;7;2;0;0;1;16;
Johnny O'Bryant III;;4;1;3;0;0;1;2;0;1;1;0;0;0;1;0;3;
Jared Dudley;;28;0;4;0;3;0;0;0;3;3;1;1;0;0;1;0;
Miles Plumlee;;6;1;2;0;0;0;0;0;1;1;0;0;2;0;0;2;
John Henson;;19;3;6;0;0;0;1;2;3;5;1;1;3;1;3;6;
Tyler Ennis;;6;0;0;0;0;0;0;0;0;0;1;0;0;0;0;0;
Jorge Gutierrez;;4;1;1;0;0;0;0;0;0;0;1;1;0;0;1;2;
Jerryd Bayless;;16;0;3;0;2;0;0;1;3;4;4;0;0;3;0;0;
O.J. Mayo;;20;6;13;3;5;2;2;0;4;4;1;3;0;6;2;17;
