02-25;PHI-MIL;88-104;
12-29;20-32;28-21;28-22;
PHI
Luc Richard Mbah a Moute;PF;24;1;2;1;2;2;3;0;3;3;1;2;0;3;0;5;
Robert Covington;SF;19;4;6;3;4;2;2;1;2;3;1;1;0;3;3;13;
Nerlens Noel;C;30;2;9;0;0;4;4;1;7;8;1;1;1;5;4;8;
Isaiah Canaan;PG;33;3;10;1;5;4;5;1;1;2;6;1;0;5;4;11;
Jason Richardson;SG;25;6;11;4;8;0;0;0;4;4;2;1;0;0;3;16;
Thomas Robinson;;13;3;6;0;0;1;3;3;3;6;0;0;0;2;2;7;
Jerami Grant;;33;3;6;2;3;2;2;1;1;2;4;2;2;4;3;10;
JaVale McGee;;6;2;4;0;0;0;0;1;2;3;0;0;0;0;0;4;
Henry Sims;;9;1;4;0;0;0;0;2;2;4;0;3;0;0;0;2;
Ish Smith;;15;3;7;0;1;0;0;0;0;0;3;1;0;5;2;6;
JaKarr Sampson;;14;2;4;0;2;0;0;0;0;0;2;0;0;1;1;4;
Hollis Thompson;;19;1;6;0;0;0;0;2;1;3;1;1;0;0;0;2;
MIL
Ersan Ilyasova;PF;23;4;8;1;3;2;2;2;4;6;1;0;0;0;2;11;
Giannis Antetokounmpo;SF;37;1;6;0;0;3;5;3;8;11;6;3;1;5;3;5;
Zaza Pachulia;C;19;5;11;0;0;2;2;2;2;4;2;2;0;3;2;12;
Michael Carter-Williams;PG;18;3;5;0;1;1;2;0;0;0;8;2;0;1;2;7;
Khris Middleton;SG;34;9;12;1;2;0;0;0;5;5;3;0;0;3;2;19;
Jared Dudley;;28;3;7;1;3;0;0;1;4;5;6;4;0;1;1;7;
John Henson;;29;9;12;0;0;3;5;4;5;9;2;2;3;3;1;21;
Tyler Ennis;;24;4;7;1;2;0;0;0;0;0;2;2;1;3;4;9;
Jerryd Bayless;;30;6;14;1;4;0;0;0;3;3;2;1;0;3;2;13;
