02-02;PHI-CLE;84-97;
15-24;20-23;30-22;19-28;
PHI
Luc Richard Mbah a Moute;PF;32;6;14;1;4;0;0;2;3;5;3;0;1;2;2;13;
Robert Covington;SF;34;6;13;4;8;2;3;2;1;3;4;7;1;2;4;18;
Nerlens Noel;C;33;2;5;0;0;0;0;0;4;4;2;2;3;3;3;4;
Michael Carter-Williams;PG;20;1;9;0;2;0;0;0;4;4;5;1;0;1;0;2;
JaKarr Sampson;SG;18;4;5;2;2;0;0;0;0;0;1;2;1;3;2;10;
Jerami Grant;;26;5;7;3;5;5;7;3;4;7;2;0;0;3;3;18;
Henry Sims;;11;1;4;0;0;0;0;0;4;4;1;0;0;0;2;2;
K.J. McDaniels;;24;1;7;0;4;1;2;0;2;2;0;0;1;2;1;3;
Hollis Thompson;;19;3;7;2;4;2;2;4;3;7;0;2;0;1;3;10;
Larry Drew II;;24;2;7;0;4;0;0;0;1;1;5;2;0;4;2;4;
CLE
Kevin Love;PF;33;1;7;1;2;2;2;3;12;15;2;1;1;1;1;5;
LeBron James;SF;36;6;17;1;4;5;6;0;3;3;11;2;0;6;2;18;
Timofey Mozgov;C;27;4;11;0;0;2;2;3;5;8;0;1;5;0;3;10;
Kyrie Irving;PG;39;9;16;3;8;3;4;1;4;5;5;0;0;5;1;24;
J.R. Smith;SG;26;5;10;2;6;0;0;0;2;2;1;0;0;2;1;12;
Tristan Thompson;;21;1;4;0;0;1;2;4;3;7;0;0;0;0;0;3;
Shawn Marion;;8;1;1;0;0;0;2;0;0;0;1;1;0;0;1;2;
Mike Miller;;5;0;1;0;1;0;0;0;0;0;0;0;0;1;0;0;
Iman Shumpert;;22;4;4;2;2;1;2;0;2;2;0;2;0;1;3;11;
Matthew Dellavedova;;22;4;7;3;4;1;2;0;1;1;2;1;0;2;5;12;
Joe Harris;;1;0;0;0;0;0;0;0;0;0;0;0;0;0;0;0;
