04-01;LAC-POR;126-122;
26-33;29-35;30-24;41-30;
LAC
Blake Griffin;PF;38;10;18;2;2;2;2;1;6;7;8;1;1;4;3;24;
Matt Barnes;SF;30;3;6;0;3;0;0;2;3;5;0;0;1;0;5;6;
DeAndre Jordan;C;40;4;5;0;0;5;10;3;10;13;3;1;1;0;3;13;
Chris Paul;PG;39;13;21;5;9;10;10;1;4;5;17;4;0;1;2;41;
J.J. Redick;SG;35;9;20;5;9;2;2;0;8;8;0;0;0;1;2;25;
Glen Davis;;12;3;6;0;0;0;0;0;0;0;0;0;0;0;3;6;
Spencer Hawes;;5;0;2;0;0;0;0;0;0;0;0;0;0;0;0;0;
Hedo Turkoglu;;19;3;4;2;3;0;0;0;1;1;2;0;0;0;1;8;
Dahntay Jones;;0;0;0;0;0;0;0;0;0;0;0;0;0;0;0;0;
Austin Rivers;;22;1;4;1;2;0;0;0;1;1;0;0;0;0;2;3;
POR
LaMarcus Aldridge;PF;37;10;22;0;1;9;11;3;3;6;2;1;0;1;3;29;
Nicolas Batum;SF;33;7;11;5;7;2;3;2;2;4;4;3;0;2;3;21;
Robin Lopez;C;27;3;9;0;0;1;2;3;5;8;0;0;1;0;1;7;
Damian Lillard;PG;36;7;14;3;6;1;2;0;3;3;10;0;0;2;4;18;
Arron Afflalo;SG;33;6;11;2;3;0;0;2;3;5;3;0;0;1;3;14;
Dorell Wright;;17;1;4;0;3;4;5;1;6;7;1;0;0;0;0;6;
Joel Freeland;;11;2;4;0;0;0;0;0;2;2;0;0;2;0;4;4;
Chris Kaman;;19;3;6;0;0;2;2;2;5;7;1;0;0;1;1;8;
Steve Blake;;14;1;2;0;1;0;0;0;1;1;3;0;0;1;0;2;
C.J. McCollum;;13;5;6;3;4;0;0;0;0;0;1;0;0;0;0;13;
