03-24;SA-DAL;94-101;
29-17;17-26;20-33;28-25;
SA
Tim Duncan;PF;24;3;7;0;0;0;0;2;5;7;0;0;2;0;2;6;
Kawhi Leonard;SF;36;7;16;0;3;5;6;2;7;9;3;4;1;0;4;19;
Tiago Splitter;C;22;3;6;0;0;2;2;0;4;4;1;3;1;4;3;8;
Tony Parker;PG;26;3;11;1;4;1;2;1;0;1;3;2;0;4;2;8;
Danny Green;SG;28;5;8;4;6;3;4;0;4;4;1;2;1;1;1;17;
Jeff Ayres;;6;0;0;0;0;2;2;1;1;2;0;0;0;1;0;2;
Reggie Williams;;1;1;1;0;0;0;0;0;0;0;0;0;0;0;0;2;
Marco Belinelli;;19;3;8;1;5;0;0;0;4;4;1;0;0;0;1;7;
Matt Bonner;;11;2;2;1;1;0;0;1;1;2;0;0;0;0;2;5;
Boris Diaw;;29;4;12;0;2;0;0;1;3;4;1;0;0;3;3;8;
Patty Mills;;21;2;8;1;4;0;0;1;1;2;3;0;0;0;1;5;
Cory Joseph;;1;0;0;0;0;0;0;0;0;0;0;0;0;0;0;0;
Manu Ginobili;;16;3;6;0;3;1;2;0;4;4;3;1;0;3;1;7;
DAL
Dirk Nowitzki;PF;31;6;16;1;3;2;2;3;10;13;3;0;0;1;1;15;
Chandler Parsons;SF;40;6;12;1;5;2;3;1;5;6;4;2;1;1;2;15;
Tyson Chandler;C;30;3;4;0;0;0;0;2;5;7;2;0;0;3;4;6;
Rajon Rondo;PG;27;1;5;0;0;0;0;1;8;9;5;0;0;4;2;2;
Monta Ellis;SG;40;16;27;2;6;4;4;0;2;2;5;2;0;3;2;38;
Charlie Villanueva;;4;1;1;1;1;0;0;0;1;1;0;1;0;0;0;3;
Al-Farouq Aminu;;20;1;4;0;2;0;1;1;4;5;1;0;0;1;2;2;
Richard Jefferson;;3;1;1;1;1;0;0;0;1;1;0;0;0;0;0;3;
Amar'e Stoudemire;;12;3;6;0;0;0;1;1;1;2;0;0;0;1;0;6;
Raymond Felton;;8;1;3;0;1;0;0;1;1;2;0;0;0;0;0;2;
Devin Harris;;26;3;8;1;3;2;2;0;1;1;1;1;1;2;6;9;
