03-06;TOR-CHA;94-103;
24-25;18-28;29-24;23-26;
TOR
Amir Johnson;PF;26;3;5;0;0;0;0;0;5;5;1;1;0;1;5;6;
Terrence Ross;SF;32;3;10;2;7;0;0;1;2;3;7;2;0;0;1;8;
Jonas Valanciunas;C;23;2;3;0;0;5;5;2;4;6;0;0;2;0;1;9;
Kyle Lowry;PG;38;9;22;5;9;2;2;0;5;5;5;0;0;1;4;25;
DeMar DeRozan;SG;39;14;26;0;0;2;2;0;2;2;3;1;1;1;2;30;
Tyler Hansbrough;;5;2;2;0;0;0;0;0;1;1;0;0;0;0;0;4;
James Johnson;;17;2;6;0;0;2;4;1;0;1;1;1;1;1;1;6;
Patrick Patterson;;27;0;3;0;0;0;0;0;5;5;2;0;1;0;2;0;
Chuck Hayes;;3;0;0;0;0;0;0;0;0;0;1;0;0;0;0;0;
Greivis Vasquez;;14;1;5;0;2;0;0;0;3;3;0;0;0;0;0;2;
Louis Williams;;16;1;9;0;4;2;2;1;0;1;1;0;0;1;2;4;
CHA
Cody Zeller;PF;27;3;9;0;0;6;6;2;5;7;1;0;1;1;1;12;
Michael Kidd-Gilchrist;SF;35;3;8;0;0;2;2;2;9;11;4;0;0;2;1;8;
Al Jefferson;C;34;11;21;0;1;1;2;2;11;13;5;1;2;1;1;23;
Mo Williams;PG;36;7;14;4;8;5;5;0;1;1;7;0;1;3;3;23;
Gerald Henderson;SG;33;6;11;1;4;0;0;1;5;6;1;1;0;3;3;13;
Marvin Williams;;21;1;5;0;3;0;0;1;3;4;3;1;0;3;2;2;
Bismack Biyombo;;14;1;3;0;0;0;0;0;2;2;0;0;1;1;0;2;
Brian Roberts;;16;3;6;0;2;3;3;0;4;4;1;0;0;1;1;9;
Lance Stephenson;;24;5;8;0;2;1;2;3;5;8;4;0;0;0;3;11;
