02-20;HOU-DAL;100-111;
20-24;23-30;24-33;33-24;
HOU
Donatas Motiejunas;PF;21;3;8;1;1;0;0;4;4;8;1;0;0;2;3;7;
Trevor Ariza;SF;37;6;17;4;11;0;0;1;4;5;3;0;0;4;5;16;
Joey Dorsey;C;11;3;3;0;0;0;0;2;2;4;1;1;1;0;1;6;
Patrick Beverley;PG;28;1;7;1;5;0;0;0;3;3;4;0;1;1;1;3;
James Harden;SG;37;6;14;3;5;11;13;1;6;7;5;2;0;6;5;26;
Terrence Jones;;30;3;7;0;0;3;4;3;6;9;2;1;4;1;1;9;
Kostas Papanikolaou;;1;0;0;0;0;0;0;0;0;0;0;0;0;0;0;0;
Josh Smith;;26;7;12;1;3;0;4;2;2;4;1;0;1;5;3;15;
Corey Brewer;;26;4;11;0;5;2;5;0;4;4;1;0;1;1;1;10;
Jason Terry;;23;3;8;2;7;0;0;1;2;3;2;4;1;1;2;8;
DAL
Dirk Nowitzki;PF;27;6;13;0;1;0;0;1;5;6;2;1;0;0;3;12;
Chandler Parsons;SF;29;4;9;1;3;4;4;1;3;4;3;2;0;1;1;13;
Tyson Chandler;C;35;5;9;0;0;0;0;5;9;14;0;1;0;4;3;10;
Rajon Rondo;PG;21;6;9;0;0;1;4;0;0;0;3;0;0;6;0;13;
Monta Ellis;SG;35;5;13;0;1;2;2;0;2;2;4;2;0;3;5;12;
Charlie Villanueva;;14;4;5;3;3;2;2;0;4;4;1;1;0;1;0;13;
Al-Farouq Aminu;;30;6;11;1;4;4;4;5;7;12;1;0;2;0;3;17;
Richard Jefferson;;8;1;1;1;1;1;2;0;1;1;0;1;0;0;0;4;
J.J. Barea;;12;0;5;0;2;0;0;0;1;1;5;0;0;0;1;0;
Devin Harris;;30;7;18;3;9;0;0;0;6;6;7;2;0;2;3;17;
