01-29;NY-IND;82-103;
29-22;20-32;12-35;21-14;
NY
Lou Amundson;PF;21;8;10;0;0;1;3;1;2;3;1;0;1;1;2;17;
Jason Smith;PF;30;3;6;0;1;2;2;3;4;7;5;1;0;1;2;8;
Carmelo Anthony;SF;25;7;16;2;4;2;2;0;1;1;1;0;1;2;0;18;
Jose Calderon;PG;28;4;7;1;1;0;0;0;1;1;6;0;0;0;2;9;
Langston Galloway;PG;35;2;10;0;3;0;0;0;2;2;2;0;0;0;4;4;
Cleanthony Early;;18;1;5;0;1;0;0;0;4;4;0;1;2;1;0;2;
Lance Thomas;;24;4;10;0;0;0;0;0;2;2;0;0;0;2;2;8;
Quincy Acy;;21;1;4;0;1;1;2;1;4;5;1;0;1;2;3;3;
Shane Larkin;;18;1;4;0;1;0;0;1;2;3;5;1;0;1;2;2;
Tim Hardaway Jr.;;20;3;9;2;4;3;4;0;5;5;1;0;1;0;1;11;
IND
David West;PF;27;3;8;0;0;4;4;1;5;6;6;0;1;1;2;10;
Solomon Hill;SF;33;4;9;2;3;0;0;0;2;2;4;0;0;0;2;10;
Roy Hibbert;C;24;9;11;0;0;0;0;2;8;10;1;1;1;2;1;18;
Rodney Stuckey;PG;32;8;13;1;2;5;5;1;4;5;3;0;0;1;1;22;
C.J. Watson;PG;36;3;9;1;4;0;0;0;6;6;5;1;0;0;1;7;
Lavoy Allen;;9;4;5;0;0;0;0;3;2;5;1;0;0;0;0;8;
Chris Copeland;;12;1;3;0;1;0;0;0;2;2;1;0;1;2;1;2;
Damjan Rudez;;19;2;4;1;3;0;0;0;0;0;1;1;0;1;1;5;
Ian Mahinmi;;24;4;6;0;0;0;5;1;9;10;0;1;1;3;5;8;
George Hill;;12;2;5;0;1;4;4;0;2;2;3;0;0;1;0;8;
C.J. Miles;;13;2;6;1;4;0;0;0;1;1;0;0;0;0;2;5;
