01-30;DAL-MIA;93-72;
13-15;20-30;27-15;33-12;
DAL
Dirk Nowitzki;PF;27;4;16;1;3;3;4;0;6;6;4;0;0;0;1;12;
Richard Jefferson;SF;21;3;6;1;3;0;0;0;2;2;1;0;1;1;0;7;
Tyson Chandler;C;30;5;7;0;0;1;2;5;8;13;0;1;0;3;4;11;
Rajon Rondo;PG;23;2;4;0;0;0;0;1;3;4;4;2;0;2;0;4;
Monta Ellis;SG;31;4;9;1;2;3;6;0;1;1;7;2;0;0;2;12;
Charlie Villanueva;;23;7;15;6;11;0;0;1;4;5;0;0;1;1;1;20;
Greg Smith;;12;1;2;0;0;1;2;0;3;3;0;0;2;1;1;3;
Al-Farouq Aminu;;29;3;5;0;1;4;6;5;2;7;2;4;0;1;1;10;
J.J. Barea;;18;2;10;1;3;0;0;0;2;2;4;0;0;1;1;5;
Devin Harris;;27;3;8;3;6;0;0;1;5;6;2;1;0;0;2;9;
MIA
Danny Granger;SF;16;0;6;0;4;0;0;0;1;1;1;0;0;1;1;0;
Chris Bosh;C;34;5;18;1;4;1;3;2;6;8;1;0;1;3;1;12;
Hassan Whiteside;C;29;7;11;0;0;2;3;10;14;24;0;1;1;3;3;16;
Mario Chalmers;PG;35;3;11;2;7;2;4;1;2;3;6;1;0;5;3;10;
Shabazz Napier;PG;17;3;6;2;3;0;0;0;2;2;2;0;0;3;2;8;
Chris Andersen;;15;1;2;0;0;0;0;1;2;3;1;1;0;0;0;2;
James Ennis;;32;6;12;3;5;0;0;2;2;4;0;0;0;0;2;15;
Shawne Williams;;16;1;6;1;4;0;0;0;1;1;1;0;0;0;1;3;
Justin Hamilton;;2;0;0;0;0;0;0;1;0;1;1;0;0;0;0;0;
Norris Cole;;20;1;10;0;1;0;0;0;4;4;2;0;0;0;3;2;
Tyler Johnson;;24;2;6;0;1;0;0;0;1;1;3;3;1;1;1;4;
