01-26;MIN-OKC;84-92;
19-25;21-23;16-17;28-27;
MIN
Thaddeus Young;SF;42;8;20;0;1;6;6;2;6;8;3;2;0;3;0;22;
Andrew Wiggins;SF;38;7;14;0;1;9;12;3;1;4;2;2;1;3;3;23;
Nikola Pekovic;C;30;3;12;0;0;2;4;2;5;7;2;0;0;1;1;8;
Gorgui Dieng;C;36;3;8;0;0;0;0;6;12;18;2;1;3;2;2;6;
Mo Williams;PG;30;1;10;1;6;1;1;0;0;0;3;2;0;2;2;4;
Anthony Bennett;;19;3;7;0;2;1;2;1;5;6;0;1;1;0;2;7;
Chase Budinger;;14;1;2;0;0;0;0;0;2;2;0;0;0;1;2;2;
Miroslav Raduljica;;1;0;0;0;0;0;0;0;0;0;0;0;0;0;0;0;
Zach LaVine;;23;3;9;1;2;4;5;1;4;5;1;0;0;1;4;11;
Glenn Robinson III;;4;0;2;0;1;1;2;0;0;0;0;0;0;0;0;1;
Troy Daniels;;3;0;1;0;0;0;0;0;0;0;0;1;0;0;1;0;
OKC
Serge Ibaka;PF;36;6;13;1;3;0;0;5;14;19;0;2;2;3;2;13;
Perry Jones;SF;24;2;6;0;2;2;2;0;3;3;1;0;2;1;0;6;
Steven Adams;C;24;3;6;0;0;2;4;2;3;5;1;0;4;2;3;8;
Russell Westbrook;PG;31;7;22;0;3;4;6;1;3;4;5;1;0;4;2;18;
Andre Roberson;SG;12;1;1;0;0;0;0;0;2;2;0;0;1;0;1;2;
Grant Jerrett;;1;0;1;0;1;0;0;0;0;0;0;0;0;0;1;0;
Nick Collison;;17;3;4;0;0;1;2;2;6;8;2;1;0;0;4;7;
Kendrick Perkins;;17;0;0;0;0;0;0;2;4;6;0;0;1;2;5;0;
Ish Smith;;1;0;0;0;0;0;0;0;0;0;0;0;0;0;1;0;
Reggie Jackson;;26;5;7;1;1;3;3;1;1;2;2;3;0;2;0;14;
Jeremy Lamb;;1;0;1;0;0;0;0;0;0;0;0;0;0;0;0;0;
Dion Waiters;;25;4;12;1;3;1;4;1;1;2;5;1;0;1;2;10;
Anthony Morrow;;25;5;13;1;7;3;3;0;1;1;1;1;1;0;2;14;
