12-27;MIN-GS;97-110;
23-31;25-27;19-30;30-22;
MIN
Thaddeus Young;SF;27;7;11;1;2;2;4;0;6;6;2;2;1;4;2;17;
Shabazz Muhammad;SF;29;4;11;1;1;0;0;2;7;9;1;0;1;1;0;9;
Andrew Wiggins;SF;24;3;6;0;2;4;8;1;0;1;1;1;0;3;4;10;
Gorgui Dieng;C;26;2;6;0;0;4;6;3;3;6;2;0;2;3;2;8;
Zach LaVine;PG;31;4;12;0;2;4;5;0;4;4;14;1;0;5;3;12;
Anthony Bennett;;7;1;2;1;1;1;4;1;1;2;1;0;0;0;0;4;
Chase Budinger;;25;2;6;1;2;1;3;0;4;4;2;2;1;1;0;6;
Jeff Adrien;;16;1;3;0;0;3;4;3;3;6;1;0;0;3;3;5;
Robbie Hummel;;21;2;3;0;1;0;0;2;3;5;3;1;0;2;2;4;
Mo Williams;;17;2;9;0;3;2;2;0;0;0;1;2;0;2;1;6;
Glenn Robinson III;;7;1;2;0;1;0;0;0;2;2;0;1;0;0;0;2;
Troy Daniels;;9;5;6;4;4;0;0;1;1;2;1;0;0;0;1;14;
GS
Harrison Barnes;SF;30;4;10;2;2;0;0;0;4;4;1;2;0;0;2;10;
Draymond Green;SF;32;2;5;0;1;0;0;1;7;8;6;6;3;2;3;4;
Marreese Speights;C;19;4;7;0;0;2;2;3;3;6;4;0;0;1;0;10;
Stephen Curry;PG;31;9;18;4;9;3;4;1;2;3;6;3;0;3;3;25;
Klay Thompson;SG;24;8;15;4;9;1;2;0;5;5;4;1;0;2;2;21;
David Lee;;17;3;10;0;1;4;4;3;4;7;1;0;2;0;2;10;
Ognjen Kuzmic;;12;2;3;0;0;0;0;1;0;1;2;0;0;1;4;4;
Shaun Livingston;;22;3;5;0;0;3;4;0;2;2;4;1;0;4;0;9;
Justin Holiday;;15;1;6;0;4;0;0;0;0;0;1;1;1;0;2;2;
Leandro Barbosa;;6;2;3;0;0;0;0;0;0;0;0;0;0;0;1;4;
Andre Iguodala;;27;3;6;1;2;3;3;0;4;4;3;3;0;3;1;10;
Brandon Rush;;6;0;0;0;0;1;2;0;3;3;0;0;0;0;1;1;
