01-16;CLE-LAC;126-121;
28-33;33-31;31-31;34-26;
CLE
LeBron James;SF;42;11;23;3;8;7;12;0;11;11;7;3;0;9;4;32;
Timofey Mozgov;C;26;5;6;0;0;2;2;1;2;3;0;0;0;1;4;12;
Tristan Thompson;C;40;10;12;0;0;4;4;3;9;12;0;0;2;1;2;24;
Kyrie Irving;PG;41;12;18;5;7;8;9;1;3;4;5;3;1;4;4;37;
J.R. Smith;SG;30;4;8;0;2;0;0;0;2;2;4;3;0;0;3;8;
Matthew Dellavedova;;23;2;5;1;2;3;4;2;0;2;5;0;0;2;5;8;
Shawn Marion;;27;1;7;0;1;0;0;5;3;8;1;0;0;1;4;2;
Mike Miller;;11;1;4;1;3;0;0;0;2;2;1;0;0;1;4;3;
LAC
Blake Griffin;PF;41;14;23;0;0;6;7;4;6;10;3;1;0;0;6;34;
Matt Barnes;SF;40;6;13;3;8;2;3;1;7;8;1;0;0;1;3;17;
DeAndre Jordan;C;36;7;8;0;0;5;12;6;6;12;1;2;1;1;3;19;
Chris Paul;PG;41;4;15;1;7;6;7;4;4;8;14;3;0;5;3;15;
J.J. Redick;SG;30;5;10;4;6;0;0;0;1;1;0;1;0;3;1;14;
Spencer Hawes;;12;4;6;1;2;0;0;2;2;4;0;1;0;1;1;9;
Austin Rivers;;12;0;4;0;2;0;0;0;0;0;1;0;0;1;1;0;
Dahntay Jones;;4;0;0;0;0;0;0;0;0;0;0;0;0;0;1;0;
Jamal Crawford;;24;3;12;1;4;6;7;0;0;0;6;1;0;1;2;13;
