12-26;CHA-OKC;75-98;
24-33;16-26;16-22;19-17;
CHA
Cody Zeller;PF;18;4;9;0;0;1;1;4;3;7;0;1;0;1;4;9;
Michael Kidd-Gilchrist;SF;19;2;6;0;0;5;5;3;2;5;1;2;1;3;4;9;
Al Jefferson;C;22;2;7;0;0;0;0;0;7;7;0;0;0;0;3;4;
Kemba Walker;PG;30;2;13;0;3;2;2;0;2;2;2;3;0;2;0;6;
Gerald Henderson;SG;23;1;7;0;1;0;0;1;2;3;5;0;0;2;1;2;
Noah Vonleh;;7;1;2;0;1;0;0;1;2;3;0;0;0;0;0;2;
Jason Maxiell;;8;0;2;0;0;1;2;1;2;3;1;0;0;0;0;1;
Marvin Williams;;22;4;8;1;5;2;4;1;4;5;1;1;0;2;2;11;
Jeff Taylor;;9;1;5;0;2;1;2;2;2;4;0;0;0;0;1;3;
Bismack Biyombo;;19;0;2;0;0;0;0;1;6;7;0;0;1;3;3;0;
Brian Roberts;;19;5;9;3;5;4;4;0;2;2;0;0;0;2;1;17;
P.J. Hairston;;27;2;9;1;6;0;2;1;2;3;1;1;0;0;1;5;
Gary Neal;;17;1;8;0;1;4;4;0;1;1;1;0;0;0;0;6;
OKC
Serge Ibaka;PF;25;5;14;3;7;0;0;4;10;14;0;0;4;0;2;13;
Perry Jones;SF;21;2;5;0;1;2;2;0;2;2;0;0;0;1;3;6;
Steven Adams;C;25;2;3;0;0;1;3;2;7;9;1;0;2;1;3;5;
Russell Westbrook;PG;25;11;21;1;1;6;6;1;1;2;5;2;1;6;2;29;
Andre Roberson;SG;26;2;5;0;2;0;0;1;4;5;2;0;1;0;3;4;
Grant Jerrett;;8;0;5;0;5;0;0;1;1;2;0;0;1;0;2;0;
Nick Collison;;15;3;5;0;2;0;0;3;1;4;1;1;0;0;0;6;
Lance Thomas;;5;1;3;0;0;0;0;0;1;1;0;1;0;0;1;2;
Kendrick Perkins;;18;2;6;0;0;1;2;0;8;8;1;0;1;2;3;5;
Ish Smith;;8;1;2;0;0;0;0;0;0;0;1;0;0;0;0;2;
Reggie Jackson;;15;2;8;1;1;4;4;1;1;2;2;1;0;0;2;9;
Jeremy Lamb;;21;1;4;0;2;4;4;0;4;4;4;0;0;1;1;6;
Anthony Morrow;;28;4;7;3;6;0;0;0;4;4;1;1;0;0;3;11;
