04-13;CHI-BKN;113-86;
26-21;31-29;30-15;26-21;
CHI
Taj Gibson;PF;31;5;6;0;0;5;6;2;7;9;1;0;4;0;3;15;
Pau Gasol;PF;35;10;18;0;0;2;2;2;9;11;4;0;2;1;1;22;
Mike Dunleavy;SF;33;2;8;1;4;0;0;2;2;4;1;1;0;0;2;5;
Derrick Rose;PG;23;5;13;2;4;1;2;0;3;3;7;1;0;2;1;13;
Jimmy Butler;SG;33;7;10;2;3;1;3;0;6;6;2;1;1;1;2;17;
Nikola Mirotic;;24;8;15;6;11;4;4;0;2;2;0;3;0;1;1;26;
Cameron Bairstow;;2;0;0;0;0;0;0;0;0;0;0;0;0;0;0;0;
Tony Snell;;28;3;9;0;4;0;0;1;5;6;3;0;1;1;4;6;
Doug McDermott;;3;0;0;0;0;0;0;0;0;0;0;0;0;0;0;0;
Nazr Mohammed;;4;0;0;0;0;0;0;0;1;1;1;0;0;0;1;0;
Aaron Brooks;;23;3;7;1;4;0;0;2;1;3;7;1;0;1;3;7;
E'Twaun Moore;;2;1;2;0;0;0;0;0;1;1;0;0;0;0;0;2;
BKN
Thaddeus Young;SF;27;3;11;0;1;2;2;4;7;11;0;1;0;1;1;8;
Joe Johnson;SF;36;5;9;0;1;2;2;0;0;0;2;0;0;3;3;12;
Brook Lopez;C;34;5;11;0;0;3;4;4;4;8;0;0;1;0;4;13;
Deron Williams;PG;33;3;13;0;1;3;3;1;6;7;5;0;2;0;2;9;
Markel Brown;SG;17;3;8;0;1;2;2;0;3;3;0;0;0;0;0;8;
Cory Jefferson;;8;0;2;0;0;0;0;0;1;1;0;1;0;0;1;0;
Earl Clark;;7;0;2;0;1;0;0;0;2;2;0;0;0;0;0;0;
Jerome Jordan;;5;1;2;0;0;2;2;0;1;1;0;0;0;0;0;4;
Mason Plumlee;;12;0;3;0;0;0;2;3;4;7;1;0;0;1;1;0;
Jarrett Jack;;25;7;14;0;1;1;1;0;1;1;2;0;0;4;0;15;
Darius Morris;;3;0;1;0;0;0;0;0;0;0;0;0;0;0;0;0;
Bojan Bogdanovic;;33;5;11;3;6;4;4;0;1;1;2;0;0;1;2;17;
