03-07;ATL-PHI;84-92;
31-20;22-27;16-25;15-20;
ATL
Mike Muscala;PF;17;1;3;0;0;0;0;2;5;7;0;0;1;0;3;2;
Al Horford;C;34;6;16;0;0;0;0;0;5;5;4;2;3;2;1;12;
Jeff Teague;PG;33;5;13;1;3;6;6;0;2;2;4;2;1;5;3;17;
John Jenkins;SG;23;3;7;2;5;0;0;0;4;4;1;0;0;1;0;8;
Kent Bazemore;SG;36;2;8;1;3;4;6;0;9;9;2;1;2;3;0;9;
Mike Scott;;29;4;9;3;6;0;0;1;6;7;2;1;0;0;1;11;
Elton Brand;;16;0;2;0;0;0;0;1;4;5;0;1;1;1;2;0;
Dennis Schroder;;31;6;13;1;3;3;4;1;1;2;6;0;1;5;4;16;
Shelvin Mack;;21;3;6;3;5;0;0;0;1;1;1;1;0;2;0;9;
PHI
Luc Richard Mbah a Moute;PF;29;8;16;3;7;0;0;0;3;3;1;1;0;1;0;19;
Robert Covington;SF;29;5;12;2;6;0;0;0;4;4;1;2;0;6;3;12;
Nerlens Noel;C;32;4;12;0;0;3;6;7;10;17;0;5;1;2;1;11;
Isaiah Canaan;PG;37;2;13;2;9;6;8;0;5;5;8;1;0;1;4;12;
JaKarr Sampson;SG;21;0;7;0;4;0;0;3;1;4;1;1;0;0;2;0;
Furkan Aldemir;;18;0;2;0;1;0;2;4;4;8;2;1;2;1;0;0;
Thomas Robinson;;18;5;8;0;0;0;0;1;1;2;1;1;0;1;1;10;
Jerami Grant;;5;0;2;0;0;0;0;0;1;1;0;1;0;1;0;0;
Ish Smith;;22;4;13;1;3;0;1;0;2;2;6;1;0;1;1;9;
Hollis Thompson;;30;7;10;5;7;0;0;2;7;9;4;0;0;2;0;19;
