02-09;GS-PHI;89-84;
20-24;26-20;21-17;22-23;
GS
Harrison Barnes;SF;22;4;10;1;4;0;0;1;2;3;0;0;1;1;0;9;
Draymond Green;SF;27;2;6;0;1;0;0;1;2;3;2;1;1;1;3;4;
Andrew Bogut;C;30;2;2;0;0;0;2;2;7;9;3;1;2;0;2;4;
Stephen Curry;PG;32;7;20;3;12;3;4;0;5;5;6;3;0;1;2;20;
Klay Thompson;SG;29;4;14;1;6;4;4;0;2;2;3;1;0;3;1;13;
David Lee;;19;0;5;0;0;0;0;0;3;3;5;3;0;1;1;0;
Marreese Speights;;15;5;8;0;0;0;0;0;1;1;0;0;0;1;2;10;
Shaun Livingston;;16;0;2;0;0;0;0;0;3;3;3;2;0;2;1;0;
Leandro Barbosa;;20;5;7;1;1;5;7;2;4;6;2;0;1;2;1;16;
Andre Iguodala;;30;5;11;1;5;2;2;0;5;5;2;4;0;2;1;13;
PHI
Luc Richard Mbah a Moute;PF;35;5;13;2;4;1;2;1;8;9;1;2;1;5;0;13;
Robert Covington;SF;32;7;15;4;10;3;3;0;8;8;1;3;0;3;3;21;
Nerlens Noel;C;32;5;8;0;0;1;2;3;4;7;4;1;1;1;3;11;
Tim Frazier;PG;36;4;11;1;2;1;2;3;3;6;7;0;0;7;3;10;
JaKarr Sampson;SG;27;5;7;0;2;0;0;0;6;6;2;1;0;3;0;10;
Jerami Grant;;22;1;5;0;1;4;4;1;2;3;3;0;1;1;2;6;
Henry Sims;;12;4;5;0;0;0;0;1;4;5;0;1;0;1;1;8;
Michael Carter-Williams;;0;0;0;0;0;0;0;0;0;0;0;0;0;0;0;0;
K.J. McDaniels;;17;2;6;0;1;1;1;1;1;2;1;1;1;2;1;5;
Hollis Thompson;;28;0;9;0;4;0;0;0;6;6;2;0;0;4;6;0;
