11-04;ORL-CHI;90-98;
28-24;24-30;17-15;21-29;
ORL
Channing Frye;PF;36;3;4;3;4;0;0;0;7;7;3;1;2;0;3;9;
Tobias Harris;SF;37;9;15;0;1;3;3;1;8;9;1;1;1;1;5;21;
Nikola Vucevic;C;40;9;22;1;1;0;0;2;11;13;2;1;1;6;1;19;
Elfrid Payton;PG;32;3;14;0;0;3;7;3;3;6;7;3;1;2;2;9;
Evan Fournier;SG;40;5;14;2;5;1;2;1;2;3;2;0;0;0;1;13;
Aaron Gordon;;14;3;6;0;2;0;0;1;0;1;0;0;1;0;2;6;
Dewayne Dedmon;;7;1;2;0;0;1;2;4;0;4;0;0;0;0;5;3;
Luke Ridnour;;16;2;5;0;1;0;0;1;2;3;3;0;0;2;1;4;
Ben Gordon;;17;3;6;0;0;0;0;1;1;2;3;0;0;0;2;6;
CHI
Pau Gasol;PF;41;7;16;0;0;2;4;2;11;13;2;1;2;1;2;16;
Taj Gibson;PF;32;6;12;0;0;4;4;2;2;4;1;1;2;1;5;16;
Mike Dunleavy;SF;22;1;3;1;2;0;0;1;2;3;2;0;0;2;2;3;
Kirk Hinrich;SG;30;2;6;1;3;0;0;0;3;3;3;2;0;3;2;5;
Jimmy Butler;SG;35;7;15;0;2;7;11;3;6;9;3;1;2;2;2;21;
Nikola Mirotic;;23;2;5;2;4;2;2;0;6;6;4;1;0;1;3;8;
Tony Snell;;15;1;1;0;0;2;2;1;2;3;0;0;0;0;0;4;
Doug McDermott;;12;4;6;1;2;3;3;0;1;1;0;0;0;0;0;12;
Aaron Brooks;;30;5;11;2;2;1;1;1;1;2;8;0;3;2;2;13;
E'Twaun Moore;;0;0;0;0;0;0;0;0;0;0;0;0;0;0;0;0;
