04-11;TOR-MIA;107-104;
27-29;31-29;21-23;28-23;
TOR
Tyler Hansbrough;PF;30;0;2;0;0;2;4;5;5;10;1;0;0;0;3;2;
Terrence Ross;SF;17;4;10;1;3;0;0;3;2;5;0;0;1;0;2;9;
Jonas Valanciunas;C;10;2;2;0;0;0;2;1;2;3;0;0;0;1;6;4;
Kyle Lowry;PG;36;3;14;0;8;6;7;0;7;7;1;3;1;1;4;12;
DeMar DeRozan;SG;37;7;17;1;1;9;11;0;6;6;2;4;0;4;4;24;
James Johnson;;4;0;0;0;0;0;0;1;1;2;1;0;0;1;1;0;
Patrick Patterson;;37;3;7;1;3;4;6;1;2;3;3;0;0;0;4;11;
Chuck Hayes;;15;2;4;0;0;0;0;4;3;7;1;0;1;0;2;4;
Greivis Vasquez;;25;5;9;2;4;0;0;0;3;3;1;0;0;0;3;12;
Louis Williams;;30;9;18;4;7;7;7;0;1;1;2;0;0;0;2;29;
MIA
Udonis Haslem;PF;17;2;3;0;1;0;0;0;4;4;0;0;0;0;2;4;
Luol Deng;SF;37;5;12;0;4;1;2;1;6;7;1;0;0;0;0;11;
Hassan Whiteside;C;35;6;8;0;0;4;16;8;10;18;0;1;6;3;4;16;
Dwyane Wade;SG;33;9;20;1;2;11;14;4;2;6;5;0;1;1;4;30;
Goran Dragic;SG;38;8;16;3;7;3;3;0;2;2;5;0;0;1;6;22;
Chris Andersen;;13;2;4;1;1;1;2;1;4;5;0;0;1;0;0;6;
James Ennis;;17;0;1;0;1;0;0;0;1;1;0;0;0;0;3;0;
Michael Beasley;;11;3;7;0;1;0;0;0;2;2;1;0;0;0;0;6;
Mario Chalmers;;17;1;6;0;2;3;5;0;0;0;2;2;0;2;3;5;
Tyler Johnson;;22;1;4;1;1;1;2;0;2;2;0;0;0;0;3;4;
Zoran Dragic;;0;0;0;0;0;0;0;0;0;0;0;0;0;0;0;0;
