02-22;ATL-MIL;97-86;
22-13;26-22;18-29;31-22;
ATL
Paul Millsap;PF;32;10;21;1;3;2;2;8;8;16;3;1;2;3;1;23;
DeMarre Carroll;SF;33;4;10;2;6;0;0;1;1;2;1;1;0;2;4;10;
Al Horford;C;33;5;12;0;1;5;6;4;4;8;1;0;2;2;1;15;
Jeff Teague;PG;28;4;8;0;0;2;2;0;1;1;2;4;1;4;2;10;
Kyle Korver;SG;35;4;11;4;9;0;0;0;2;2;3;1;0;2;4;12;
Mike Scott;;18;3;7;1;4;1;2;1;2;3;0;1;0;0;1;8;
Pero Antic;;13;0;4;0;2;3;4;1;2;3;1;0;0;1;1;3;
Dennis Schroder;;26;3;10;1;4;5;5;0;2;2;9;0;0;6;1;12;
Kent Bazemore;;22;2;4;0;1;0;0;1;5;6;3;2;2;0;2;4;
MIL
Jared Dudley;SF;33;0;5;0;3;4;4;1;4;5;3;2;0;5;2;4;
Giannis Antetokounmpo;SF;32;7;15;0;0;5;5;1;3;4;0;1;2;1;1;19;
John Henson;C;18;1;3;0;0;0;0;4;4;8;0;1;2;3;4;2;
Jerryd Bayless;PG;30;6;11;1;2;0;0;0;3;3;3;3;0;4;3;13;
Khris Middleton;SG;36;6;12;1;4;6;6;0;4;4;5;0;0;2;3;19;
Ersan Ilyasova;;15;2;3;0;0;0;0;0;4;4;1;1;1;1;2;4;
Miles Plumlee;;15;2;3;0;0;0;0;2;3;5;3;1;1;0;0;4;
Zaza Pachulia;;15;1;3;0;1;0;0;0;3;3;1;1;0;2;4;2;
Tyler Ennis;;18;2;6;0;1;0;0;0;1;1;3;0;0;3;2;4;
O.J. Mayo;;28;5;11;2;5;3;3;0;1;1;0;0;1;3;3;15;
