02-02;ORL-OKC;97-104;
22-29;28-32;17-21;30-22;
ORL
Aaron Gordon;PF;26;2;7;0;1;2;2;2;6;8;2;0;0;2;1;6;
Tobias Harris;SF;41;8;20;0;5;2;3;1;3;4;4;0;0;1;0;18;
Nikola Vucevic;C;28;9;16;0;0;2;2;4;2;6;1;0;0;2;6;20;
Elfrid Payton;PG;21;0;6;0;0;0;0;3;0;3;3;0;0;1;2;0;
Victor Oladipo;SG;34;7;14;2;4;6;6;1;6;7;4;1;0;3;3;22;
Kyle O'Quinn;;23;5;10;0;2;1;3;3;5;8;2;3;1;0;3;11;
Channing Frye;;12;1;4;1;3;0;0;0;4;4;1;0;0;1;3;3;
Maurice Harkless;;7;1;1;0;0;0;0;0;0;0;1;0;0;0;1;2;
Dewayne Dedmon;;0;0;0;0;0;0;0;0;0;0;0;0;0;0;0;0;
Evan Fournier;;21;1;5;0;3;0;0;0;1;1;2;0;0;1;2;2;
Willie Green;;27;4;7;3;5;2;2;0;3;3;3;1;0;2;0;13;
OKC
Serge Ibaka;PF;37;6;12;2;5;2;2;1;7;8;1;2;3;1;3;16;
Steven Adams;C;27;5;7;0;0;2;2;1;3;4;2;0;0;3;5;12;
Russell Westbrook;PG;38;8;15;1;3;8;8;1;10;11;14;4;1;2;1;25;
Dion Waiters;SG;41;9;15;2;4;4;6;1;3;4;1;1;0;2;2;24;
Andre Roberson;SG;23;1;5;0;3;0;0;1;1;2;1;1;0;0;2;2;
Nick Collison;;11;1;6;0;0;0;0;2;1;3;0;1;1;1;2;2;
Mitch McGary;;1;0;1;0;0;0;0;0;0;0;0;0;0;0;0;0;
Kendrick Perkins;;21;3;4;0;0;2;4;0;3;3;2;0;0;2;4;8;
Reggie Jackson;;17;0;4;0;2;0;0;0;4;4;3;1;0;0;1;0;
Anthony Morrow;;25;4;6;3;3;4;4;1;0;1;1;0;0;2;0;15;
