03-02;TOR-PHI;114-103;
26-22;29-27;28-27;31-27;
TOR
Amir Johnson;PF;27;2;3;0;0;0;0;2;5;7;2;0;1;0;1;4;
James Johnson;PF;19;2;4;0;0;0;0;1;0;1;1;1;2;2;3;4;
Jonas Valanciunas;C;23;1;2;0;0;3;4;2;3;5;0;0;1;3;4;5;
Greivis Vasquez;PG;28;5;8;2;4;0;0;0;1;1;5;1;0;1;1;12;
DeMar DeRozan;SG;38;12;24;1;3;10;10;0;9;9;5;2;0;2;1;35;
Patrick Patterson;;30;6;10;2;4;1;1;2;2;4;3;0;1;0;2;15;
Tyler Hansbrough;;16;3;4;0;0;0;2;3;2;5;1;1;1;0;3;6;
Terrence Ross;;29;4;10;4;7;0;0;0;1;1;2;0;0;1;0;12;
Louis Williams;;30;6;15;2;9;7;7;0;3;3;5;1;0;0;1;21;
PHI
Luc Richard Mbah a Moute;PF;29;4;10;1;2;1;2;3;2;5;2;2;0;2;0;10;
Henry Sims;C;23;5;10;0;0;0;1;1;3;4;3;0;0;2;2;10;
Nerlens Noel;C;32;7;7;0;0;3;4;0;7;7;3;2;1;3;3;17;
Isaiah Canaan;PG;25;5;12;4;8;0;0;0;1;1;3;0;0;0;2;14;
JaKarr Sampson;SG;21;2;7;1;2;2;2;2;1;3;4;2;3;1;2;7;
Furkan Aldemir;;14;1;1;0;0;0;0;0;2;2;3;0;0;0;3;2;
Thomas Robinson;;15;6;8;0;0;1;2;2;3;5;1;0;0;1;1;13;
Jerami Grant;;29;2;7;0;4;0;0;1;1;2;4;0;1;1;2;4;
Ish Smith;;27;8;13;1;2;2;3;0;5;5;9;0;0;2;1;19;
Hollis Thompson;;24;1;3;1;2;4;5;1;1;2;0;0;1;3;2;7;
