11-14;MIL-ORL;85-101;
30-25;19-27;19-28;17-21;
MIL
Ersan Ilyasova;PF;13;3;10;0;3;2;2;0;1;1;1;0;0;1;3;8;
Jared Dudley;SF;22;1;4;0;0;0;0;0;4;4;1;1;0;1;2;2;
Jabari Parker;SF;27;2;5;0;0;2;2;0;3;3;1;1;1;3;4;6;
Larry Sanders;C;16;2;2;0;0;0;2;0;5;5;0;2;2;1;4;4;
Brandon Knight;PG;34;9;17;2;8;4;5;0;6;6;5;1;0;3;2;24;
Giannis Antetokounmpo;;31;9;15;0;2;1;1;3;4;7;1;1;0;0;2;19;
Zaza Pachulia;;15;1;3;0;0;0;0;1;4;5;1;0;0;2;4;2;
John Henson;;17;4;5;0;0;2;2;1;5;6;2;0;1;1;1;10;
Kendall Marshall;;3;0;0;0;0;0;0;0;0;0;0;0;0;1;0;0;
Nate Wolters;;17;2;4;0;0;0;0;0;1;1;2;1;0;0;1;4;
Jerryd Bayless;;19;0;4;0;2;0;0;0;0;0;2;1;0;2;2;0;
O.J. Mayo;;26;3;11;0;4;0;0;0;0;0;3;0;0;1;0;6;
ORL
Channing Frye;PF;30;2;8;2;7;0;0;1;7;8;1;3;0;1;1;6;
Tobias Harris;SF;38;10;18;1;3;5;6;3;7;10;3;0;1;2;3;26;
Nikola Vucevic;C;33;6;11;0;0;6;8;5;4;9;4;1;1;5;2;18;
Elfrid Payton;PG;22;1;5;0;0;0;0;0;4;4;3;1;0;2;4;2;
Evan Fournier;SG;36;5;13;3;6;2;3;1;3;4;2;0;0;1;2;15;
Aaron Gordon;;15;3;3;0;0;2;2;0;3;3;3;1;1;0;0;8;
Andrew Nicholson;;2;1;1;1;1;0;0;0;0;0;0;0;0;0;0;3;
Dewayne Dedmon;;2;0;1;0;0;0;0;0;0;0;0;1;0;0;0;0;
Luke Ridnour;;18;2;3;1;2;0;0;0;4;4;3;0;0;2;1;5;
Willie Green;;19;2;7;1;2;0;0;0;0;0;1;0;0;1;1;5;
Victor Oladipo;;25;3;10;1;3;6;8;0;3;3;2;0;0;1;1;13;
