01-07;MIL-PHI;97-77;
27-11;26-28;24-21;20-17;
MIL
Johnny O'Bryant III;PF;23;3;6;0;0;0;0;2;1;3;0;0;0;5;4;6;
Giannis Antetokounmpo;SF;15;3;9;0;0;1;2;1;2;3;2;1;0;1;1;7;
Zaza Pachulia;C;32;5;10;0;0;1;1;3;9;12;7;1;0;4;5;11;
Brandon Knight;PG;32;6;12;4;7;2;4;0;3;3;5;0;0;5;1;18;
Khris Middleton;SG;27;7;9;2;2;2;2;0;3;3;3;5;0;0;2;18;
Jared Dudley;;24;2;3;0;1;0;0;0;7;7;1;1;0;0;2;4;
John Henson;;16;2;5;0;0;0;0;0;2;2;2;1;4;4;3;4;
Nate Wolters;;21;1;5;0;1;0;0;1;0;1;2;2;0;1;4;2;
Jerryd Bayless;;26;6;6;0;0;0;0;0;5;5;4;2;0;4;3;12;
O.J. Mayo;;24;6;11;2;6;1;2;0;4;4;6;1;0;0;1;15;
PHI
Robert Covington;SF;33;1;11;1;9;5;6;0;3;3;0;2;0;3;2;8;
Henry Sims;C;18;1;8;0;0;1;1;0;5;5;1;0;0;2;0;3;
Nerlens Noel;C;28;6;10;0;0;1;2;4;1;5;1;2;2;2;3;13;
Michael Carter-Williams;PG;31;1;13;0;4;3;4;1;4;5;5;1;1;4;3;5;
K.J. McDaniels;SG;30;5;8;0;1;4;4;3;3;6;0;3;1;5;1;14;
Malcolm Thomas;;10;0;1;0;0;0;0;2;0;2;0;0;0;0;1;0;
Furkan Aldemir;;18;2;3;0;0;0;0;2;4;6;0;0;0;1;3;4;
Jerami Grant;;25;0;3;0;2;7;8;1;4;5;1;2;2;2;1;7;
JaKarr Sampson;;24;5;7;1;2;0;0;2;5;7;5;1;0;4;3;11;
Tony Wroten;;23;4;19;0;7;4;4;0;0;0;1;0;0;1;2;12;
