01-30;POR-ATL;99-105;
29-27;22-23;23-19;25-36;
POR
LaMarcus Aldridge;PF;38;15;24;2;3;5;5;1;10;11;2;2;1;1;4;37;
Nicolas Batum;SF;32;3;9;1;3;0;0;2;3;5;2;0;0;3;2;7;
Chris Kaman;C;25;4;8;0;0;0;0;4;4;8;0;1;0;2;1;8;
Damian Lillard;PG;40;6;20;1;9;0;0;1;5;6;11;3;1;6;3;13;
Wesley Matthews;SG;38;4;13;3;9;5;6;0;1;1;3;0;0;2;3;16;
Dorell Wright;;15;2;4;1;2;0;0;0;4;4;0;1;0;2;2;5;
Meyers Leonard;;19;1;1;1;1;0;0;0;8;8;0;0;1;0;2;3;
Steve Blake;;21;3;4;2;3;0;0;0;1;1;7;0;0;1;3;8;
Will Barton;;13;1;4;0;0;0;0;1;1;2;0;0;0;0;0;2;
ATL
Paul Millsap;PF;36;6;14;2;5;7;9;0;8;8;2;3;0;1;2;21;
Thabo Sefolosha;SF;2;0;2;0;1;0;0;1;0;1;0;0;0;0;1;0;
Al Horford;C;34;8;15;1;1;0;0;2;6;8;4;3;2;1;2;17;
Jeff Teague;PG;34;6;17;1;2;0;0;1;6;7;8;1;1;4;2;13;
Kyle Korver;SG;39;5;7;2;4;4;5;0;6;6;1;1;0;1;1;16;
Mike Scott;;14;4;5;3;3;0;2;0;2;2;1;0;0;1;2;11;
Pero Antic;;12;2;8;1;4;2;3;3;0;3;0;0;0;0;1;7;
Dennis Schroder;;24;3;8;0;0;0;0;0;0;0;7;2;0;3;3;6;
John Jenkins;;5;1;2;0;1;0;0;0;2;2;0;0;0;0;1;2;
Kent Bazemore;;40;5;6;1;2;1;3;0;5;5;3;2;1;2;2;12;
