01-10;IND-PHI;92-93;
21-19;28-24;21-29;22-21;
IND
David West;PF;33;10;18;0;0;8;10;6;3;9;2;2;2;1;5;28;
Solomon Hill;SF;36;2;11;0;3;8;9;2;4;6;2;2;0;3;0;12;
Roy Hibbert;C;19;3;8;0;0;1;1;7;6;13;0;0;2;1;5;7;
Rodney Stuckey;PG;35;4;8;1;3;4;7;0;9;9;2;0;0;3;3;13;
C.J. Watson;PG;30;3;11;2;5;2;3;0;1;1;4;1;0;3;2;10;
Lavoy Allen;;22;1;7;0;0;2;2;2;4;6;1;3;1;1;4;4;
Luis Scola;;17;2;9;0;0;1;5;1;4;5;3;0;0;0;3;5;
Chris Copeland;;13;0;4;0;1;0;0;0;0;0;1;0;0;0;2;0;
Damjan Rudez;;9;0;1;0;0;0;0;1;1;2;0;0;0;0;0;0;
Ian Mahinmi;;4;0;0;0;0;1;2;0;0;0;0;0;0;0;2;1;
Donald Sloan;;18;3;7;0;4;3;3;0;2;2;1;1;0;1;1;9;
C.J. Miles;;4;1;3;1;2;0;0;0;1;1;0;0;0;0;0;3;
PHI
Luc Richard Mbah a Moute;PF;25;0;5;0;1;0;0;0;1;1;0;1;0;1;4;0;
Robert Covington;SF;26;6;13;4;8;0;1;0;2;2;0;0;0;0;4;16;
Nerlens Noel;C;31;2;5;0;0;2;5;2;7;9;0;0;5;1;4;6;
Michael Carter-Williams;PG;35;6;17;1;4;2;2;0;5;5;9;0;1;4;2;15;
K.J. McDaniels;SG;33;3;7;1;3;3;4;1;2;3;1;0;2;1;2;10;
Furkan Aldemir;;6;0;1;0;0;0;0;1;2;3;1;0;1;2;3;0;
Jerami Grant;;18;2;4;2;2;0;0;2;5;7;0;1;3;2;4;6;
Henry Sims;;19;3;7;0;0;5;6;4;5;9;1;0;0;1;3;11;
JaKarr Sampson;;19;4;4;1;1;0;0;0;1;1;0;0;0;0;1;9;
Tony Wroten;;29;6;17;2;5;6;7;2;2;4;9;2;0;4;4;20;
