01-23;NO-MIN;92-84;
24-20;21-24;24-19;23-21;
NO
Dante Cunningham;PF;35;7;12;0;0;0;0;3;2;5;1;2;1;1;0;14;
Anthony Davis;PF;42;9;23;0;0;3;4;0;12;12;0;2;1;1;2;21;
Omer Asik;C;33;2;4;0;0;1;2;0;4;4;0;0;1;2;4;5;
Eric Gordon;SG;35;8;13;2;3;2;2;0;2;2;5;1;0;2;4;20;
Tyreke Evans;SG;35;8;17;1;1;0;2;0;3;3;8;2;0;2;1;17;
Luke Babbitt;;4;0;0;0;0;0;0;0;1;1;0;0;0;0;0;0;
Alexis Ajinca;;14;2;4;0;0;2;2;1;5;6;0;0;5;1;3;6;
Nate Wolters;;14;2;4;0;0;1;2;1;1;2;1;0;0;2;0;5;
Quincy Pondexter;;29;2;3;0;0;0;0;1;1;2;2;0;1;2;2;4;
MIN
Thaddeus Young;SF;31;7;15;1;1;0;0;0;0;0;4;0;0;1;4;15;
Robbie Hummel;SF;32;2;5;0;1;0;0;1;5;6;1;2;0;0;2;4;
Andrew Wiggins;SF;38;6;16;0;2;1;3;1;1;2;1;0;1;2;4;13;
Gorgui Dieng;C;35;6;12;0;0;2;3;3;12;15;3;0;1;3;0;14;
Mo Williams;PG;34;3;10;0;2;6;7;0;3;3;10;0;0;3;2;12;
Anthony Bennett;;10;0;2;0;0;0;0;1;0;1;0;0;0;1;1;0;
Chase Budinger;;25;5;8;0;2;0;0;0;2;2;4;1;0;1;2;10;
Nikola Pekovic;;21;5;11;0;0;3;4;3;6;9;0;0;2;2;3;13;
Zach LaVine;;14;1;5;1;1;0;0;0;0;0;4;0;0;0;0;3;
