12-07;MIL-DAL;102-125;
21-32;25-27;25-31;31-35;
MIL
Giannis Antetokounmpo;SF;30;8;11;0;0;2;3;1;3;4;1;1;1;1;2;18;
Jabari Parker;SF;37;7;12;0;0;1;2;2;3;5;2;2;0;4;4;15;
Larry Sanders;C;28;5;7;0;0;0;0;3;6;9;1;1;2;1;2;10;
Brandon Knight;PG;29;4;9;1;4;7;7;0;2;2;5;1;0;2;1;16;
O.J. Mayo;SG;25;5;14;2;5;0;0;1;2;3;3;0;0;2;3;12;
Jared Dudley;;15;1;5;0;2;0;0;1;0;1;1;0;0;0;0;2;
Zaza Pachulia;;21;5;10;0;1;4;4;3;5;8;1;1;0;1;3;14;
Kendall Marshall;;14;0;1;0;0;0;0;0;1;1;1;0;0;2;1;0;
Nate Wolters;;6;2;2;0;0;0;1;0;0;0;0;0;0;0;0;4;
Jerryd Bayless;;20;4;8;1;1;0;0;0;1;1;0;0;1;0;0;9;
Khris Middleton;;18;1;5;0;2;0;0;0;2;2;2;1;0;4;2;2;
DAL
Dirk Nowitzki;PF;26;8;12;1;4;4;4;1;3;4;0;1;0;1;1;21;
Chandler Parsons;SF;31;11;14;4;6;2;4;1;4;5;1;0;1;2;1;28;
Tyson Chandler;C;24;2;3;0;0;3;3;0;7;7;2;3;2;2;0;7;
Jameer Nelson;PG;17;1;3;0;2;0;0;0;1;1;5;0;0;1;3;2;
Monta Ellis;SG;29;7;13;1;5;4;6;2;2;4;4;2;1;2;0;19;
Greg Smith;;3;1;1;0;0;0;0;0;0;0;0;0;0;0;1;2;
Brandan Wright;;21;4;6;0;0;0;0;2;5;7;2;4;3;1;1;8;
Jae Crowder;;26;4;10;1;3;0;0;1;1;2;3;3;1;2;2;9;
Al-Farouq Aminu;;13;1;4;0;1;2;2;1;4;5;2;0;0;0;1;4;
Richard Jefferson;;5;4;4;2;2;0;0;0;0;0;0;0;0;0;0;10;
J.J. Barea;;23;4;9;1;5;0;0;0;0;0;9;1;0;0;4;9;
Devin Harris;;23;2;5;2;3;0;0;0;1;1;1;0;0;0;0;6;
