01-07;DET-DAL;108-95;
31-26;23-23;20-19;34-27;
DET
Greg Monroe;PF;34;11;16;0;0;5;5;3;15;18;6;0;1;4;2;27;
Kyle Singler;SF;20;2;8;0;3;0;0;0;2;2;1;1;0;2;2;4;
Andre Drummond;C;30;3;11;0;0;0;0;7;12;19;1;1;1;0;3;6;
Brandon Jennings;PG;26;7;18;0;2;0;0;2;2;4;6;1;0;1;0;14;
Kentavious Caldwell-Pope;SG;18;3;6;1;2;1;2;0;2;2;1;1;0;2;2;8;
Jonas Jerebko;;20;3;6;0;0;0;0;6;3;9;2;2;0;2;3;6;
Anthony Tolliver;;10;1;1;1;1;0;0;0;0;0;0;0;0;0;2;3;
Caron Butler;;28;1;4;1;3;0;0;0;5;5;1;2;0;0;0;3;
Joel Anthony;;1;0;0;0;0;0;0;0;0;0;0;0;0;0;0;0;
D.J. Augustin;;22;9;16;4;5;4;5;0;1;1;2;1;0;2;1;26;
Jodie Meeks;;30;3;11;3;5;2;2;0;0;0;2;0;0;2;2;11;
DAL
Dirk Nowitzki;PF;29;8;19;0;3;3;4;0;5;5;2;1;1;1;1;19;
Chandler Parsons;SF;36;5;13;2;5;3;3;0;3;3;4;2;0;0;3;15;
Tyson Chandler;C;31;4;5;0;0;1;2;4;11;15;1;1;1;0;2;9;
Rajon Rondo;PG;28;3;7;0;0;0;0;2;4;6;8;2;0;7;2;6;
Monta Ellis;SG;36;6;17;0;4;4;6;1;4;5;4;0;1;3;0;16;
Greg Smith;;16;1;3;0;0;0;0;1;3;4;0;1;1;0;2;2;
Dwight Powell;;1;0;0;0;0;0;0;0;0;0;1;0;0;0;0;0;
Charlie Villanueva;;14;3;8;0;4;0;0;0;1;1;1;0;0;1;0;6;
Al-Farouq Aminu;;1;1;1;1;1;0;0;0;0;0;0;0;0;0;0;3;
Richard Jefferson;;17;1;4;1;2;0;0;1;0;1;0;0;0;0;1;3;
J.J. Barea;;10;1;2;0;0;0;0;0;0;0;1;0;0;1;1;2;
Devin Harris;;21;5;8;2;3;2;3;0;3;3;2;2;0;1;3;14;
