01-14;PHI-TOR;84-100;
19-34;27-16;15-21;23-29;
PHI
Luc Richard Mbah a Moute;PF;30;1;7;0;2;1;2;0;1;1;0;2;0;2;2;3;
Henry Sims;C;24;4;9;0;0;0;0;2;5;7;2;0;1;1;2;8;
Nerlens Noel;C;39;5;9;0;0;2;4;3;5;8;1;3;1;0;2;12;
Michael Carter-Williams;PG;41;12;25;1;6;4;8;0;7;7;4;2;0;4;3;29;
K.J. McDaniels;SG;32;2;10;1;4;5;6;3;5;8;1;1;4;1;2;10;
Furkan Aldemir;;15;1;1;0;0;0;0;1;4;5;1;0;0;0;2;2;
Jerami Grant;;22;3;4;0;0;1;2;1;3;4;1;0;1;1;6;7;
JaKarr Sampson;;13;1;5;0;2;2;2;0;3;3;3;0;1;2;0;4;
Hollis Thompson;;24;2;10;1;5;4;7;1;1;2;0;2;0;1;3;9;
TOR
Amir Johnson;PF;32;5;8;0;0;0;0;5;11;16;2;0;1;2;4;10;
Terrence Ross;SF;18;1;4;0;1;0;0;0;0;0;0;0;0;0;1;2;
Jonas Valanciunas;C;21;4;8;0;0;4;6;1;6;7;0;1;0;2;5;12;
Kyle Lowry;PG;34;6;15;4;10;2;2;0;7;7;12;3;0;4;3;18;
DeMar DeRozan;SG;29;9;14;0;0;2;4;0;4;4;3;1;1;3;1;20;
Tyler Hansbrough;;16;2;3;0;1;2;4;2;4;6;0;1;0;0;2;6;
James Johnson;;15;2;2;0;0;1;2;0;2;2;2;0;0;2;2;5;
Patrick Patterson;;28;2;11;2;6;0;0;1;3;4;3;0;0;0;2;6;
Greivis Vasquez;;24;1;5;0;3;0;0;1;2;3;2;0;0;2;4;2;
Louis Williams;;24;6;12;4;8;3;4;0;0;0;2;1;0;2;0;19;
