04-13;LAL-SAC;92-102;
24-24;27-27;23-24;18-27;
LAL
Ryan Kelly;PF;27;1;6;0;2;1;1;0;3;3;1;1;1;1;3;3;
Tarik Black;PF;24;4;6;0;0;0;0;3;4;7;0;0;0;1;4;8;
Jordan Hill;C;28;9;19;0;0;0;0;0;6;6;4;0;0;1;3;18;
Jordan Clarkson;PG;47;10;21;2;5;1;2;0;5;5;6;5;1;3;2;23;
Jabari Brown;SG;46;6;17;1;6;5;6;0;2;2;7;0;0;1;5;18;
Carlos Boozer;;20;4;10;0;0;0;0;5;5;10;1;0;1;2;4;8;
Ed Davis;;22;3;10;0;0;1;2;9;5;14;0;0;0;0;3;7;
Vander Blue;;26;3;7;1;2;0;2;0;2;2;0;2;0;2;2;7;
SAC
Carl Landry;PF;19;5;7;0;0;4;4;0;3;3;0;0;0;0;2;14;
Jason Thompson;PF;32;4;8;0;0;2;4;2;8;10;2;0;3;2;2;10;
Omri Casspi;SF;37;7;14;2;5;10;13;0;9;9;6;0;0;2;2;26;
Ray McCallum;PG;28;5;11;0;1;2;2;1;4;5;3;1;0;2;2;12;
Ben McLemore;SG;31;2;7;1;4;3;4;1;4;5;2;1;0;2;0;8;
Derrick Williams;;29;6;12;1;4;7;9;0;1;1;2;1;0;1;1;20;
Ryan Hollins;;16;1;2;0;0;0;0;1;4;5;0;1;0;1;1;2;
Andre Miller;;27;5;7;0;0;0;0;0;2;2;6;0;2;0;2;10;
Nik Stauskas;;21;0;4;0;2;0;0;0;1;1;1;0;1;0;2;0;
