12-13;ATL-ORL;99-100;
23-18;25-29;24-25;27-28;
ATL
Paul Millsap;PF;31;3;12;0;3;3;4;4;6;10;2;0;0;2;3;9;
DeMarre Carroll;SF;34;2;8;1;5;2;2;0;6;6;1;0;0;1;3;7;
Al Horford;C;35;9;15;0;0;0;0;1;7;8;2;1;2;0;1;18;
Jeff Teague;PG;33;8;18;2;4;6;8;1;2;3;8;3;1;3;3;24;
Kyle Korver;SG;31;2;5;1;4;6;6;0;1;1;4;0;0;0;1;11;
Elton Brand;;13;0;1;0;0;0;0;2;3;5;0;0;0;0;1;0;
Mike Scott;;17;3;7;2;5;2;2;0;1;1;2;0;0;0;1;10;
Thabo Sefolosha;;11;0;0;0;0;0;0;0;1;1;1;0;1;1;1;0;
Dennis Schroder;;18;4;13;0;3;2;2;1;3;4;3;0;0;3;2;10;
Kent Bazemore;;17;4;5;2;3;0;0;0;2;2;1;0;0;0;3;10;
ORL
Channing Frye;PF;40;3;7;3;6;0;0;0;7;7;3;0;0;0;3;9;
Tobias Harris;SF;39;7;16;0;3;6;10;4;2;6;5;0;3;3;3;20;
Nikola Vucevic;C;35;9;13;0;0;0;0;2;9;11;0;0;1;1;2;18;
Evan Fournier;SG;39;7;14;1;5;4;4;0;5;5;3;0;0;1;1;19;
Victor Oladipo;SG;36;5;9;3;3;2;2;1;4;5;7;2;0;6;4;15;
Kyle O'Quinn;;12;0;2;0;1;0;0;0;1;1;0;1;1;0;1;0;
Dewayne Dedmon;;7;1;2;0;0;0;0;0;0;0;0;0;1;0;0;2;
Elfrid Payton;;20;2;7;0;0;1;2;0;1;1;7;1;0;2;0;5;
Ben Gordon;;13;3;4;3;3;3;3;0;0;0;1;2;0;2;1;12;
