11-07;CHI-PHI;118-115;
33-28;24-29;35-19;26-39;
CHI
Pau Gasol;PF;34;6;11;0;0;5;5;2;10;12;1;1;2;4;2;17;
Mike Dunleavy;SF;31;9;15;5;8;4;5;0;3;3;3;0;1;1;0;27;
Joakim Noah;C;31;1;4;0;0;3;4;4;5;9;2;0;1;2;5;5;
Kirk Hinrich;SG;32;3;12;1;4;6;10;0;3;3;7;1;0;5;2;13;
Jimmy Butler;SG;40;8;15;1;3;6;6;4;3;7;5;1;1;1;4;23;
Taj Gibson;;23;5;6;0;0;1;2;1;2;3;3;0;1;1;4;11;
Nikola Mirotic;;8;0;2;0;1;1;2;1;0;1;0;0;0;0;2;1;
Tony Snell;;8;1;1;1;1;0;0;0;0;0;0;0;0;0;1;3;
Doug McDermott;;17;3;4;2;3;0;0;0;1;1;0;0;0;2;1;8;
Aaron Brooks;;17;4;8;2;4;0;0;0;1;1;4;1;0;1;0;10;
PHI
Luc Richard Mbah a Moute;PF;33;6;12;2;3;2;2;5;6;11;3;0;1;0;1;16;
Henry Sims;C;26;7;10;1;1;1;1;5;3;8;5;0;0;2;3;16;
Tony Wroten;SG;34;11;27;3;10;6;8;2;3;5;7;1;0;2;6;31;
Hollis Thompson;SG;32;7;14;3;6;4;8;1;2;3;1;1;0;1;4;21;
JaKarr Sampson;SG;27;2;3;0;0;0;0;1;4;5;3;1;0;1;2;4;
Brandon Davies;;24;3;7;1;3;0;0;1;1;2;3;0;0;1;3;7;
Chris Johnson;;22;3;6;2;4;0;0;0;3;3;1;1;1;1;4;8;
Alexey Shved;;14;2;5;0;1;2;4;0;0;0;2;1;0;1;1;6;
K.J. McDaniels;;28;2;7;0;2;2;2;2;3;5;4;2;0;3;5;6;
