01-26;DEN-LAC;98-102;
31-20;16-30;30-19;21-33;
DEN
Kenneth Faried;PF;30;6;9;0;0;2;3;1;1;2;0;0;0;0;1;14;
Wilson Chandler;SF;35;7;18;3;8;1;2;3;7;10;2;1;0;1;3;18;
Jusuf Nurkic;C;29;3;6;0;0;0;2;0;10;10;1;1;3;2;4;6;
Ty Lawson;PG;35;7;12;0;0;5;6;0;3;3;11;0;0;3;1;19;
Arron Afflalo;SG;37;8;13;2;4;0;0;1;2;3;6;3;1;1;0;18;
Darrell Arthur;;19;3;7;0;0;2;2;1;0;1;0;0;0;0;2;8;
J.J. Hickson;;17;1;3;0;1;0;0;2;3;5;2;0;0;1;1;2;
Alonzo Gee;;0;0;0;0;0;0;0;0;0;0;0;0;0;0;0;0;
Danilo Gallinari;;18;3;7;2;5;0;0;0;2;2;1;0;0;0;3;8;
Jameer Nelson;;13;1;5;0;1;0;0;0;1;1;2;2;0;2;0;2;
Randy Foye;;7;1;3;1;2;0;0;0;1;1;1;0;0;0;0;3;
LAC
Blake Griffin;PF;34;6;17;0;0;2;4;2;7;9;10;1;1;2;1;14;
Matt Barnes;SF;34;7;11;2;4;2;2;1;2;3;2;2;2;1;5;18;
DeAndre Jordan;C;35;3;5;0;0;1;1;4;8;12;0;3;4;1;3;7;
Chris Paul;PG;35;7;11;1;3;0;0;0;5;5;8;1;0;3;1;15;
J.J. Redick;SG;19;2;10;0;2;2;2;0;1;1;0;1;0;0;1;6;
Glen Davis;;10;2;2;0;0;4;4;2;3;5;0;0;0;1;2;8;
Spencer Hawes;;17;2;3;0;0;0;0;0;2;2;1;0;0;1;1;4;
Hedo Turkoglu;;13;1;3;1;3;0;0;0;2;2;1;0;1;1;1;3;
Austin Rivers;;13;2;4;0;0;0;0;0;2;2;0;0;0;1;0;4;
Jamal Crawford;;30;6;14;3;7;8;9;1;3;4;3;2;0;2;2;23;
