11-05;MIN-BKN;98-91;
24-21;23-27;25-18;26-25;
MIN
Thaddeus Young;SF;36;6;14;0;0;0;0;4;8;12;0;3;2;2;1;12;
Andrew Wiggins;SF;37;7;12;1;1;2;4;0;4;4;1;1;0;1;2;17;
Nikola Pekovic;C;32;5;12;0;0;6;7;3;8;11;3;1;0;1;3;16;
Ricky Rubio;PG;34;6;11;1;3;1;2;1;7;8;12;2;0;3;4;14;
Kevin Martin;SG;38;7;19;4;9;6;6;1;5;6;3;1;0;2;3;24;
Anthony Bennett;;12;1;4;0;0;2;3;0;1;1;1;0;0;0;1;4;
Shabazz Muhammad;;6;2;3;0;0;0;0;2;1;3;0;0;0;0;1;4;
Gorgui Dieng;;16;1;4;0;0;0;0;1;4;5;0;0;2;0;1;2;
Mo Williams;;17;2;8;1;4;0;0;0;0;0;2;1;0;2;3;5;
Corey Brewer;;12;0;3;0;0;0;0;1;0;1;0;0;0;0;2;0;
BKN
Kevin Garnett;PF;25;1;7;0;0;0;0;1;10;11;2;0;0;0;3;2;
Joe Johnson;SF;31;9;17;1;4;3;4;1;2;3;2;0;0;3;4;22;
Brook Lopez;C;34;5;14;0;0;0;1;2;3;5;0;2;2;4;4;10;
Deron Williams;PG;39;8;16;3;6;0;1;0;2;2;6;0;1;4;3;19;
Bojan Bogdanovic;SG;23;3;8;1;4;2;2;1;1;2;0;1;0;0;2;9;
Mirza Teletovic;;21;3;8;3;7;0;0;0;6;6;0;0;1;1;0;9;
Andrei Kirilenko;;5;0;1;0;0;0;0;0;1;1;0;0;0;1;0;0;
Jerome Jordan;;1;0;0;0;0;0;0;0;1;1;0;0;0;0;0;0;
Mason Plumlee;;13;1;2;0;0;0;2;1;3;4;1;1;0;0;2;2;
Jarrett Jack;;24;5;8;0;0;4;4;0;5;5;4;1;0;3;3;14;
Alan Anderson;;25;1;1;0;0;2;3;1;1;2;2;1;1;2;1;4;
