02-07;CHA-PHI;81-89;
24-23;24-19;13-28;20-19;
CHA
Cody Zeller;PF;21;1;4;0;0;3;4;0;4;4;0;1;1;2;3;5;
Michael Kidd-Gilchrist;SF;14;2;4;0;0;1;1;1;2;3;1;0;0;0;0;5;
Al Jefferson;C;30;9;17;0;0;0;0;1;8;9;1;0;2;2;3;18;
Brian Roberts;PG;34;2;12;1;7;1;1;0;4;4;0;2;0;1;0;6;
Gerald Henderson;SG;38;5;17;2;3;5;6;0;5;5;9;1;0;0;2;17;
Jason Maxiell;;11;1;3;0;0;3;3;3;2;5;0;0;0;0;5;5;
Marvin Williams;;34;4;7;2;5;3;4;0;6;6;3;3;1;2;3;13;
Jeff Taylor;;7;2;3;1;2;1;1;0;1;1;1;0;0;1;0;6;
Lance Stephenson;;33;3;11;0;5;0;0;0;5;5;7;1;1;2;2;6;
Gary Neal;;18;0;6;0;1;0;0;0;1;1;2;1;0;2;2;0;
PHI
Luc Richard Mbah a Moute;PF;34;4;13;1;3;4;5;0;7;7;1;0;0;3;3;13;
Robert Covington;SF;33;7;15;5;10;3;5;2;6;8;2;1;1;2;4;22;
Nerlens Noel;C;34;5;9;0;0;2;2;0;7;7;1;3;2;1;0;12;
Tim Frazier;PG;37;0;7;0;2;0;0;0;3;3;8;1;0;4;2;0;
JaKarr Sampson;SG;22;1;5;0;1;2;4;0;3;3;1;1;0;0;4;4;
Jerami Grant;;15;1;5;0;1;2;2;2;3;5;1;0;1;1;2;4;
Henry Sims;;14;3;7;0;0;2;2;0;2;2;2;0;0;1;1;8;
K.J. McDaniels;;17;2;4;0;0;4;6;1;7;8;2;0;1;3;3;8;
Hollis Thompson;;34;6;9;3;6;3;4;0;4;4;1;0;0;0;3;18;
