01-13;MIN-IND;110-101;
25-21;21-31;23-23;41-26;
MIN
Thaddeus Young;SF;36;5;13;1;1;0;0;2;4;6;1;4;0;2;4;11;
Chase Budinger;SF;25;1;6;1;3;0;0;0;2;2;0;3;0;2;1;3;
Andrew Wiggins;SF;36;7;16;0;0;6;6;1;2;3;4;0;1;2;3;20;
Gorgui Dieng;C;38;3;7;0;0;4;4;4;6;10;6;3;2;4;3;10;
Mo Williams;PG;44;19;33;6;11;8;9;0;4;4;7;0;0;3;2;52;
Anthony Bennett;;20;1;2;0;0;0;0;0;3;3;2;1;0;0;4;2;
Robbie Hummel;;26;3;6;1;3;0;0;0;6;6;1;0;0;1;3;7;
Zach LaVine;;4;0;0;0;0;0;0;0;0;0;0;0;0;1;2;0;
Troy Daniels;;13;2;4;1;2;0;0;0;0;0;1;0;0;0;1;5;
IND
David West;PF;31;5;8;0;0;2;2;0;6;6;4;1;1;5;3;12;
Solomon Hill;SF;23;1;4;0;0;0;0;0;5;5;2;0;0;3;4;2;
Roy Hibbert;C;21;4;12;0;0;2;2;6;2;8;1;0;1;2;2;10;
C.J. Watson;PG;32;7;9;1;1;2;2;0;2;2;5;1;0;2;5;17;
C.J. Miles;SG;31;8;18;2;10;4;4;0;5;5;0;1;1;0;2;22;
Luis Scola;;22;3;6;0;0;5;10;3;3;6;1;0;0;2;0;11;
Lavoy Allen;;16;1;6;0;0;0;4;1;2;3;1;2;0;0;0;2;
Chris Copeland;;1;0;0;0;0;0;0;0;0;0;0;0;0;0;0;0;
Damjan Rudez;;17;3;6;2;4;0;0;0;0;0;2;1;0;1;0;8;
Ian Mahinmi;;6;0;0;0;0;0;1;0;1;1;0;0;1;0;2;0;
Rodney Stuckey;;25;5;8;0;2;3;3;0;5;5;1;2;1;2;1;13;
Donald Sloan;;16;2;3;0;1;0;2;0;0;0;5;1;0;0;0;4;
