01-17;IND-CHA;71-80;
21-17;19-20;11-13;17-18;3-12;
IND
David West;PF;37;9;17;0;1;1;2;1;7;8;2;2;2;3;5;19;
Solomon Hill;SF;32;0;1;0;0;0;0;0;4;4;2;0;0;1;3;0;
Roy Hibbert;C;32;6;13;0;0;0;2;0;14;14;3;0;6;3;4;12;
Rodney Stuckey;PG;29;3;8;0;1;2;2;1;3;4;4;1;1;3;2;8;
C.J. Watson;PG;29;2;6;1;3;3;4;0;2;2;2;2;0;2;2;8;
Luis Scola;;15;0;5;0;0;0;0;3;2;5;0;0;0;1;1;0;
Chris Copeland;;1;0;2;0;2;0;0;0;1;1;0;0;0;0;0;0;
Damjan Rudez;;25;2;6;0;3;0;0;0;2;2;1;0;1;0;0;4;
Ian Mahinmi;;21;1;5;0;0;0;0;0;9;9;0;0;0;3;3;2;
Donald Sloan;;24;5;8;1;3;2;2;0;2;2;4;0;0;1;2;13;
C.J. Miles;;22;2;13;0;8;1;1;2;3;5;0;0;0;2;1;5;
CHA
Cody Zeller;PF;26;3;8;0;0;0;0;1;3;4;2;1;1;0;2;6;
Michael Kidd-Gilchrist;SF;36;4;13;0;0;1;3;2;14;16;3;1;0;1;1;9;
Bismack Biyombo;C;36;3;7;0;0;2;6;7;7;14;0;0;2;1;4;8;
Brian Roberts;PG;40;2;12;0;0;2;2;0;2;2;4;0;0;1;2;6;
Gerald Henderson;SG;33;6;19;0;2;8;9;0;4;4;4;0;0;0;0;20;
Jason Maxiell;;16;0;3;0;0;0;0;1;4;5;0;1;1;0;1;0;
Marvin Williams;;28;4;11;1;4;0;0;1;6;7;0;3;1;1;1;9;
P.J. Hairston;;16;0;5;0;4;0;0;0;1;1;0;1;0;0;2;0;
Lance Stephenson;;20;5;12;1;2;2;3;2;2;4;2;0;0;3;2;13;
Gary Neal;;14;4;11;0;3;1;2;0;1;1;1;0;0;0;1;9;
