12-19;BKN-CLE;91-95;
33-26;16-28;22-20;20-21;
BKN
Kevin Garnett;PF;30;5;12;0;1;0;0;0;7;7;4;0;0;1;3;10;
Joe Johnson;SF;40;10;18;4;9;2;2;1;3;4;5;2;1;5;2;26;
Mason Plumlee;C;29;5;9;0;0;4;5;3;6;9;2;0;3;0;5;14;
Deron Williams;PG;10;0;2;0;0;1;2;0;0;0;5;0;0;0;1;1;
Sergey Karasev;SG;37;5;10;2;4;0;0;0;4;4;2;2;0;2;3;12;
Brandon Davies;;10;2;5;1;2;1;2;0;1;1;0;0;1;2;1;6;
Mirza Teletovic;;17;0;2;0;2;0;0;0;3;3;1;1;0;0;2;0;
Jerome Jordan;;10;2;3;0;0;0;1;0;1;1;0;0;2;0;2;4;
Jarrett Jack;;33;6;11;1;2;0;0;0;4;4;3;1;1;3;3;13;
Darius Morris;;5;0;2;0;1;0;0;0;0;0;0;0;0;0;2;0;
Bojan Bogdanovic;;2;0;1;0;1;0;0;0;1;1;0;0;0;0;2;0;
Alan Anderson;;17;2;3;1;2;0;0;0;3;3;1;2;0;3;0;5;
CLE
Kevin Love;PF;40;1;10;0;4;4;4;5;9;14;2;1;3;2;2;6;
LeBron James;SF;40;7;18;2;4;6;8;1;3;4;9;2;0;4;4;22;
Anderson Varejao;C;17;1;4;0;0;5;6;1;4;5;1;0;1;1;1;7;
Kyrie Irving;PG;40;6;18;0;3;4;4;0;4;4;4;1;0;3;3;16;
Mike Miller;SG;34;7;8;7;8;0;0;0;2;2;0;0;0;2;2;21;
James Jones;;6;0;3;0;3;0;0;0;1;1;0;0;0;0;0;0;
Tristan Thompson;;27;3;5;0;0;3;4;4;6;10;0;0;0;1;1;9;
Shawn Marion;;17;4;6;0;0;0;0;0;2;2;2;1;0;1;1;8;
Dion Waiters;;7;1;4;0;2;2;3;0;1;1;1;1;0;1;1;4;
Matthew Dellavedova;;13;1;1;0;0;0;0;0;1;1;3;1;0;1;1;2;
