12-09;NY-NO;93-104;
27-28;25-26;21-23;20-27;
NY
Quincy Acy;SF;18;2;3;0;0;0;0;0;1;1;1;1;0;0;1;4;
Carmelo Anthony;SF;39;6;11;2;4;3;3;1;7;8;0;1;0;4;0;17;
Amar'e Stoudemire;C;32;11;18;0;0;4;6;1;4;5;0;0;5;2;6;26;
Jose Calderon;PG;36;3;5;2;2;0;0;1;0;1;6;3;0;1;2;8;
Iman Shumpert;SG;23;1;6;0;2;0;0;0;4;4;4;1;0;2;1;2;
Jason Smith;;22;2;4;0;0;0;0;1;0;1;0;0;1;0;3;4;
Samuel Dalembert;;8;1;3;0;0;0;0;0;3;3;0;0;1;1;2;2;
Cole Aldrich;;4;1;2;0;0;0;0;1;0;1;0;0;1;0;2;2;
Pablo Prigioni;;16;2;3;2;3;0;0;0;2;2;2;1;0;2;1;6;
J.R. Smith;;28;6;18;2;6;3;4;1;3;4;5;0;0;1;1;17;
Tim Hardaway Jr.;;13;2;5;1;2;0;0;0;0;0;1;1;0;0;1;5;
NO
Anthony Davis;PF;33;6;14;0;0;6;9;3;5;8;1;1;3;1;3;18;
Luke Babbitt;SF;19;2;6;2;6;0;0;0;1;1;0;0;1;1;1;6;
Omer Asik;C;30;7;10;0;0;2;4;5;9;14;1;0;2;0;2;16;
Jrue Holiday;PG;33;6;10;0;1;1;1;1;5;6;7;2;0;0;2;13;
Tyreke Evans;SG;34;11;15;1;2;4;4;1;3;4;6;2;0;4;3;27;
Dante Cunningham;;31;2;4;0;0;3;4;1;4;5;1;0;0;2;2;7;
Ryan Anderson;;26;1;9;0;5;2;2;1;2;3;3;0;1;1;0;4;
Alexis Ajinca;;5;1;1;0;0;2;2;0;1;1;0;0;0;0;1;4;
Gal Mekel;;12;0;5;0;0;0;0;0;0;0;1;1;0;0;0;0;
Austin Rivers;;19;4;6;1;1;0;0;0;1;1;2;1;1;2;0;9;
