01-03;ATL-POR;115-107;
29-20;23-29;31-26;32-32;
ATL
Paul Millsap;PF;37;11;17;0;1;5;7;3;3;6;0;1;1;4;3;27;
DeMarre Carroll;SF;33;4;8;0;1;3;6;3;6;9;1;2;1;1;1;11;
Al Horford;C;33;6;12;0;0;1;4;0;5;5;4;0;1;3;5;13;
Jeff Teague;PG;35;8;16;0;2;6;6;1;2;3;6;2;0;1;0;22;
Kyle Korver;SG;36;5;11;4;9;0;0;0;8;8;1;1;1;0;1;14;
Mike Scott;;4;0;3;0;0;0;0;0;0;0;0;0;0;0;0;0;
Pero Antic;;22;4;8;1;3;1;1;1;2;3;0;0;1;1;3;10;
Thabo Sefolosha;;28;3;4;1;1;6;6;2;10;12;3;2;0;2;2;13;
Dennis Schroder;;13;2;5;0;0;1;1;0;0;0;2;1;0;2;0;5;
POR
LaMarcus Aldridge;PF;39;14;25;0;0;2;2;5;7;12;4;1;2;4;1;30;
Nicolas Batum;SF;37;7;14;2;8;0;0;0;4;4;3;2;1;3;1;16;
Joel Freeland;C;18;1;3;0;0;2;2;2;3;5;1;0;3;0;4;4;
Damian Lillard;PG;39;7;18;2;6;0;1;2;6;8;7;0;1;2;5;16;
Wesley Matthews;SG;34;5;14;4;10;5;5;1;0;1;3;1;0;0;2;19;
Thomas Robinson;;10;0;0;0;0;0;0;0;5;5;1;0;0;2;1;0;
Allen Crabbe;;8;0;1;0;0;0;0;1;0;1;0;0;0;0;0;0;
Dorell Wright;;10;3;5;3;4;1;2;0;0;0;0;1;0;1;4;10;
Chris Kaman;;15;1;4;0;0;0;0;0;7;7;3;0;0;3;1;2;
Steve Blake;;23;2;4;1;2;0;0;0;1;1;2;0;0;3;3;5;
C.J. McCollum;;8;2;5;1;3;0;0;0;0;0;0;1;0;0;1;5;
