03-08;LAC-GS;98-106;
28-29;22-28;18-30;30-19;
LAC
Spencer Hawes;PF;19;2;6;0;0;0;0;1;4;5;2;0;1;0;2;4;
Matt Barnes;SF;23;4;7;0;3;1;2;0;0;0;2;0;1;0;2;9;
DeAndre Jordan;C;32;2;2;0;0;2;4;3;11;14;1;1;0;2;3;6;
Chris Paul;PG;31;7;17;0;4;0;0;3;2;5;11;2;0;5;4;14;
J.J. Redick;SG;27;8;12;2;5;0;0;0;1;1;2;2;0;2;0;18;
Glen Davis;;24;4;11;0;0;0;1;2;5;7;0;0;1;1;4;8;
Hedo Turkoglu;;21;4;7;4;7;0;0;0;1;1;0;1;0;1;2;12;
Nate Robinson;;20;1;6;1;2;2;2;0;1;1;3;0;0;0;1;5;
Jordan Hamilton;;9;0;1;0;0;0;0;0;2;2;1;0;0;3;1;0;
Austin Rivers;;31;8;14;1;4;5;5;0;3;3;2;2;0;4;3;22;
C.J. Wilcox;;3;0;0;0;0;0;0;0;0;0;1;0;0;0;0;0;
GS
Harrison Barnes;SF;34;3;12;1;4;3;4;0;8;8;0;3;0;1;1;10;
Draymond Green;SF;28;8;15;3;7;4;4;0;3;3;6;1;1;0;3;23;
Andrew Bogut;C;19;1;2;0;0;0;0;0;4;4;0;1;1;1;2;2;
Stephen Curry;PG;32;3;9;2;2;4;4;0;1;1;4;3;0;4;1;12;
Klay Thompson;SG;30;9;13;3;5;0;0;0;1;1;2;0;1;2;1;21;
David Lee;;19;2;3;0;0;0;4;3;3;6;1;0;0;1;1;4;
Festus Ezeli;;4;0;0;0;0;0;0;0;1;1;0;0;0;0;0;0;
Marreese Speights;;3;0;0;0;0;0;0;0;0;0;0;0;0;0;1;0;
Shaun Livingston;;28;9;14;0;0;3;5;2;6;8;3;3;0;0;2;21;
Justin Holiday;;4;0;0;0;0;0;0;1;0;1;0;0;0;0;0;0;
Leandro Barbosa;;16;4;7;1;1;0;0;0;0;0;2;2;0;4;3;9;
Andre Iguodala;;23;1;5;0;3;2;2;1;3;4;5;0;0;0;0;4;
