01-19;DAL-MEM;103-95;
25-16;28-30;29-29;21-20;
DAL
Dirk Nowitzki;PF;32;7;13;2;4;5;5;0;6;6;0;0;0;0;2;21;
Chandler Parsons;SF;35;5;14;3;8;2;4;0;4;4;3;1;2;3;3;15;
Tyson Chandler;C;40;3;6;0;0;4;5;7;9;16;2;0;1;1;2;10;
Rajon Rondo;PG;26;3;8;0;0;0;0;2;1;3;1;1;0;2;3;6;
Monta Ellis;SG;40;9;18;3;7;4;7;0;2;2;7;1;0;5;2;25;
Greg Smith;;1;0;0;0;0;0;0;0;0;0;0;0;0;0;1;0;
Dwight Powell;;17;0;2;0;0;3;4;0;1;1;0;1;0;0;5;3;
Al-Farouq Aminu;;4;1;2;0;0;1;1;1;0;1;0;0;0;0;0;3;
Richard Jefferson;;16;1;3;1;3;3;4;1;3;4;0;0;0;0;1;6;
J.J. Barea;;7;0;2;0;0;2;2;0;0;0;1;0;0;1;0;2;
Devin Harris;;23;5;8;1;3;1;1;1;4;5;3;2;0;1;3;12;
MEM
Zach Randolph;PF;40;8;13;0;0;2;2;4;11;15;2;1;0;4;1;18;
Tony Allen;SF;17;1;3;0;0;2;2;1;0;1;0;1;0;0;3;4;
Marc Gasol;C;39;6;13;0;0;8;9;1;7;8;4;1;1;1;4;20;
Mike Conley;PG;30;7;16;2;8;6;7;0;1;1;4;0;0;1;3;22;
Courtney Lee;SG;31;5;14;1;6;1;1;1;1;2;1;2;1;2;3;12;
Jeff Green;;32;5;14;0;5;1;1;2;6;8;3;2;1;2;1;11;
Kosta Koufos;;9;1;2;0;0;0;0;0;4;4;0;0;0;0;2;2;
Beno Udrih;;17;2;5;0;0;0;0;0;0;0;1;0;0;1;3;4;
Vince Carter;;9;0;2;0;2;0;0;0;1;1;1;0;1;0;1;0;
Nick Calathes;;13;1;2;0;0;0;0;0;2;2;1;1;0;2;2;2;
Jordan Adams;;2;0;1;0;1;0;0;0;0;0;0;0;0;0;0;0;
