04-10;MIL-NY;99-91;
28-21;24-28;29-16;18-26;
MIL
Ersan Ilyasova;PF;21;2;7;1;3;1;1;0;1;1;0;0;0;1;3;6;
Giannis Antetokounmpo;SF;31;7;14;0;1;9;11;1;8;9;1;0;1;2;3;23;
Zaza Pachulia;C;20;4;5;0;0;1;1;2;3;5;2;1;0;0;1;9;
Michael Carter-Williams;PG;31;8;13;0;1;3;5;0;1;1;7;4;0;2;1;19;
Khris Middleton;SG;35;9;16;3;6;1;1;2;5;7;2;6;0;3;2;22;
Johnny O'Bryant III;;2;0;1;0;0;0;2;0;1;1;0;0;0;0;0;0;
Jared Dudley;;27;2;5;0;2;1;2;0;4;4;1;3;0;1;5;5;
Miles Plumlee;;7;0;1;0;0;0;0;0;1;1;0;0;0;0;1;0;
John Henson;;21;1;1;0;0;1;2;0;2;2;0;1;2;2;4;3;
Tyler Ennis;;6;0;3;0;1;0;0;0;0;0;0;1;0;1;1;0;
Jerryd Bayless;;14;1;3;1;1;0;0;0;1;1;2;0;0;3;0;3;
O.J. Mayo;;24;3;7;1;2;2;4;0;1;1;3;1;0;2;1;9;
NY
Lance Thomas;SF;35;6;6;2;2;2;2;0;1;1;2;0;0;1;3;16;
Quincy Acy;SF;32;2;10;0;1;3;3;0;6;6;2;0;0;1;3;7;
Cole Aldrich;C;13;2;3;0;0;0;1;0;4;4;2;0;1;3;2;4;
Langston Galloway;PG;35;8;16;2;6;2;2;0;3;3;4;2;0;2;5;20;
Tim Hardaway Jr.;SG;25;2;7;1;3;2;3;0;5;5;1;1;0;5;1;7;
Lou Amundson;;25;4;8;0;0;2;5;2;9;11;2;0;2;1;2;10;
Jason Smith;;27;4;10;0;0;3;4;1;6;7;3;1;1;5;5;11;
Shane Larkin;;32;5;6;0;0;4;4;0;3;3;5;2;0;4;4;14;
Ricky Ledo;;16;1;6;0;1;0;0;2;0;2;1;1;1;2;1;2;
