11-08;MEM-MIL;92-93;
23-21;28-23;21-22;20-27;
MEM
Zach Randolph;PF;36;7;14;1;1;7;7;6;8;14;1;0;0;1;5;22;
Tony Allen;SF;24;3;9;0;0;1;1;0;2;2;3;2;0;1;3;7;
Marc Gasol;C;34;4;11;0;0;10;11;1;3;4;1;2;2;3;0;18;
Mike Conley;PG;29;2;8;0;1;3;4;0;0;0;4;2;0;3;2;7;
Courtney Lee;SG;34;3;9;2;5;3;3;2;6;8;2;1;0;1;1;11;
Jon Leuer;;16;3;6;0;0;0;0;3;3;6;0;0;0;1;3;6;
Tayshaun Prince;;27;3;10;0;1;2;2;1;1;2;1;2;0;0;2;8;
Kosta Koufos;;10;1;3;0;0;0;0;1;1;2;1;0;0;1;1;2;
Beno Udrih;;19;1;4;0;2;2;2;0;0;0;1;0;0;2;1;4;
Quincy Pondexter;;11;2;8;0;4;3;4;1;1;2;1;0;0;0;0;7;
MIL
Ersan Ilyasova;PF;25;5;10;0;2;1;2;2;7;9;1;0;0;1;4;11;
Jared Dudley;SF;21;2;7;1;2;0;0;2;0;2;1;0;0;2;0;5;
Jabari Parker;SF;27;6;11;1;2;0;0;2;2;4;1;0;1;0;0;13;
Larry Sanders;C;18;2;7;0;0;0;0;4;4;8;0;4;2;1;5;4;
Brandon Knight;PG;23;6;11;1;2;1;2;0;3;3;6;0;0;6;2;14;
Giannis Antetokounmpo;;30;6;11;0;1;6;7;0;2;2;2;0;1;0;3;18;
Zaza Pachulia;;15;2;4;0;0;0;0;2;1;3;0;0;0;0;4;4;
John Henson;;15;4;7;0;0;0;0;3;2;5;1;0;0;0;1;8;
Jerryd Bayless;;25;1;5;1;3;0;0;1;1;2;4;2;0;1;2;3;
Khris Middleton;;12;2;4;0;1;0;0;0;1;1;1;0;0;1;2;4;
O.J. Mayo;;28;4;11;1;5;0;0;0;4;4;7;1;0;4;1;9;
