01-23;CHA-CLE;90-129;
13-33;27-42;23-28;27-26;
CHA
Cody Zeller;PF;18;2;6;0;0;1;2;3;4;7;2;0;0;1;3;5;
Michael Kidd-Gilchrist;SF;23;5;11;0;0;5;8;2;5;7;2;1;1;2;0;15;
Bismack Biyombo;C;24;4;6;0;0;2;2;3;2;5;0;0;0;0;4;10;
Kemba Walker;PG;25;3;14;1;5;1;1;0;0;0;4;2;0;2;2;8;
Gerald Henderson;SG;22;2;8;0;1;2;2;0;0;0;2;1;0;2;0;6;
Jason Maxiell;;9;0;0;0;0;1;2;2;1;3;1;0;0;0;2;1;
Marvin Williams;;21;1;5;0;2;0;1;0;3;3;0;0;1;0;2;2;
Jeff Taylor;;7;2;3;0;0;2;2;0;0;0;2;2;0;0;0;6;
Al Jefferson;;24;10;16;0;0;2;2;2;9;11;1;0;3;0;2;22;
Brian Roberts;;16;1;4;1;3;0;0;0;1;1;2;0;0;1;2;3;
P.J. Hairston;;7;0;4;0;3;0;0;0;0;0;0;0;0;0;0;0;
Lance Stephenson;;26;5;10;0;2;0;2;0;4;4;9;0;0;1;4;10;
Gary Neal;;18;1;2;0;0;0;0;0;1;1;2;0;0;2;1;2;
CLE
Kevin Love;PF;30;3;7;0;0;3;4;1;2;3;3;1;1;1;1;9;
LeBron James;SF;27;9;15;2;4;5;6;1;5;6;9;4;1;2;1;25;
Timofey Mozgov;C;21;4;5;0;0;6;7;2;8;10;0;0;1;1;1;14;
Kyrie Irving;PG;28;7;12;3;4;1;2;1;3;4;2;1;1;1;2;18;
J.R. Smith;SG;29;7;13;7;11;0;0;0;4;4;4;0;0;1;2;21;
James Jones;;9;2;5;0;3;4;4;0;1;1;0;0;0;1;1;8;
Brendan Haywood;;11;1;4;0;0;1;1;1;4;5;1;0;0;1;4;3;
Tristan Thompson;;22;2;7;0;0;1;2;4;6;10;0;0;1;2;2;5;
Shawn Marion;;16;4;7;0;0;0;0;1;4;5;0;0;0;0;1;8;
Mike Miller;;12;1;4;1;3;0;0;0;3;3;0;0;0;0;1;3;
Iman Shumpert;;10;3;3;2;2;0;0;0;2;2;2;0;0;0;1;8;
Matthew Dellavedova;;20;2;5;0;0;1;2;0;3;3;8;1;0;0;2;5;
Joe Harris;;7;1;2;0;1;0;0;0;0;0;0;0;0;1;0;2;
