01-11;POR-LAL;106-94;
23-20;27-25;22-24;34-25;
POR
LaMarcus Aldridge;PF;36;7;18;1;2;0;0;1;8;9;3;0;0;1;0;15;
Nicolas Batum;SF;33;4;7;1;3;2;4;1;8;9;6;0;0;1;1;11;
Chris Kaman;C;32;4;10;0;0;1;1;3;9;12;3;2;0;0;2;9;
Damian Lillard;PG;37;13;23;4;8;4;5;0;3;3;7;0;0;3;2;34;
Wesley Matthews;SG;35;6;11;3;7;1;2;0;0;0;5;2;0;3;3;16;
Thomas Robinson;;7;0;1;0;0;0;0;1;3;4;0;0;0;0;2;0;
Dorell Wright;;9;0;1;0;1;1;2;0;1;1;1;0;0;0;1;1;
Meyers Leonard;;21;4;5;1;2;1;1;0;4;4;0;1;0;1;4;10;
Steve Blake;;19;3;8;3;7;0;0;0;1;1;2;0;0;1;2;9;
C.J. McCollum;;12;0;2;0;1;1;2;0;0;0;1;0;0;1;1;1;
LAL
Ed Davis;PF;27;1;4;0;0;1;2;1;7;8;4;0;0;1;4;3;
Wesley Johnson;SF;31;7;14;3;5;0;0;0;4;4;3;0;0;1;0;17;
Jordan Hill;C;28;6;11;0;0;2;2;0;5;5;0;0;3;3;2;14;
Ronnie Price;PG;33;2;7;0;4;4;4;1;0;1;12;1;0;3;3;8;
Wayne Ellington;SG;27;3;10;2;4;2;2;0;6;6;2;0;0;0;1;10;
Carlos Boozer;;21;6;8;0;0;1;3;2;7;9;3;1;0;0;4;13;
Ryan Kelly;;17;2;4;1;1;0;0;0;1;1;1;0;0;1;2;5;
Tarik Black;;20;3;3;0;0;0;0;3;3;6;1;0;1;3;3;6;
Nick Young;;18;3;11;1;8;2;2;0;2;2;0;0;0;0;3;9;
Jeremy Lin;;19;3;9;0;0;3;4;0;3;3;3;0;0;1;0;9;
