11-03;UTAH-LAC;101-107;
20-26;23-30;27-17;31-34;
UTAH
Derrick Favors;PF;26;2;4;0;0;2;4;0;3;3;1;0;0;1;3;6;
Gordon Hayward;SF;36;10;19;5;12;2;2;1;6;7;5;1;0;3;1;27;
Enes Kanter;C;27;7;13;0;1;3;3;4;5;9;1;1;0;2;2;17;
Trey Burke;PG;31;1;5;0;2;4;4;0;4;4;4;1;0;4;4;6;
Alec Burks;PG;32;4;13;1;3;7;7;1;3;4;3;0;0;2;1;16;
Trevor Booker;;27;5;9;2;3;0;2;2;3;5;2;1;0;2;4;12;
Steve Novak;;0;0;0;0;0;0;0;0;0;0;0;0;0;0;0;0;
Joe Ingles;;10;0;0;0;0;0;0;0;0;0;2;0;0;0;1;0;
Rudy Gobert;;15;2;3;0;0;0;0;1;3;4;1;0;1;1;0;4;
Rodney Hood;;18;2;5;2;3;0;0;0;6;6;3;0;0;1;2;6;
Dante Exum;;17;3;6;0;3;1;2;0;1;1;2;0;1;1;2;7;
LAC
Blake Griffin;PF;38;14;21;0;0;3;4;1;8;9;4;0;2;1;3;31;
Matt Barnes;SF;30;3;7;1;4;2;2;0;2;2;1;1;1;0;2;9;
DeAndre Jordan;C;38;4;5;0;0;0;0;4;1;5;0;0;1;1;4;8;
Chris Paul;PG;36;5;12;1;2;2;2;0;10;10;12;2;1;2;2;13;
J.J. Redick;SG;15;2;6;2;5;1;2;0;3;3;2;0;0;2;1;7;
Spencer Hawes;;15;0;1;0;0;0;0;0;2;2;1;0;1;0;1;0;
Hedo Turkoglu;;4;0;0;0;0;0;0;0;0;0;1;0;0;0;0;0;
Jordan Farmar;;12;2;3;0;0;4;4;0;0;0;1;1;0;1;1;8;
Reggie Bullock;;18;4;7;4;6;0;0;0;2;2;1;0;0;1;2;12;
Jamal Crawford;;34;7;19;2;6;3;3;0;2;2;5;2;0;2;1;19;
