01-08;CHA-TOR;103-95;
31-23;19-29;25-14;28-29;
CHA
Marvin Williams;PF;38;5;10;3;6;0;0;1;8;9;3;0;0;1;0;13;
Michael Kidd-Gilchrist;SF;30;4;11;0;0;2;3;1;11;12;3;0;0;1;4;10;
Bismack Biyombo;C;27;2;5;0;0;2;5;2;4;6;0;0;2;0;5;6;
Kemba Walker;PG;41;12;25;1;5;4;4;3;4;7;8;3;0;0;1;29;
Gerald Henderson;SG;38;13;20;0;1;5;7;0;5;5;3;0;0;2;1;31;
Noah Vonleh;;10;1;2;0;0;0;0;2;1;3;0;1;0;1;2;2;
Jason Maxiell;;21;3;5;0;0;0;0;0;2;2;1;0;1;1;1;6;
Brian Roberts;;17;2;5;0;2;1;2;0;1;1;2;1;0;0;0;5;
Gary Neal;;18;0;5;0;2;1;1;0;1;1;1;0;0;2;4;1;
TOR
Amir Johnson;PF;21;2;2;0;0;1;2;2;3;5;0;0;0;3;4;5;
Terrence Ross;SF;22;3;10;1;4;0;0;0;4;4;1;1;1;0;4;7;
Jonas Valanciunas;C;22;3;9;0;0;4;4;1;5;6;0;0;0;1;1;10;
Kyle Lowry;PG;36;7;22;4;10;6;7;2;5;7;7;0;1;3;1;24;
Landry Fields;SG;10;0;0;0;0;0;0;0;0;0;0;0;0;0;1;0;
Tyler Hansbrough;;19;4;4;1;1;0;1;0;5;5;0;0;0;1;4;9;
James Johnson;;23;3;5;0;0;1;3;2;2;4;0;0;4;1;1;7;
Patrick Patterson;;29;3;8;1;4;0;0;1;3;4;3;0;1;1;2;7;
Greivis Vasquez;;30;4;8;3;5;0;0;0;3;3;4;1;0;3;3;11;
Louis Williams;;28;4;15;0;7;7;8;0;4;4;5;0;0;1;0;15;
