01-17;ATL-CHI;107-99;
24-16;24-23;28-28;31-32;
ATL
Paul Millsap;PF;35;6;14;0;4;4;6;2;3;5;6;0;1;0;3;16;
DeMarre Carroll;SF;31;1;5;1;4;1;2;0;4;4;1;0;0;1;3;4;
Al Horford;C;35;11;14;0;1;0;0;2;7;9;4;1;0;1;1;22;
Jeff Teague;PG;36;5;16;1;4;6;8;0;1;1;11;3;3;2;1;17;
Kyle Korver;SG;37;7;10;7;9;3;3;0;6;6;2;1;2;0;0;24;
Elton Brand;;13;3;5;0;0;0;0;2;3;5;0;0;0;0;4;6;
Mike Scott;;13;2;7;1;2;1;1;1;2;3;3;1;0;2;2;6;
Thabo Sefolosha;;20;2;6;0;0;0;0;2;3;5;2;4;1;0;2;4;
Shelvin Mack;;7;1;2;0;0;0;0;0;0;0;2;0;0;1;1;2;
Kent Bazemore;;13;2;5;1;2;1;1;0;2;2;0;0;0;2;2;6;
CHI
Taj Gibson;PF;42;3;7;0;0;3;4;1;5;6;1;2;2;2;5;9;
Pau Gasol;PF;39;9;18;0;0;4;5;2;13;15;3;0;1;3;1;22;
Derrick Rose;PG;37;8;22;4;10;3;5;2;6;8;10;0;0;3;0;23;
Jimmy Butler;SG;38;6;11;1;3;2;2;1;4;5;3;1;0;1;1;15;
Kirk Hinrich;SG;30;3;6;2;5;0;0;0;0;0;3;2;0;0;4;8;
Nikola Mirotic;;15;1;4;1;4;2;2;0;4;4;0;0;0;2;6;5;
Aaron Brooks;;21;5;8;1;3;2;2;1;2;3;4;0;2;1;3;13;
E'Twaun Moore;;18;2;4;0;1;0;0;0;2;2;1;0;0;1;1;4;
