12-27;TOR-LAC;110-98;
22-26;27-23;31-29;30-20;
TOR
Amir Johnson;PF;32;4;7;0;0;0;1;3;9;12;1;1;0;2;3;8;
James Johnson;PF;21;3;7;1;3;0;0;1;5;6;2;1;0;1;3;7;
Terrence Ross;SF;37;5;15;1;8;0;0;0;2;2;3;1;1;0;3;11;
Jonas Valanciunas;C;34;8;13;0;0;6;8;5;6;11;1;0;0;0;1;22;
Kyle Lowry;PG;36;9;17;3;7;4;5;1;2;3;7;3;0;3;0;25;
Patrick Patterson;;24;4;5;2;2;0;0;1;3;4;2;0;0;1;3;10;
Tyler Hansbrough;;5;1;1;0;0;0;0;1;0;1;0;0;0;0;1;2;
Greivis Vasquez;;22;5;12;4;8;2;2;0;4;4;6;0;0;2;3;16;
Louis Williams;;29;2;9;2;6;3;3;0;0;0;3;1;0;0;0;9;
LAC
Blake Griffin;PF;38;9;20;0;0;4;5;1;5;6;5;1;2;4;4;22;
Matt Barnes;SF;21;2;4;2;2;0;0;0;2;2;0;1;0;0;2;6;
DeAndre Jordan;C;38;2;4;0;0;0;0;7;13;20;2;0;1;2;3;4;
Chris Paul;PG;34;3;12;1;3;3;4;0;3;3;8;1;0;1;3;10;
J.J. Redick;SG;35;9;16;5;9;0;1;0;1;1;3;0;1;2;1;23;
Glen Davis;;13;3;5;0;0;0;0;1;4;5;1;0;1;0;2;6;
Ekpe Udoh;;2;0;0;0;0;0;0;0;0;0;1;0;0;0;0;0;
Hedo Turkoglu;;4;0;0;0;0;0;0;0;1;1;0;0;0;0;0;0;
Jordan Farmar;;14;0;1;0;1;0;0;0;1;1;1;0;2;2;2;0;
Chris Douglas-Roberts;;2;0;0;0;0;0;0;0;0;0;0;0;0;0;0;0;
Jared Cunningham;;2;2;3;1;1;0;0;0;0;0;0;0;0;0;0;5;
Reggie Bullock;;10;1;2;0;1;0;0;0;3;3;0;1;0;1;0;2;
Jamal Crawford;;28;6;14;3;8;5;5;0;1;1;5;0;0;2;2;20;
