01-02;DAL-BOS;119-101;
31-17;28-29;33-18;27-37;
DAL
Dirk Nowitzki;PF;30;7;19;0;2;3;3;2;5;7;4;0;0;2;2;17;
Chandler Parsons;SF;35;4;9;2;4;3;4;3;4;7;2;0;1;3;4;13;
Tyson Chandler;C;32;2;7;0;0;4;4;4;12;16;1;2;0;1;3;8;
Rajon Rondo;PG;35;12;19;5;7;0;0;1;5;6;5;1;0;2;3;29;
Monta Ellis;SG;34;8;17;2;3;4;4;0;5;5;4;2;0;0;2;22;
Greg Smith;;14;3;4;0;0;0;0;2;1;3;1;1;0;1;2;6;
Dwight Powell;;1;0;0;0;0;0;0;1;0;1;1;0;0;0;0;0;
Charlie Villanueva;;8;0;3;0;1;0;0;3;0;3;0;0;0;2;0;0;
Al-Farouq Aminu;;1;1;1;0;0;0;0;0;0;0;0;0;0;0;0;2;
Richard Jefferson;;21;3;6;2;4;0;0;0;2;2;2;1;0;0;3;8;
J.J. Barea;;8;1;2;0;0;0;0;0;0;0;1;0;0;0;1;2;
Raymond Felton;;1;1;1;0;0;0;0;0;1;1;0;0;0;0;0;2;
Devin Harris;;17;3;8;2;6;2;2;0;1;1;3;1;0;0;1;10;
BOS
Jared Sullinger;PF;34;4;10;2;6;2;2;2;4;6;2;0;0;1;3;12;
Jeff Green;SF;32;7;15;2;6;2;2;0;6;6;2;1;0;1;3;18;
Tyler Zeller;C;25;7;9;0;0;3;4;2;8;10;2;1;0;1;2;17;
Avery Bradley;PG;32;9;20;3;6;1;1;1;2;3;2;0;1;1;1;22;
Evan Turner;SG;21;3;7;2;2;1;2;0;1;1;3;0;0;2;4;9;
Brandan Wright;;10;0;0;0;0;0;0;1;1;2;1;0;1;0;0;0;
Brandon Bass;;11;1;2;0;1;0;0;0;1;1;0;0;0;1;0;2;
Jae Crowder;;15;2;6;0;2;0;0;1;0;1;1;2;0;1;1;4;
Kelly Olynyk;;16;1;4;0;1;0;2;2;2;4;1;0;0;3;2;2;
Phil Pressey;;1;0;0;0;0;0;0;0;0;0;1;0;0;0;0;0;
Marcus Smart;;28;2;7;2;6;2;2;0;0;0;7;2;0;0;4;8;
Jameer Nelson;;14;2;9;1;4;2;4;0;4;4;0;0;0;1;1;7;
