04-10;SAC-OKC;103-116;
24-34;25-23;27-25;27-34;
SAC
Carl Landry;PF;15;2;5;0;0;2;2;1;5;6;0;0;1;3;2;6;
Jason Thompson;PF;36;2;7;0;0;1;2;3;11;14;3;1;3;2;5;5;
Omri Casspi;SF;28;4;9;2;4;5;8;2;4;6;0;1;0;0;1;15;
Ray McCallum;PG;38;8;11;1;2;0;0;1;5;6;4;1;0;1;3;17;
Ben McLemore;SG;35;8;17;4;10;0;0;1;3;4;1;0;1;5;2;20;
Derrick Williams;;26;5;15;0;4;7;9;3;3;6;1;0;0;2;2;17;
Sim Bhullar;;1;0;0;0;0;0;0;0;0;0;1;0;1;0;0;0;
Reggie Evans;;6;0;3;0;0;0;0;1;0;1;0;1;0;0;0;0;
Ryan Hollins;;14;3;5;0;0;0;0;0;2;2;0;0;0;0;5;6;
Andre Miller;;24;2;4;0;1;4;6;2;2;4;8;0;0;3;1;8;
Nik Stauskas;;16;3;5;2;3;1;1;0;1;1;1;0;0;0;2;9;
OKC
Enes Kanter;C;32;9;14;1;1;6;8;3;3;6;0;1;0;0;2;25;
Steven Adams;C;31;2;6;0;0;2;4;5;6;11;0;0;4;0;1;6;
Russell Westbrook;PG;38;11;19;1;4;4;4;1;4;5;10;0;0;4;3;27;
Dion Waiters;SG;40;9;19;2;5;2;4;2;4;6;4;3;0;1;4;22;
Andre Roberson;SG;16;1;5;0;4;0;0;2;2;4;1;1;0;0;4;2;
Mitch McGary;;1;1;2;0;0;0;0;1;0;1;0;0;0;0;1;2;
Nick Collison;;20;2;5;0;0;1;1;1;6;7;0;1;0;0;2;5;
Kyle Singler;;6;0;2;0;1;0;0;0;1;1;0;0;0;0;1;0;
Perry Jones;;1;0;1;0;0;0;0;0;0;0;0;0;0;0;0;0;
Steve Novak;;0;0;0;0;0;0;0;0;0;0;0;0;0;0;0;0;
D.J. Augustin;;25;2;7;1;6;3;3;0;0;0;5;0;0;1;3;8;
Jeremy Lamb;;1;0;0;0;0;0;0;0;0;0;0;0;0;0;0;0;
Anthony Morrow;;26;7;17;5;10;0;0;1;5;6;1;2;0;0;1;19;
