04-08;SAC-UTAH;91-103;
22-21;27-22;24-32;18-28;
SAC
Carl Landry;PF;35;6;11;0;0;4;6;0;2;2;1;0;0;1;3;16;
Jason Thompson;PF;32;5;13;0;0;2;2;5;6;11;3;0;1;0;4;12;
Omri Casspi;SF;31;5;9;3;3;3;4;1;3;4;5;0;0;5;1;16;
Ray McCallum;PG;33;1;7;1;2;0;0;0;2;2;2;2;0;1;1;3;
Ben McLemore;SG;38;5;12;0;3;6;8;0;0;0;1;1;0;0;4;16;
Derrick Williams;;29;5;11;3;7;1;4;1;4;5;1;3;0;0;0;14;
Sim Bhullar;;1;1;2;0;0;0;0;0;1;1;0;0;0;0;0;2;
Reggie Evans;;15;3;4;0;0;2;4;0;5;5;2;0;0;0;2;8;
Ryan Hollins;;1;0;0;0;0;0;0;0;0;0;0;0;0;0;0;0;
Andre Miller;;25;2;6;0;1;0;0;0;1;1;4;3;0;2;2;4;
UTAH
Derrick Favors;PF;22;9;13;0;0;0;0;5;6;11;1;1;3;1;3;18;
Gordon Hayward;SF;20;1;3;0;0;2;2;1;1;2;1;0;0;0;0;4;
Rudy Gobert;C;30;4;7;0;0;4;8;4;6;10;3;1;2;1;2;12;
Rodney Hood;SG;33;7;14;3;7;3;3;0;8;8;4;0;1;3;3;20;
Dante Exum;SG;33;4;10;4;9;0;0;0;1;1;3;0;1;4;2;12;
Trevor Booker;;28;2;6;0;2;2;4;3;6;9;4;0;1;0;4;6;
Joe Ingles;;22;4;7;2;4;0;0;0;3;3;6;2;0;1;0;10;
Jeremy Evans;;9;0;0;0;0;4;4;0;0;0;0;0;0;1;3;4;
Chris Johnson;;17;1;4;1;4;3;3;0;0;0;1;1;0;0;2;6;
Jack Cooley;;5;0;1;0;0;0;0;0;1;1;0;0;0;0;2;0;
Trey Burke;;21;4;9;3;5;0;1;0;2;2;0;0;0;5;1;11;
