04-10;BOS-CLE;99-90;
28-17;26-23;25-37;20-13;
BOS
Brandon Bass;PF;29;6;8;0;0;0;0;3;2;5;1;3;0;4;3;12;
Tyler Zeller;C;18;5;9;0;0;3;4;1;5;6;3;1;0;0;3;13;
Avery Bradley;PG;31;7;12;1;2;0;0;0;2;2;4;2;0;1;1;15;
Marcus Smart;PG;34;7;10;3;5;2;5;1;2;3;1;1;0;0;3;19;
Evan Turner;SG;34;2;8;0;0;0;0;0;6;6;13;1;0;1;3;4;
Jonas Jerebko;;15;2;5;1;2;0;0;4;2;6;0;2;0;0;1;5;
Jared Sullinger;;19;2;7;1;3;0;0;1;7;8;2;1;2;4;4;5;
Jae Crowder;;26;2;9;0;2;3;4;0;2;2;0;0;0;0;3;7;
Kelly Olynyk;;10;1;4;0;2;0;0;1;1;2;1;0;0;2;2;2;
Isaiah Thomas;;23;4;12;2;6;7;8;0;3;3;5;0;0;2;1;17;
CLE
Kevin Love;PF;31;6;12;4;8;3;3;2;4;6;4;0;0;2;1;19;
LeBron James;SF;26;5;14;0;5;4;9;0;3;3;7;1;0;3;1;14;
Timofey Mozgov;C;17;6;10;0;0;1;2;1;1;2;0;0;1;3;2;13;
J.R. Smith;SG;18;0;4;0;4;0;0;0;2;2;0;0;0;3;3;0;
Matthew Dellavedova;SG;41;4;8;1;3;0;0;1;2;3;8;1;0;3;3;9;
James Jones;;18;1;7;0;6;7;9;0;0;0;0;2;0;0;3;9;
Tristan Thompson;;16;1;2;0;0;0;0;4;8;12;1;0;0;1;1;2;
Kendrick Perkins;;15;2;4;0;0;0;0;1;2;3;0;0;0;2;1;4;
Joe Harris;;13;2;3;1;2;0;0;1;1;2;1;0;0;3;4;5;
Shawn Marion;;21;2;6;0;0;0;0;2;3;5;1;0;1;0;1;4;
Mike Miller;;23;3;7;3;6;2;2;0;4;4;3;0;0;0;1;11;
