01-09;BOS-IND;103-107;
17-25;20-21;23-19;34-29;9-13;
BOS
Jared Sullinger;PF;31;5;13;1;5;0;0;3;2;5;4;1;2;1;2;11;
Jae Crowder;SF;27;5;9;1;4;0;0;1;6;7;2;2;1;0;2;11;
Tyler Zeller;C;16;2;4;0;0;3;3;1;4;5;2;0;1;1;3;7;
Avery Bradley;PG;40;10;21;3;6;0;0;0;2;2;3;2;0;3;5;23;
Evan Turner;SG;38;3;15;0;3;3;6;2;13;15;7;2;0;2;3;9;
Brandon Bass;;26;7;14;1;2;2;3;2;2;4;2;1;2;1;4;17;
Kelly Olynyk;;33;5;10;1;4;2;2;2;4;6;1;1;0;1;4;13;
Phil Pressey;;0;0;0;0;0;0;0;0;0;0;0;0;0;0;0;0;
Marcus Smart;;31;3;9;3;7;1;2;0;3;3;4;1;1;1;1;10;
James Young;;7;0;1;0;1;0;0;0;1;1;0;0;0;0;0;0;
Marcus Thornton;;15;1;7;0;2;0;0;2;0;2;0;0;0;0;3;2;
IND
David West;PF;30;3;11;0;2;5;6;4;2;6;3;1;1;4;2;11;
Solomon Hill;SF;25;2;7;0;2;0;0;0;5;5;1;1;2;0;1;4;
Roy Hibbert;C;36;7;19;0;0;5;6;3;8;11;4;0;5;2;4;19;
Rodney Stuckey;PG;29;3;7;0;1;0;0;0;4;4;4;1;0;2;2;6;
C.J. Watson;PG;32;4;8;2;3;5;6;4;4;8;0;1;0;3;2;15;
Lavoy Allen;;17;1;3;0;0;4;4;0;4;4;1;0;0;1;2;6;
Luis Scola;;24;5;12;0;0;4;4;2;3;5;1;0;1;0;2;14;
Chris Copeland;;15;1;5;1;4;2;2;1;5;6;3;1;0;2;2;5;
Donald Sloan;;21;4;9;2;3;0;0;1;2;3;4;0;0;1;0;10;
C.J. Miles;;37;4;11;4;8;5;6;1;3;4;0;0;0;1;1;17;
