01-17;WSH-BKN;99-90;
23-26;27-25;27-19;22-20;
WSH
Nene Hilario;PF;28;8;12;0;0;4;8;3;3;6;2;2;2;2;3;20;
Paul Pierce;SF;26;2;9;2;6;1;2;0;4;4;1;0;0;4;1;7;
Marcin Gortat;C;32;5;6;0;0;0;2;4;12;16;2;0;1;1;2;10;
John Wall;PG;36;5;15;0;2;1;2;1;5;6;6;3;0;3;1;11;
Bradley Beal;SG;39;5;12;2;6;5;6;2;7;9;8;1;0;1;0;17;
Kris Humphries;;19;6;7;0;0;1;1;2;2;4;0;0;0;0;2;13;
Otto Porter Jr.;;9;0;1;0;0;0;0;1;0;1;1;0;0;0;0;0;
Rasual Butler;;23;4;8;1;2;0;2;0;1;1;0;0;1;0;1;9;
Kevin Seraphin;;16;5;7;0;0;2;4;0;1;1;0;0;1;1;4;12;
DeJuan Blair;;0;0;0;0;0;0;0;0;0;0;0;0;0;0;0;0;
Andre Miller;;12;0;0;0;0;0;0;0;1;1;3;0;0;1;1;0;
Garrett Temple;;0;0;0;0;0;0;0;0;0;0;0;1;0;0;0;0;
BKN
Kevin Garnett;PF;27;4;8;0;1;0;0;0;10;10;2;0;0;1;2;8;
Joe Johnson;SF;40;6;17;1;4;2;2;1;2;3;5;3;0;2;2;15;
Mason Plumlee;C;24;4;7;0;0;3;4;0;3;3;0;2;0;1;5;11;
Jarrett Jack;PG;41;10;18;0;2;2;2;0;4;4;8;1;0;5;3;22;
Bojan Bogdanovic;SG;26;3;6;1;2;1;1;1;4;5;0;0;0;0;1;8;
Cory Jefferson;;0;0;1;0;0;0;0;1;0;1;0;0;0;0;0;0;
Mirza Teletovic;;18;2;7;1;4;0;0;4;2;6;0;0;0;0;1;5;
Brook Lopez;;27;5;13;0;1;5;6;4;1;5;1;0;0;0;2;15;
Darius Morris;;7;0;1;0;1;0;0;0;0;0;1;0;0;1;1;0;
Markel Brown;;0;0;0;0;0;0;0;0;0;0;0;0;0;0;1;0;
Alan Anderson;;30;2;4;1;2;1;3;0;3;3;0;0;0;0;2;6;
