01-14;LAC-POR;100-94;
27-21;23-28;22-23;28-22;
LAC
Blake Griffin;PF;39;7;20;0;0;4;4;1;2;3;4;3;0;3;2;18;
Matt Barnes;SF;37;3;5;2;4;2;2;0;7;7;2;2;0;0;4;10;
DeAndre Jordan;C;35;8;8;0;0;1;2;4;14;18;0;0;1;0;4;17;
Chris Paul;PG;41;6;17;1;3;10;10;0;6;6;10;2;0;3;4;23;
J.J. Redick;SG;37;3;12;1;3;0;0;0;2;2;3;1;0;1;2;7;
Glen Davis;;5;0;0;0;0;0;0;0;1;1;0;0;0;0;3;0;
Spencer Hawes;;17;0;4;0;2;0;0;2;2;4;0;0;1;0;1;0;
Jamal Crawford;;31;10;22;4;11;1;1;0;3;3;1;1;0;0;2;25;
POR
LaMarcus Aldridge;PF;38;14;28;0;2;9;9;4;8;12;0;1;1;1;1;37;
Nicolas Batum;SF;35;0;5;0;3;4;4;0;5;5;6;1;0;3;0;4;
Chris Kaman;C;27;7;11;0;0;1;1;3;8;11;1;1;0;3;4;15;
Damian Lillard;PG;37;5;16;4;9;1;2;0;3;3;4;1;0;3;3;15;
Wesley Matthews;SG;35;3;13;2;8;0;0;2;3;5;0;1;0;0;5;8;
Meyers Leonard;;31;4;7;0;0;3;4;2;8;10;3;0;0;0;4;11;
Steve Blake;;20;1;2;0;1;0;0;0;2;2;5;0;0;2;0;2;
C.J. McCollum;;18;1;5;0;3;0;0;0;0;0;3;0;0;0;1;2;
