01-22;SA-CHI;81-104;
22-21;18-25;20-31;21-27;
SA
Tim Duncan;PF;23;2;7;0;0;2;2;3;4;7;2;0;0;2;2;6;
Kawhi Leonard;SF;27;5;11;1;2;5;6;0;4;4;0;0;0;2;2;16;
Tiago Splitter;C;21;2;5;0;0;0;0;1;6;7;1;1;0;2;2;4;
Tony Parker;PG;21;4;9;1;2;0;0;0;1;1;3;1;0;0;1;9;
Danny Green;SG;25;3;6;2;3;0;0;1;2;3;1;0;2;1;0;8;
JaMychal Green;;15;4;7;0;2;0;0;3;0;3;0;0;2;0;4;8;
Jeff Ayres;;9;0;1;0;0;0;0;0;3;3;0;0;0;0;2;0;
Aron Baynes;;9;0;1;0;0;0;0;0;2;2;0;1;1;1;5;0;
Matt Bonner;;13;1;1;0;0;1;1;0;0;0;1;0;0;0;0;3;
Boris Diaw;;23;1;9;0;3;0;0;1;4;5;2;0;0;2;3;2;
Patty Mills;;22;3;11;2;6;4;4;0;2;2;4;0;0;2;0;12;
Cory Joseph;;14;4;7;0;0;3;5;0;2;2;2;0;0;0;1;11;
Manu Ginobili;;18;1;6;0;3;0;0;0;0;0;1;1;0;0;2;2;
CHI
Taj Gibson;PF;37;5;13;0;0;5;8;4;5;9;1;1;4;1;2;15;
Pau Gasol;PF;31;5;6;0;0;2;2;1;16;17;2;0;2;1;2;12;
Tony Snell;SF;34;4;11;0;6;4;5;1;2;3;2;0;0;2;0;12;
Derrick Rose;PG;27;9;16;2;4;2;2;1;1;2;5;2;0;2;1;22;
Jimmy Butler;SG;28;4;9;2;2;7;7;0;4;4;2;1;1;1;4;17;
Cameron Bairstow;;2;1;2;0;0;1;1;1;1;2;0;0;0;0;1;3;
Nikola Mirotic;;15;3;6;0;2;0;0;0;0;0;2;1;1;0;1;6;
Doug McDermott;;2;0;0;0;0;0;0;0;0;0;0;0;0;0;0;0;
Nazr Mohammed;;10;0;0;0;0;0;0;0;3;3;0;0;0;0;0;0;
Aaron Brooks;;25;4;7;2;3;5;7;0;4;4;3;1;0;3;1;15;
Kirk Hinrich;;26;1;5;0;2;0;0;0;2;2;1;1;0;0;4;2;
E'Twaun Moore;;3;0;1;0;0;0;0;0;0;0;1;0;0;0;0;0;
