12-20;PHX-NY;99-90;
24-21;20-26;23-21;32-22;
PHX
Markieff Morris;PF;33;8;16;1;3;2;2;2;3;5;0;1;0;0;1;19;
P.J. Tucker;SF;34;1;2;1;1;0;0;2;5;7;3;2;0;1;5;3;
Alex Len;C;21;1;6;0;0;2;2;5;3;8;0;1;3;0;2;4;
Eric Bledsoe;PG;36;8;15;1;3;8;9;1;9;10;3;3;0;3;0;25;
Goran Dragic;SG;31;4;11;0;2;2;3;0;1;1;2;1;0;0;1;10;
Marcus Morris;;16;3;7;3;5;0;0;0;1;1;0;0;0;1;1;9;
Miles Plumlee;;17;0;0;0;0;0;0;1;4;5;1;0;0;3;1;0;
Isaiah Thomas;;32;7;12;3;5;5;7;1;2;3;3;1;0;0;0;22;
Gerald Green;;19;3;9;1;6;0;0;0;3;3;3;1;0;6;1;7;
NY
Carmelo Anthony;SF;40;9;19;1;4;6;6;3;8;11;3;3;1;3;2;25;
Quincy Acy;SF;17;0;0;0;0;0;0;3;1;4;1;0;0;3;3;0;
Cole Aldrich;C;17;2;5;0;0;0;0;0;1;1;2;0;1;0;2;4;
Jose Calderon;PG;35;8;13;5;6;0;0;0;5;5;3;1;0;3;3;21;
Tim Hardaway Jr.;SG;34;5;14;1;5;5;5;1;3;4;1;1;1;2;3;16;
Jason Smith;;17;5;14;0;1;1;3;2;1;3;0;1;0;1;0;11;
Travis Wear;;10;1;4;0;0;0;0;0;1;1;0;0;0;0;1;2;
Samuel Dalembert;;27;2;7;0;0;1;2;7;5;12;0;2;1;2;4;5;
Shane Larkin;;13;2;5;0;1;0;0;0;1;1;0;0;0;0;1;4;
Pablo Prigioni;;30;1;7;0;5;0;0;1;2;3;7;3;0;0;2;2;
