03-15;MIN-SA;97-123;
23-29;27-31;13-33;34-30;
MIN
Andrew Wiggins;SF;37;4;10;0;0;5;6;3;2;5;1;0;1;2;2;13;
Justin Hamilton;C;37;4;9;1;2;0;0;4;6;10;6;1;0;2;4;9;
Gorgui Dieng;C;32;5;13;0;0;0;2;2;4;6;0;1;1;2;3;10;
Zach LaVine;PG;42;7;13;3;4;1;2;1;5;6;6;0;0;5;1;18;
Kevin Martin;SG;32;7;18;2;3;3;3;0;5;5;2;1;0;2;3;19;
Adreian Payne;;23;5;10;0;0;2;2;1;5;6;2;2;0;1;3;12;
Chase Budinger;;22;3;7;1;4;3;3;0;2;2;1;1;0;0;3;10;
Lorenzo Brown;;16;3;6;0;2;0;0;0;0;0;7;2;0;1;1;6;
SA
Tim Duncan;PF;22;4;6;0;0;2;2;0;6;6;6;1;3;1;1;10;
Kawhi Leonard;SF;25;6;13;2;2;1;1;1;5;6;1;5;1;0;1;15;
Tiago Splitter;C;20;5;6;0;0;2;2;0;5;5;2;1;1;2;1;12;
Tony Parker;PG;25;5;10;0;2;1;1;0;0;0;8;1;0;0;0;11;
Danny Green;SG;15;5;8;3;5;0;0;0;0;0;2;1;0;0;2;13;
Jeff Ayres;;15;3;5;0;0;0;0;1;3;4;0;0;0;2;5;6;
Marco Belinelli;;21;5;10;3;6;0;0;0;0;0;0;0;0;2;1;13;
Aron Baynes;;11;1;2;0;0;0;0;2;4;6;2;0;0;0;3;2;
Matt Bonner;;9;1;1;1;1;1;2;0;2;2;2;1;0;0;0;4;
Boris Diaw;;25;3;7;1;3;2;2;2;6;8;4;0;0;1;3;9;
Patty Mills;;17;3;6;1;2;0;0;0;0;0;2;1;0;1;0;7;
Cory Joseph;;16;4;5;1;1;1;1;0;2;2;7;2;0;1;0;10;
Manu Ginobili;;19;4;5;0;0;3;4;0;3;3;2;0;1;4;0;11;
