02-23;BOS-PHX;115-110;
26-21;41-29;22-29;26-31;
BOS
Brandon Bass;PF;30;7;11;0;0;4;6;2;4;6;3;2;0;1;3;18;
Tyler Zeller;C;36;5;13;0;0;2;3;2;4;6;0;0;1;1;1;12;
Avery Bradley;PG;29;8;14;3;4;4;4;1;3;4;3;6;0;2;3;23;
Marcus Smart;PG;24;2;7;1;4;3;4;0;2;2;3;1;0;1;1;8;
Evan Turner;SG;32;4;8;1;2;1;2;2;6;8;4;1;0;3;2;10;
Gerald Wallace;;15;1;4;1;1;0;0;1;2;3;1;0;0;2;1;3;
Jae Crowder;;29;4;13;4;9;0;0;0;7;7;4;2;0;0;0;12;
Isaiah Thomas;;27;6;16;3;8;6;7;0;1;1;7;1;0;5;1;21;
James Young;;19;2;3;1;1;3;4;1;4;5;1;0;0;0;2;8;
PHX
Markieff Morris;PF;30;3;9;1;3;0;0;0;3;3;6;3;0;0;2;7;
P.J. Tucker;SF;35;4;10;0;3;5;5;3;9;12;0;2;0;4;4;13;
Alex Len;C;32;5;7;0;0;0;0;1;11;12;0;0;6;0;2;10;
Eric Bledsoe;PG;39;8;18;2;5;3;4;2;5;7;10;2;1;6;3;21;
Brandon Knight;PG;34;8;19;4;11;0;0;1;0;1;4;0;0;4;6;20;
Marcus Morris;;18;2;8;1;5;0;0;0;3;3;2;2;0;1;1;5;
Brandan Wright;;17;4;5;0;0;3;3;2;3;5;1;0;0;0;1;11;
Earl Barron;;4;1;1;0;0;0;0;1;0;1;1;0;0;0;1;2;
T.J. Warren;;9;4;5;0;0;0;0;1;1;2;0;0;0;0;1;8;
Archie Goodwin;;14;4;10;1;2;1;2;4;0;4;1;0;0;1;3;10;
Marcus Thornton;;8;1;5;0;3;1;2;0;0;0;0;0;0;1;0;3;
