10-29;CHI-NY;104-80;
24-20;29-23;31-17;20-20;
CHI
Pau Gasol;PF;29;7;11;0;0;7;8;4;7;11;0;0;0;1;1;21;
Mike Dunleavy;SF;31;0;5;0;4;0;0;0;3;3;4;1;0;1;1;0;
Joakim Noah;C;20;1;4;0;0;1;2;2;4;6;2;0;3;2;2;3;
Derrick Rose;PG;21;3;7;0;3;7;8;0;3;3;5;2;0;3;2;13;
Kirk Hinrich;SG;24;4;10;3;7;1;1;0;1;1;0;1;0;2;3;12;
Taj Gibson;;28;10;12;0;0;2;4;3;5;8;1;1;1;0;1;22;
Nikola Mirotic;;15;1;2;1;2;2;2;0;7;7;1;1;0;2;2;5;
Cameron Bairstow;;4;0;1;0;0;0;0;0;0;0;0;0;0;1;0;0;
Tony Snell;;17;1;4;0;1;1;1;0;1;1;0;1;0;1;1;3;
Doug McDermott;;24;5;9;2;5;0;0;1;4;5;2;1;0;1;2;12;
Aaron Brooks;;24;4;5;1;1;4;4;0;2;2;6;1;0;1;3;13;
E'Twaun Moore;;3;0;1;0;1;0;0;0;0;0;0;0;0;0;0;0;
NY
Carmelo Anthony;SF;29;5;13;1;3;3;4;2;2;4;3;1;0;3;1;14;
Samuel Dalembert;C;20;2;5;0;0;2;2;2;2;4;2;0;3;1;2;6;
Amar'e Stoudemire;C;24;5;9;0;0;2;2;3;5;8;0;1;1;1;3;12;
Shane Larkin;PG;26;2;6;0;2;2;2;0;2;2;3;1;0;0;2;6;
Iman Shumpert;SG;20;2;9;1;2;0;0;1;2;3;1;3;0;0;2;5;
Jason Smith;;14;4;9;0;0;0;0;0;1;1;0;0;0;0;3;8;
Cleanthony Early;;7;1;1;0;0;0;0;0;0;0;0;0;0;1;0;2;
Quincy Acy;;21;3;6;0;0;0;0;2;4;6;1;0;1;2;4;6;
Travis Wear;;6;1;3;0;0;0;0;0;0;0;0;0;0;2;0;2;
Cole Aldrich;;17;1;2;0;0;0;0;4;3;7;2;0;0;1;2;2;
Pablo Prigioni;;17;1;4;0;3;2;3;0;2;2;3;3;0;0;1;4;
Tim Hardaway Jr.;;18;2;10;1;6;2;2;0;0;0;1;0;0;0;2;7;
J.R. Smith;;22;2;8;0;1;2;2;0;1;1;3;0;0;0;0;6;
