10-30;WSH-ORL;105-98;
28-23;26-28;28-15;23-32;
WSH
Nene Hilario;PF;34;5;10;0;0;2;4;0;4;4;5;3;0;0;3;12;
Paul Pierce;SF;30;6;13;2;2;2;2;1;3;4;1;2;0;1;4;16;
Marcin Gortat;C;37;10;13;0;0;0;2;2;10;12;1;0;0;2;1;20;
John Wall;PG;37;10;21;2;5;8;9;0;5;5;12;2;0;2;2;30;
Garrett Temple;SG;34;4;8;2;3;2;2;0;1;1;1;0;0;0;3;12;
Kris Humphries;;3;0;1;0;0;0;0;0;0;0;0;0;0;0;0;0;
Drew Gooden;;20;2;7;0;1;0;0;1;4;5;0;0;0;2;1;4;
Otto Porter Jr.;;18;1;3;0;0;2;2;1;0;1;1;3;0;1;5;4;
Kevin Seraphin;;2;0;1;0;0;0;0;0;1;1;0;0;0;1;2;0;
Andre Miller;;11;0;1;0;0;2;2;0;3;3;1;0;0;1;0;2;
Glen Rice Jr.;;14;1;2;1;2;2;3;1;0;1;0;0;0;2;4;5;
ORL
Channing Frye;PF;24;1;3;0;2;0;0;0;2;2;0;0;0;2;2;2;
Tobias Harris;SF;35;4;12;1;2;5;7;0;4;4;0;1;0;3;3;14;
Nikola Vucevic;C;38;11;21;0;0;1;1;1;11;12;3;1;0;2;3;23;
Elfrid Payton;PG;23;0;2;0;0;2;4;1;2;3;7;0;0;6;4;2;
Evan Fournier;SG;34;8;10;3;4;2;2;1;3;4;0;1;0;3;5;21;
Aaron Gordon;;18;2;4;0;1;0;1;0;4;4;1;0;0;1;1;4;
Andrew Nicholson;;5;0;1;0;0;0;0;0;1;1;1;0;0;0;1;0;
Devyn Marble;;0;0;0;0;0;0;0;0;0;0;0;0;0;0;0;0;
Dewayne Dedmon;;9;0;0;0;0;0;0;0;2;2;0;0;1;0;1;0;
Luke Ridnour;;25;4;7;0;1;0;0;0;1;1;4;1;0;0;0;8;
Willie Green;;4;0;0;0;0;2;2;0;0;0;0;0;0;0;1;2;
Ben Gordon;;26;7;12;2;5;6;7;0;0;0;4;0;0;1;2;22;
