02-09;UTAH-NO;100-96;
27-25;15-27;29-15;29-29;
UTAH
Derrick Favors;PF;34;8;16;0;0;2;4;5;2;7;2;1;2;2;2;18;
Gordon Hayward;SF;39;10;22;3;5;9;11;1;6;7;8;2;1;4;1;32;
Enes Kanter;C;28;6;12;0;0;2;2;5;6;11;0;1;0;1;3;14;
Elijah Millsap;SG;37;1;8;0;1;0;2;4;3;7;2;4;2;0;4;2;
Dante Exum;SG;33;3;11;2;7;0;0;1;0;1;5;0;1;1;2;8;
Trevor Booker;;11;3;3;0;0;0;0;3;2;5;1;1;0;1;0;6;
Steve Novak;;12;4;5;4;5;0;0;0;1;1;2;0;0;0;0;12;
Rudy Gobert;;22;4;6;0;0;0;0;2;2;4;1;2;2;1;3;8;
Trey Burke;;22;0;10;0;3;0;0;0;4;4;2;0;0;0;2;0;
Ian Clark;;1;0;0;0;0;0;0;0;0;0;0;0;1;0;0;0;
NO
Dante Cunningham;PF;23;1;7;0;0;0;0;1;2;3;2;1;5;0;2;2;
Omer Asik;C;31;2;6;0;0;2;3;3;5;8;1;0;5;1;1;6;
Alexis Ajinca;C;27;4;7;0;0;0;0;3;1;4;1;0;2;2;3;8;
Eric Gordon;SG;39;9;14;7;8;6;6;1;2;3;3;2;0;6;2;31;
Tyreke Evans;SG;38;7;17;2;4;2;2;0;7;7;10;1;1;5;4;18;
Luke Babbitt;;26;6;14;2;5;1;1;4;2;6;0;0;1;0;3;15;
Jeff Withey;;14;1;4;0;0;3;4;2;1;3;0;0;0;0;1;5;
Jimmer Fredette;;0;0;1;0;0;0;0;0;0;0;0;0;0;0;0;0;
Toney Douglas;;25;2;7;1;4;3;4;1;4;5;2;1;2;1;2;8;
Quincy Pondexter;;17;1;2;1;1;0;0;0;1;1;1;0;1;0;1;3;
