12-10;HOU-GS;93-105;
30-23;16-23;30-27;17-32;
HOU
Donatas Motiejunas;PF;35;8;17;0;1;2;4;4;3;7;2;0;1;3;2;18;
Tarik Black;PF;20;3;3;0;0;0;0;2;4;6;1;0;0;0;1;6;
Trevor Ariza;SF;43;5;15;4;12;4;6;0;6;6;1;1;0;1;2;18;
Patrick Beverley;PG;40;5;15;2;7;0;0;1;6;7;6;2;0;2;4;12;
James Harden;SG;40;14;27;3;8;3;4;1;6;7;4;4;0;5;3;34;
Clint Capela;;1;0;1;0;0;0;0;0;0;0;0;0;0;0;0;0;
Joey Dorsey;;12;1;2;0;0;1;1;2;3;5;0;1;0;1;3;3;
Nick Johnson;;19;0;2;0;1;0;0;2;1;3;0;0;1;1;1;0;
Troy Daniels;;1;0;1;0;1;0;0;0;0;0;0;0;0;0;0;0;
Jason Terry;;28;1;7;0;5;0;0;0;3;3;1;1;0;2;1;2;
GS
Harrison Barnes;SF;39;7;9;3;4;3;3;1;5;6;2;2;0;2;0;20;
Draymond Green;SF;34;4;8;1;4;2;2;1;7;8;1;4;0;2;4;11;
Festus Ezeli;C;16;2;4;0;0;3;4;0;3;3;0;0;0;0;2;7;
Stephen Curry;PG;37;8;15;3;5;1;1;1;6;7;7;0;0;4;3;20;
Klay Thompson;SG;35;8;18;1;8;4;4;0;4;4;4;1;2;4;2;21;
Marreese Speights;;20;6;13;0;0;3;3;2;6;8;0;0;1;1;1;15;
Shaun Livingston;;28;4;9;0;0;0;1;1;2;3;5;1;2;1;2;8;
Leandro Barbosa;;6;1;1;0;0;0;0;0;1;1;0;0;0;0;2;2;
Andre Iguodala;;24;0;4;0;2;1;2;0;3;3;2;1;0;1;0;1;
