11-25;SAC-NO;99-89;
27-16;22-33;26-21;24-19;
SAC
Jason Thompson;PF;33;0;3;0;0;0;0;1;6;7;1;0;1;0;2;0;
Omri Casspi;SF;36;9;14;1;2;3;4;0;4;4;1;1;0;0;2;22;
DeMarcus Cousins;C;35;8;18;0;0;6;6;3;9;12;5;3;1;5;4;22;
Ramon Sessions;PG;32;4;13;1;2;6;8;1;2;3;6;2;0;2;1;15;
Ben McLemore;SG;29;4;6;2;3;0;0;0;2;2;1;1;0;0;3;10;
Derrick Williams;;17;0;5;0;1;0;0;0;2;2;0;0;0;0;1;0;
Carl Landry;;16;4;5;0;0;1;2;1;1;2;0;0;0;0;3;9;
Ray McCallum;;19;4;7;0;3;4;4;0;3;3;1;1;0;2;4;12;
Nik Stauskas;;24;4;6;1;3;0;0;1;2;3;1;1;2;0;2;9;
NO
Anthony Davis;PF;38;4;12;0;0;6;8;2;7;9;2;1;2;0;2;14;
Darius Miller;SF;14;0;3;0;1;0;0;0;0;0;0;0;0;0;3;0;
Omer Asik;C;26;1;5;0;0;1;2;5;2;7;0;1;0;0;3;3;
Jrue Holiday;PG;29;5;11;0;3;1;2;1;2;3;3;1;1;3;5;11;
Tyreke Evans;SG;38;10;17;0;3;2;4;1;6;7;5;0;0;5;3;22;
Ryan Anderson;;30;7;14;3;7;3;3;2;3;5;0;0;0;0;3;20;
Luke Babbitt;;9;0;2;0;1;0;0;0;2;2;1;0;0;0;1;0;
John Salmons;;10;1;2;0;0;0;0;0;0;0;0;0;0;1;0;2;
Jeff Withey;;9;2;4;0;0;2;5;2;2;4;0;0;3;0;0;6;
Jimmer Fredette;;9;1;3;0;1;1;1;0;0;0;2;0;0;1;1;3;
Austin Rivers;;27;2;6;0;1;4;4;1;2;3;2;0;0;0;2;8;
