03-08;TOR-OKC;104-108;
26-31;35-27;18-28;25-22;
TOR
Amir Johnson;PF;19;1;4;0;1;0;0;0;3;3;0;0;0;0;0;2;
Terrence Ross;SF;26;7;12;6;9;0;0;1;3;4;2;2;1;0;3;20;
Jonas Valanciunas;C;30;4;11;0;0;2;2;4;1;5;0;1;1;2;4;10;
Kyle Lowry;PG;41;5;15;1;4;3;3;0;2;2;5;2;0;1;3;14;
DeMar DeRozan;SG;36;11;22;0;2;2;2;1;3;4;9;0;0;3;4;24;
James Johnson;;15;2;10;0;1;0;0;2;2;4;2;4;0;0;1;4;
Patrick Patterson;;32;4;7;1;3;0;0;2;6;8;3;1;1;1;0;9;
Greivis Vasquez;;20;3;7;2;4;2;2;2;1;3;2;0;0;1;4;10;
Louis Williams;;22;5;10;1;3;0;0;0;0;0;1;2;0;0;2;11;
OKC
Serge Ibaka;PF;41;10;16;0;3;1;2;0;7;7;1;0;5;1;3;21;
Kyle Singler;SF;15;0;3;0;1;0;0;3;1;4;1;0;0;0;0;0;
Enes Kanter;C;29;9;14;0;0;3;5;6;6;12;4;0;1;1;4;21;
Russell Westbrook;PG;40;9;21;1;4;11;13;3;8;11;17;4;1;9;1;30;
Andre Roberson;SG;22;3;3;0;0;0;0;0;2;2;0;0;0;1;2;6;
Nick Collison;;9;1;1;1;1;0;0;0;0;0;1;0;0;0;0;3;
Steven Adams;;16;3;4;0;0;0;0;1;5;6;0;0;2;2;1;6;
D.J. Augustin;;25;2;5;2;5;0;2;0;3;3;5;0;0;1;0;6;
Dion Waiters;;33;2;8;1;4;2;2;0;4;4;1;2;0;1;1;7;
Anthony Morrow;;12;3;7;1;3;1;1;0;0;0;0;0;1;2;1;8;
