12-16;UTAH-NO;111-119;
26-20;30-33;33-25;22-41;
UTAH
Gordon Hayward;SF;35;7;16;0;3;3;4;0;3;3;5;0;1;2;3;17;
Enes Kanter;C;37;12;22;0;0;5;6;6;1;7;1;2;1;2;3;29;
Rudy Gobert;C;33;3;6;0;0;0;0;5;4;9;2;0;3;0;3;6;
Alec Burks;PG;37;6;18;1;3;3;4;2;2;4;4;2;0;2;1;16;
Trey Burke;PG;27;5;9;2;4;4;4;1;5;6;1;0;1;5;0;16;
Trevor Booker;;21;5;6;0;0;0;0;2;2;4;0;0;0;1;1;10;
Joe Ingles;;12;0;2;0;2;0;0;0;0;0;3;0;0;0;0;0;
Jeremy Evans;;5;0;1;0;0;0;0;1;0;1;0;0;0;0;1;0;
Dante Exum;;21;5;7;1;2;1;1;1;1;2;2;1;1;2;2;12;
Rodney Hood;;12;2;3;1;1;0;0;0;1;1;1;1;0;1;4;5;
NO
Anthony Davis;PF;35;12;15;0;0;7;7;4;5;9;1;1;3;2;2;31;
Luke Babbitt;SF;10;1;3;1;3;0;0;0;1;1;0;0;0;1;3;3;
Omer Asik;C;21;3;4;0;0;4;5;1;4;5;0;1;3;3;1;10;
Jrue Holiday;PG;32;2;6;0;0;0;0;0;2;2;8;1;1;3;4;4;
Tyreke Evans;SG;33;8;15;0;1;3;3;0;4;4;6;0;0;3;3;19;
Dante Cunningham;;30;3;6;0;0;0;0;1;2;3;0;2;0;2;1;6;
Ryan Anderson;;27;10;15;6;10;2;2;2;3;5;3;2;0;0;1;28;
Jeff Withey;;13;2;2;0;0;0;0;0;0;0;1;0;1;1;2;4;
Jimmer Fredette;;13;1;3;0;1;0;0;0;0;0;3;1;0;1;2;2;
Austin Rivers;;27;5;10;1;1;1;1;1;2;3;2;1;1;0;1;12;
