02-22;CLE-NY;101-83;
36-17;26-21;19-17;20-28;
CLE
Kevin Love;PF;29;7;14;2;5;0;0;1;15;16;1;0;0;0;0;16;
LeBron James;SF;28;7;17;1;6;3;5;0;7;7;7;2;0;4;2;18;
Timofey Mozgov;C;24;3;4;0;0;1;2;2;4;6;0;0;1;4;2;7;
Kyrie Irving;PG;27;6;10;2;4;4;4;1;1;2;2;1;0;2;1;18;
J.R. Smith;SG;29;7;11;3;5;0;0;1;2;3;4;1;2;1;3;17;
James Jones;;14;2;4;1;3;0;0;0;2;2;0;0;0;0;1;5;
Brendan Haywood;;6;0;1;0;0;0;0;0;1;1;0;0;0;1;0;0;
Tristan Thompson;;22;2;3;0;0;1;2;2;1;3;0;1;0;1;4;5;
Iman Shumpert;;30;2;6;0;3;0;0;0;5;5;7;0;0;0;0;4;
Matthew Dellavedova;;21;3;7;2;5;0;0;0;1;1;1;0;0;1;1;8;
Joe Harris;;9;1;2;1;2;0;2;0;1;1;0;0;0;1;0;3;
NY
Lou Amundson;PF;22;5;10;0;0;0;0;3;3;6;2;3;0;0;1;10;
Jason Smith;PF;24;2;6;0;1;0;0;2;2;4;0;2;1;1;1;4;
Lance Thomas;SF;23;5;12;0;0;1;2;3;2;5;1;0;0;0;1;11;
Jose Calderon;PG;28;2;9;0;1;0;0;0;2;2;2;0;0;3;3;4;
Langston Galloway;PG;38;5;14;1;3;2;2;2;4;6;5;1;0;1;3;13;
Cleanthony Early;;8;1;5;0;2;0;0;0;2;2;0;0;0;1;0;2;
Quincy Acy;;11;4;10;1;3;2;2;3;2;5;0;1;0;1;1;11;
Travis Wear;;19;5;9;0;0;0;0;4;2;6;0;1;0;1;1;10;
Andrea Bargnani;;28;5;11;0;0;1;1;2;3;5;3;0;1;1;3;11;
Cole Aldrich;;6;0;0;0;0;0;0;0;1;1;1;0;0;0;1;0;
Alexey Shved;;3;0;1;0;1;0;0;0;1;1;0;0;0;0;0;0;
Tim Hardaway Jr.;;29;3;12;1;8;0;0;0;7;7;2;0;0;2;1;7;
