03-13;SAC-PHI;107-114;
22-29;42-22;18-37;25-26;
SAC
Carl Landry;PF;12;3;4;0;0;0;0;0;3;3;0;0;0;1;3;6;
Rudy Gay;SF;40;7;17;1;5;9;10;1;3;4;3;1;1;4;0;24;
DeMarcus Cousins;C;40;12;24;0;0;15;20;9;15;24;1;2;1;3;2;39;
Ray McCallum;PG;31;4;12;1;3;0;0;1;0;1;8;0;0;3;4;9;
Ben McLemore;SG;31;2;7;0;1;0;0;0;2;2;2;1;1;3;2;4;
Derrick Williams;;31;5;9;2;5;3;4;2;1;3;0;1;0;0;0;15;
Jason Thompson;;20;1;3;0;0;2;2;1;4;5;1;1;1;0;4;4;
Omri Casspi;;13;0;1;0;0;2;2;0;1;1;1;0;0;2;1;2;
Andre Miller;;24;1;10;0;0;2;2;2;5;7;6;3;0;1;4;4;
PHI
Luc Richard Mbah a Moute;PF;30;5;11;0;2;0;0;1;4;5;4;1;0;1;1;10;
Robert Covington;SF;29;8;17;6;12;2;3;0;2;2;2;3;1;1;2;24;
Nerlens Noel;C;28;7;13;0;0;2;2;4;8;12;4;1;1;1;4;16;
Isaiah Canaan;PG;23;3;9;1;7;0;0;0;1;1;5;0;0;2;3;7;
JaKarr Sampson;SG;17;4;6;0;1;2;3;1;1;2;3;0;0;1;2;10;
Furkan Aldemir;;6;0;0;0;0;0;0;0;0;0;0;0;1;1;3;0;
Thomas Robinson;;20;2;7;0;1;2;2;5;6;11;0;0;1;1;3;6;
Jerami Grant;;29;5;7;0;2;3;6;0;2;2;1;2;4;1;4;13;
Henry Sims;;12;4;5;0;0;0;0;2;2;4;0;1;0;0;3;8;
Ish Smith;;25;3;11;0;2;4;6;0;5;5;9;1;0;3;2;10;
Hollis Thompson;;22;4;9;2;5;0;1;1;1;2;2;2;1;3;2;10;
