03-11;MIN-PHX;97-106;
18-25;26-25;25-28;28-28;
MIN
Adreian Payne;PF;29;3;9;0;0;4;4;1;2;3;2;1;0;1;2;10;
Andrew Wiggins;SF;29;5;11;0;1;0;0;3;1;4;1;1;0;0;1;10;
Nikola Pekovic;C;8;0;3;0;0;0;0;1;0;1;1;0;0;1;0;0;
Ricky Rubio;PG;28;4;11;0;4;0;0;2;3;5;6;0;0;1;3;8;
Kevin Martin;SG;26;5;8;0;1;6;7;0;2;2;1;0;0;1;1;16;
Chase Budinger;;19;5;7;0;1;0;0;1;4;5;1;0;0;0;1;10;
Gorgui Dieng;;31;3;4;0;0;4;4;2;5;7;4;1;0;2;4;10;
Justin Hamilton;;28;7;12;1;4;0;0;1;2;3;0;0;2;2;1;15;
Zach LaVine;;21;2;8;0;1;4;4;1;0;1;3;1;0;1;0;8;
Lorenzo Brown;;1;0;0;0;0;1;2;0;0;0;0;0;0;0;0;1;
Gary Neal;;21;2;8;0;1;5;5;0;3;3;0;1;0;1;3;9;
PHX
Markieff Morris;PF;37;10;15;0;2;4;4;1;2;3;2;1;1;3;2;24;
Marcus Morris;PF;30;3;12;2;7;0;0;4;5;9;5;0;1;0;1;8;
P.J. Tucker;SF;34;5;11;1;2;0;0;2;4;6;3;1;0;2;2;11;
Alex Len;C;19;1;2;0;0;0;0;1;4;5;1;0;0;2;4;2;
Eric Bledsoe;PG;34;7;14;2;5;2;2;0;2;2;9;1;0;5;1;18;
Brandan Wright;;30;5;9;0;0;1;2;3;6;9;2;1;0;0;2;11;
Earl Barron;;1;0;0;0;0;0;0;0;0;0;0;0;0;0;0;0;
T.J. Warren;;19;8;10;0;1;1;2;2;3;5;0;1;0;1;2;17;
Archie Goodwin;;13;0;4;0;1;1;2;2;0;2;3;0;0;1;3;1;
Seth Curry;;1;0;1;0;1;0;0;0;0;0;0;0;0;0;0;0;
Marcus Thornton;;22;6;12;1;5;1;1;1;3;4;0;2;0;2;2;14;
