04-01;DET-CHA;78-102;
25-33;20-23;17-17;16-29;
DET
Anthony Tolliver;PF;31;4;8;2;5;0;0;3;5;8;4;1;0;2;1;10;
Caron Butler;SF;27;2;6;1;2;0;0;0;3;3;3;0;0;1;1;5;
Andre Drummond;C;28;6;15;0;0;1;7;2;7;9;0;2;0;1;4;13;
Reggie Jackson;PG;29;3;16;1;4;2;3;2;5;7;8;0;0;3;3;9;
Kentavious Caldwell-Pope;SG;14;1;6;0;3;0;0;0;0;0;1;0;0;1;4;2;
Cartier Martin;;2;1;2;0;1;0;0;0;0;0;0;1;0;0;0;2;
Quincy Miller;;2;0;0;0;0;0;0;0;0;0;1;0;0;0;0;0;
Tayshaun Prince;;21;2;7;0;1;0;0;3;4;7;2;0;0;0;2;4;
Shawne Williams;;13;2;4;0;0;2;2;1;3;4;1;0;0;2;1;6;
Joel Anthony;;20;2;3;0;0;2;2;2;5;7;0;2;4;0;2;6;
John Lucas III;;19;2;8;0;2;2;2;0;1;1;4;0;0;1;0;6;
Jodie Meeks;;34;6;13;1;4;2;2;1;4;5;0;0;0;1;2;15;
CHA
Marvin Williams;PF;29;7;11;3;6;1;2;2;4;6;1;1;1;1;1;18;
Jeff Taylor;SF;22;1;4;0;1;0;0;1;3;4;2;1;0;1;2;2;
Al Jefferson;C;26;4;12;0;0;3;6;1;8;9;3;0;4;2;3;11;
Kemba Walker;PG;33;7;13;2;2;1;1;0;6;6;4;3;0;1;2;17;
Gerald Henderson;SG;31;5;11;1;3;3;3;0;5;5;1;2;0;0;0;14;
Noah Vonleh;;2;0;1;0;0;0;0;0;0;0;0;0;0;0;1;0;
Jason Maxiell;;17;0;3;0;0;0;0;2;6;8;0;0;0;0;1;0;
Bismack Biyombo;;22;2;4;0;0;4;6;6;4;10;1;1;2;1;2;8;
Mo Williams;;25;6;16;1;4;0;0;0;2;2;6;1;0;1;4;13;
Brian Roberts;;9;1;3;0;1;0;0;0;2;2;2;0;0;0;0;2;
Troy Daniels;;2;2;2;1;1;0;0;0;0;0;0;0;0;1;1;5;
P.J. Hairston;;23;3;10;1;4;5;6;1;2;3;1;1;0;1;0;12;
