02-20;TOR-ATL;105-80;
26-26;23-19;28-13;28-22;
TOR
Amir Johnson;PF;26;5;9;1;1;0;0;2;5;7;2;1;1;2;0;11;
James Johnson;PF;19;3;4;0;0;1;1;1;3;4;0;2;2;0;2;7;
Jonas Valanciunas;C;25;4;13;0;0;0;0;8;5;13;1;0;2;1;3;8;
Kyle Lowry;PG;25;4;10;1;2;1;1;0;3;3;9;0;0;2;4;10;
DeMar DeRozan;SG;28;9;16;1;4;2;2;0;8;8;1;3;0;3;2;21;
Patrick Patterson;;22;3;8;1;3;0;0;2;1;3;2;2;2;0;1;7;
Tyler Hansbrough;;12;1;2;0;0;1;2;1;2;3;1;0;0;0;2;3;
Terrence Ross;;23;1;8;1;5;0;0;0;2;2;1;1;0;1;2;3;
Greg Stiemsma;;2;0;0;0;0;0;0;1;0;1;0;0;0;0;0;0;
Chuck Hayes;;5;1;1;0;0;0;0;0;1;1;0;1;0;1;2;2;
Greivis Vasquez;;24;3;10;1;5;0;0;0;3;3;8;0;1;2;1;7;
Landry Fields;;4;0;1;0;0;0;0;0;0;0;0;1;0;0;0;0;
Louis Williams;;24;9;14;7;10;1;2;0;4;4;2;4;1;1;1;26;
ATL
Paul Millsap;PF;29;5;15;0;2;1;4;5;4;9;0;1;1;4;2;11;
DeMarre Carroll;SF;28;2;4;0;1;0;0;2;3;5;2;3;3;2;1;4;
Al Horford;C;27;3;9;1;1;0;0;4;8;12;4;1;0;2;0;7;
Jeff Teague;PG;26;3;9;0;3;5;6;0;2;2;5;1;2;3;1;11;
Kyle Korver;SG;27;3;13;2;11;3;4;0;4;4;0;0;1;2;2;11;
Mike Scott;;22;2;11;0;6;0;0;2;3;5;2;0;0;0;0;4;
Mike Muscala;;8;0;1;0;0;0;0;3;2;5;1;0;0;0;0;0;
Pero Antic;;9;1;4;0;2;3;4;0;2;2;0;0;0;2;2;5;
Shelvin Mack;;13;4;6;1;3;0;0;0;1;1;1;0;0;1;0;9;
Dennis Schroder;;22;3;6;2;3;0;0;1;2;3;4;0;0;3;1;8;
John Jenkins;;8;0;3;0;1;0;0;0;1;1;0;0;0;1;0;0;
Kent Bazemore;;20;3;7;2;5;2;3;0;3;3;0;0;1;2;1;10;
