01-24;WSH-POR;96-103;
32-20;23-25;15-24;26-34;
WSH
Nene Hilario;PF;28;7;11;0;0;1;3;0;4;4;4;1;1;1;6;15;
Paul Pierce;SF;30;7;10;3;4;2;2;0;6;6;2;0;0;0;0;19;
Marcin Gortat;C;31;2;7;0;1;0;0;0;7;7;0;0;1;2;4;4;
John Wall;PG;35;10;17;0;1;5;5;1;3;4;9;1;0;3;4;25;
Bradley Beal;SG;32;7;15;1;4;1;2;0;5;5;5;0;0;2;2;16;
Kris Humphries;;19;2;6;0;0;0;0;0;4;4;0;1;0;0;0;4;
Martell Webster;;19;1;5;1;4;2;2;0;2;2;1;1;0;0;0;5;
Rasual Butler;;16;0;2;0;1;0;0;0;3;3;0;0;0;1;0;0;
Kevin Seraphin;;17;2;5;0;0;0;0;1;2;3;1;2;1;1;3;4;
Andre Miller;;13;2;4;0;0;0;0;0;3;3;2;2;0;2;0;4;
Garrett Temple;;0;0;0;0;0;0;0;0;0;0;0;0;0;0;0;0;
POR
LaMarcus Aldridge;PF;36;9;22;0;1;8;8;2;7;9;3;2;0;2;2;26;
Allen Crabbe;SF;7;0;0;0;0;0;0;0;0;0;1;0;0;0;1;0;
Chris Kaman;C;25;3;9;0;0;0;0;2;8;10;0;1;0;2;0;6;
Damian Lillard;PG;36;5;13;2;6;8;8;0;3;3;7;1;0;2;2;20;
Wesley Matthews;SG;35;7;19;5;11;0;0;0;3;3;3;1;0;0;2;19;
Thomas Robinson;;14;1;2;0;0;0;0;1;3;4;0;1;0;4;1;2;
Dorell Wright;;21;3;5;3;5;1;1;1;5;6;3;0;0;0;0;10;
Meyers Leonard;;21;2;3;2;3;3;3;1;1;2;1;1;0;0;4;9;
Steve Blake;;17;2;6;0;3;0;0;1;2;3;2;1;0;1;2;4;
C.J. McCollum;;6;1;2;1;1;0;0;0;0;0;0;0;0;0;0;3;
Will Barton;;22;2;6;0;1;0;0;0;4;4;2;0;1;1;0;4;
