12-03;ORL-LAC;86-114;
23-31;21-26;18-27;24-30;
ORL
Channing Frye;PF;26;2;7;2;5;0;0;1;2;3;2;1;0;3;3;6;
Kyle O'Quinn;PF;7;3;3;0;0;0;0;0;1;1;0;1;0;0;1;6;
Tobias Harris;SF;25;7;11;2;3;0;1;0;8;8;0;2;0;1;3;16;
Victor Oladipo;SG;25;2;8;1;1;6;8;0;1;1;0;2;1;1;3;11;
Evan Fournier;SG;22;4;11;1;3;0;0;0;1;1;2;0;0;1;2;9;
Andrew Nicholson;;17;1;6;0;1;1;2;0;5;5;0;0;1;0;1;3;
Maurice Harkless;;19;0;3;0;2;0;0;1;1;2;3;2;0;5;2;0;
Dewayne Dedmon;;25;4;7;0;0;1;2;3;5;8;1;1;0;1;4;9;
Elfrid Payton;;30;3;6;0;0;2;9;1;0;1;6;1;0;2;3;8;
Luke Ridnour;;13;0;1;0;1;0;0;0;3;3;4;1;0;0;0;0;
Willie Green;;12;3;8;1;2;0;0;0;1;1;1;0;0;1;0;7;
Ben Gordon;;19;4;8;0;2;3;3;0;0;0;2;0;0;1;2;11;
LAC
Blake Griffin;PF;29;9;16;0;0;3;4;1;7;8;6;2;1;4;1;21;
Matt Barnes;SF;39;6;8;1;3;4;5;0;5;5;2;1;1;3;5;17;
DeAndre Jordan;C;27;3;6;0;0;2;6;5;11;16;0;1;3;1;0;8;
Chris Paul;PG;29;7;10;3;5;2;2;0;5;5;10;1;0;1;0;19;
J.J. Redick;SG;28;7;11;4;7;2;2;0;0;0;0;0;1;0;3;20;
Glen Davis;;13;2;3;0;0;1;1;0;4;4;0;1;0;0;1;5;
Spencer Hawes;;17;5;7;2;4;0;0;0;4;4;2;1;0;3;2;12;
Ekpe Udoh;;5;0;1;0;0;0;0;0;0;0;0;1;0;0;0;0;
Hedo Turkoglu;;6;0;3;0;2;0;0;0;1;1;0;1;0;0;0;0;
Jordan Farmar;;14;1;3;1;2;1;2;0;1;1;2;0;0;1;1;4;
Jared Cunningham;;6;0;1;0;1;0;0;0;0;0;2;0;0;2;1;0;
C.J. Wilcox;;6;1;3;1;2;0;0;0;0;0;2;0;0;0;0;3;
Jamal Crawford;;22;1;6;0;5;3;3;0;0;0;6;2;0;2;3;5;
