01-23;SAC-GS;101-126;
25-34;26-22;22-41;28-29;
SAC
Derrick Williams;PF;22;2;5;0;2;5;6;1;4;5;2;0;0;1;1;9;
Rudy Gay;SF;13;0;5;0;1;0;0;0;3;3;4;0;0;0;2;0;
DeMarcus Cousins;C;35;9;19;0;0;10;11;2;9;11;2;3;0;5;4;28;
Darren Collison;PG;34;6;13;1;4;2;2;2;4;6;4;3;0;3;0;15;
Ben McLemore;SG;25;3;9;1;5;0;0;0;1;1;1;2;0;0;3;7;
Quincy Miller;;34;3;8;1;3;6;7;1;5;6;0;2;2;3;2;13;
Jason Thompson;;11;1;3;0;0;0;0;1;0;1;1;0;1;0;1;2;
Omri Casspi;;7;1;2;0;0;2;2;1;1;2;0;0;0;2;0;4;
Ryan Hollins;;8;2;3;0;0;1;2;0;0;0;0;0;0;1;1;5;
Ray McCallum;;13;3;7;0;1;1;2;2;1;3;0;1;0;0;1;7;
Ramon Sessions;;14;0;3;0;0;0;0;1;1;2;3;0;0;2;1;0;
Nik Stauskas;;23;4;5;1;1;2;2;0;3;3;2;1;0;2;1;11;
GS
Harrison Barnes;SF;23;2;7;0;4;1;2;2;3;5;1;1;0;1;1;5;
Draymond Green;SF;27;4;7;3;6;0;0;1;7;8;2;2;0;1;4;11;
Andrew Bogut;C;24;4;6;0;0;0;0;0;5;5;3;0;2;0;2;8;
Stephen Curry;PG;29;3;11;2;7;2;2;1;3;4;11;2;0;6;0;10;
Klay Thompson;SG;33;16;25;11;15;9;10;0;2;2;5;4;2;4;3;52;
David Lee;;18;2;7;0;0;1;1;3;6;9;0;2;0;1;3;5;
James Michael McAdoo;;6;1;2;0;0;1;2;0;0;0;0;1;0;0;1;3;
Marreese Speights;;21;8;13;0;0;3;3;2;4;6;1;0;1;1;5;19;
Shaun Livingston;;19;3;5;0;0;2;2;0;0;0;7;1;1;2;2;8;
Justin Holiday;;25;2;8;1;5;0;0;2;2;4;2;0;1;0;1;5;
Brandon Rush;;16;0;3;0;3;0;0;1;2;3;0;0;1;1;0;0;
