11-01;TOR-ORL;108-95;
29-26;20-26;38-26;21-17;
TOR
Amir Johnson;PF;24;7;9;0;2;0;2;3;2;5;0;0;0;0;2;14;
Terrence Ross;SF;29;3;7;2;5;2;2;1;2;3;0;1;1;1;3;10;
Jonas Valanciunas;C;25;2;8;0;0;6;8;3;8;11;1;0;2;2;3;10;
Kyle Lowry;PG;33;5;12;2;5;9;11;0;3;3;5;1;0;0;2;21;
DeMar DeRozan;SG;30;9;18;0;1;8;10;1;7;8;1;1;0;0;1;26;
Tyler Hansbrough;;19;1;3;0;0;0;1;4;2;6;0;0;0;1;5;2;
James Johnson;;19;4;6;0;0;4;5;1;2;3;0;0;0;1;2;12;
Patrick Patterson;;25;1;7;0;4;0;0;1;7;8;2;0;1;1;1;2;
Greivis Vasquez;;18;1;9;0;4;4;4;0;1;1;2;1;0;0;1;6;
Louis Williams;;17;0;3;0;0;5;5;1;1;2;2;0;0;1;1;5;
Landry Fields;;1;0;1;0;0;0;0;0;0;0;0;0;0;0;0;0;
ORL
Channing Frye;PF;32;4;10;2;7;1;2;0;1;1;2;0;0;1;5;11;
Tobias Harris;SF;34;4;15;1;1;2;4;2;7;9;3;1;1;4;4;11;
Nikola Vucevic;C;33;7;11;1;1;0;2;2;10;12;4;1;1;2;6;15;
Elfrid Payton;PG;30;6;12;0;0;4;8;1;2;3;9;0;0;1;4;16;
Evan Fournier;SG;23;6;10;1;4;5;7;0;1;1;0;0;0;0;5;18;
Aaron Gordon;;7;0;1;0;0;0;0;1;1;2;1;0;0;1;3;0;
Andrew Nicholson;;2;0;0;0;0;0;0;0;0;0;0;0;0;0;0;0;
Maurice Harkless;;22;3;6;1;3;0;1;1;4;5;2;1;1;2;3;7;
Devyn Marble;;2;0;1;0;0;0;0;0;0;0;0;0;0;0;0;0;
Dewayne Dedmon;;14;3;3;0;0;0;0;1;3;4;1;0;4;0;2;6;
Luke Ridnour;;16;2;4;0;1;0;0;1;0;1;2;0;0;2;4;4;
Ben Gordon;;25;3;8;1;3;0;0;0;2;2;1;0;0;1;1;7;
