02-04;MIA-MIN;101-102;
24-27;27-26;32-23;18-26;
MIA
Luol Deng;SF;34;6;10;1;2;5;7;2;2;4;1;2;0;2;0;18;
Chris Bosh;C;34;5;14;0;2;4;5;0;5;5;1;0;0;3;2;14;
Hassan Whiteside;C;36;12;13;0;0;0;0;9;11;20;0;3;2;4;3;24;
Mario Chalmers;PG;31;5;11;0;0;2;2;0;3;3;5;1;0;3;4;12;
Shabazz Napier;PG;25;2;8;2;5;0;0;0;3;3;7;1;0;2;3;6;
Chris Andersen;;12;1;2;0;0;1;2;2;3;5;0;1;1;0;3;3;
James Ennis;;6;0;2;0;1;0;0;1;0;1;1;0;0;1;1;0;
Danny Granger;;21;2;6;1;2;1;2;1;2;3;0;0;0;1;4;6;
Norris Cole;;26;5;11;2;3;3;6;0;3;3;3;2;0;2;2;15;
Tyler Johnson;;14;1;3;1;1;0;0;0;0;0;0;1;0;0;1;3;
MIN
Thaddeus Young;SF;41;7;12;0;0;2;2;0;3;3;3;5;0;2;5;16;
Andrew Wiggins;SF;37;2;8;0;0;2;2;1;4;5;1;0;1;0;4;6;
Nikola Pekovic;C;21;5;7;0;0;3;4;0;4;4;0;0;0;1;0;13;
Ricky Rubio;PG;23;1;3;0;0;6;8;0;3;3;9;2;0;4;3;8;
Kevin Martin;SG;40;11;23;4;8;4;5;0;3;3;3;2;0;2;3;30;
Anthony Bennett;;17;3;6;0;1;0;0;0;3;3;0;0;1;0;1;6;
Chase Budinger;;2;0;0;0;0;0;0;0;0;0;0;0;0;0;2;0;
Gorgui Dieng;;27;4;5;0;0;5;5;2;7;9;1;0;1;1;2;13;
Zach LaVine;;8;0;2;0;0;0;0;0;0;0;0;0;0;0;1;0;
Mo Williams;;25;4;6;2;2;0;1;0;2;2;10;1;0;4;3;10;
