11-09;SAC-OKC;93-101;
17-24;22-28;26-15;28-34;
SAC
Jason Thompson;PF;28;1;2;0;0;0;0;1;3;4;0;1;0;0;5;2;
Rudy Gay;SF;38;9;19;1;6;4;4;2;8;10;6;2;0;1;2;23;
DeMarcus Cousins;C;34;7;15;0;0;2;5;1;6;7;1;4;2;2;5;16;
Darren Collison;PG;35;5;15;1;6;1;1;1;4;5;7;2;0;2;2;12;
Ben McLemore;SG;28;6;9;4;6;0;0;0;2;2;2;0;0;1;3;16;
Carl Landry;;19;3;4;0;0;3;6;1;0;1;0;0;0;1;2;9;
Omri Casspi;;11;2;5;0;2;2;3;1;1;2;1;0;0;0;0;6;
Reggie Evans;;14;2;4;0;0;1;1;2;3;5;1;1;0;1;0;5;
Ray McCallum;;5;0;1;0;1;0;0;0;1;1;1;0;0;0;1;0;
Ramon Sessions;;13;1;4;0;1;2;2;0;0;0;3;1;0;1;2;4;
Nik Stauskas;;16;0;2;0;2;0;0;0;0;0;1;0;0;1;2;0;
OKC
Serge Ibaka;PF;35;6;14;0;3;2;2;4;5;9;1;0;4;1;3;14;
Lance Thomas;SF;31;2;5;0;0;0;0;1;1;2;0;2;0;0;3;4;
Steven Adams;C;23;2;3;0;0;0;0;0;5;5;0;0;0;3;5;4;
Reggie Jackson;PG;42;6;19;1;5;9;10;0;2;2;6;0;0;3;4;22;
Jeremy Lamb;SG;34;5;13;2;3;5;6;1;8;9;4;0;0;3;1;17;
Nick Collison;;25;4;5;2;2;0;0;2;5;7;2;1;0;1;4;10;
Kendrick Perkins;;25;4;5;0;0;1;3;3;2;5;0;1;2;1;2;9;
Sebastian Telfair;;17;5;12;1;5;3;3;0;1;1;2;1;0;2;0;14;
Ish Smith;;8;2;2;0;0;3;3;0;0;0;1;0;0;0;0;7;
