04-11;MIN-GS;101-110;
31-28;24-32;14-26;32-24;
MIN
Adreian Payne;PF;29;2;4;0;0;2;4;1;2;3;3;1;0;3;5;6;
Andrew Wiggins;SF;44;7;16;1;2;2;3;1;5;6;9;3;1;6;2;17;
Justin Hamilton;C;31;3;7;1;2;5;6;4;6;10;3;1;3;2;3;12;
Zach LaVine;PG;45;13;21;6;10;5;5;1;8;9;4;0;0;3;4;37;
Kevin Martin;SG;32;3;11;1;3;5;6;0;4;4;3;0;0;0;3;12;
Chase Budinger;;36;5;12;2;4;0;0;0;2;2;1;2;0;0;3;12;
Arinze Onuaku;;0;0;0;0;0;0;0;0;0;0;1;0;0;0;0;0;
Lorenzo Brown;;24;2;8;0;3;1;2;1;5;6;3;2;0;1;2;5;
GS
Harrison Barnes;SF;29;5;12;1;4;2;3;5;7;12;2;0;2;1;1;13;
Draymond Green;SF;37;5;9;1;3;2;2;3;11;14;5;2;1;1;4;13;
Andrew Bogut;C;24;3;8;0;0;1;2;1;5;6;1;0;0;3;6;7;
Stephen Curry;PG;35;11;21;5;11;7;8;0;4;4;7;4;0;3;1;34;
Klay Thompson;SG;38;10;25;3;9;0;0;1;1;2;3;3;0;1;1;23;
Festus Ezeli;;12;2;2;0;0;3;6;1;1;2;0;0;1;0;0;7;
Marreese Speights;;6;0;2;0;0;0;0;0;1;1;2;0;0;1;1;0;
Shaun Livingston;;16;2;3;0;0;0;0;1;2;3;3;0;0;0;0;4;
Justin Holiday;;12;2;5;0;0;0;0;0;1;1;2;0;0;1;3;4;
Andre Iguodala;;30;2;6;1;4;0;0;1;4;5;3;1;1;1;2;5;
