12-27;MEM-MIA;103-95;
27-16;30-25;15-28;31-26;
MEM
Jon Leuer;PF;23;2;8;0;0;1;4;3;1;4;1;2;0;1;3;5;
Tony Allen;SF;21;3;5;0;0;4;5;0;2;2;2;2;0;3;5;10;
Marc Gasol;C;32;7;14;0;0;8;10;1;9;10;3;0;2;2;0;22;
Mike Conley;PG;32;7;12;4;6;6;7;0;1;1;3;2;0;3;3;24;
Courtney Lee;SG;32;3;6;1;1;3;4;1;1;2;2;0;0;2;2;10;
Tayshaun Prince;;32;4;7;0;0;2;2;0;2;2;5;0;0;0;1;10;
Kosta Koufos;;16;3;4;0;0;0;1;2;4;6;0;0;1;2;3;6;
Beno Udrih;;19;4;8;1;3;2;2;0;2;2;3;2;0;0;0;11;
Quincy Pondexter;;12;0;3;0;2;0;0;1;0;1;1;0;1;0;2;0;
Vince Carter;;22;1;6;1;4;2;2;1;1;2;2;2;1;0;3;5;
MIA
Chris Andersen;PF;25;5;5;0;0;3;4;1;3;4;0;0;1;2;4;13;
Shawne Williams;SF;17;3;5;1;1;0;0;0;1;1;0;1;0;1;3;7;
Luol Deng;SF;40;6;10;1;1;3;4;2;4;6;3;3;0;4;3;16;
Mario Chalmers;PG;39;2;10;0;3;3;3;0;3;3;3;1;0;0;4;7;
Dwyane Wade;SG;36;11;17;1;3;2;2;0;3;3;7;4;2;1;3;25;
Udonis Haslem;;7;0;1;0;0;0;0;0;3;3;2;0;0;2;0;0;
Danny Granger;;28;7;10;2;5;2;2;3;0;3;0;0;0;0;3;18;
James Ennis;;5;0;2;0;1;0;0;0;0;0;0;0;0;0;0;0;
Hassan Whiteside;;16;0;2;0;0;2;6;1;6;7;0;0;0;1;5;2;
Norris Cole;;28;3;10;1;6;0;0;0;3;3;3;1;1;2;1;7;
