11-21;SA-MIN;121-92;
29-26;30-22;32-14;30-30;
SA
Tim Duncan;PF;23;3;3;0;0;3;3;3;7;10;1;0;4;3;1;9;
Kawhi Leonard;SF;25;5;12;1;3;3;4;2;0;2;0;2;0;4;4;14;
Boris Diaw;C;26;5;7;1;1;2;2;1;8;9;2;0;0;3;2;13;
Tony Parker;PG;25;12;18;3;3;1;1;0;0;0;5;1;0;1;0;28;
Danny Green;SG;35;6;9;4;6;2;2;1;2;3;3;1;4;1;0;18;
Jeff Ayres;;12;2;4;0;0;0;0;2;1;3;2;0;1;1;2;4;
Kyle Anderson;;12;0;2;0;0;0;0;0;2;2;1;0;1;0;1;0;
Marco Belinelli;;10;2;2;0;0;1;1;1;1;2;0;0;0;1;1;5;
Austin Daye;;26;4;11;3;6;2;2;0;11;11;3;0;0;1;4;13;
Aron Baynes;;21;6;9;0;0;0;1;4;5;9;2;1;1;3;4;12;
Cory Joseph;;7;0;1;0;0;0;0;0;2;2;3;0;0;1;2;0;
Manu Ginobili;;18;1;6;1;2;2;2;0;0;0;4;1;0;1;1;5;
MIN
Shabazz Muhammad;SF;17;1;7;0;0;0;0;0;1;1;0;0;0;1;1;2;
Andrew Wiggins;SF;33;5;14;0;2;4;5;0;3;3;1;2;0;1;2;14;
Gorgui Dieng;C;30;3;8;0;0;3;4;6;4;10;1;1;3;2;2;9;
Mo Williams;PG;30;6;14;2;4;1;2;0;2;2;4;0;0;2;4;15;
Corey Brewer;SG;32;3;10;0;0;2;3;1;2;3;4;3;0;0;3;8;
Anthony Bennett;;32;9;14;0;0;2;4;1;2;3;1;3;0;2;2;20;
Chase Budinger;;25;3;9;1;2;0;0;0;6;6;1;1;0;0;0;7;
Robbie Hummel;;17;2;4;0;2;2;4;2;1;3;0;0;0;0;3;6;
Zach LaVine;;20;3;8;1;3;0;0;0;2;2;3;2;0;3;0;7;
Glenn Robinson III;;4;2;2;0;0;0;0;1;0;1;1;0;0;0;0;4;
