11-08;NO-SA;100-99;
30-23;25-30;26-18;19-28;
NO
Anthony Davis;PF;37;10;17;0;0;7;8;2;9;11;1;4;6;4;2;27;
Omer Asik;C;26;3;4;0;0;0;1;3;4;7;1;0;0;0;3;6;
Jrue Holiday;PG;36;6;15;1;2;2;2;0;3;3;11;3;2;2;4;15;
Eric Gordon;SG;38;6;13;2;6;0;0;1;0;1;3;2;0;0;3;14;
Tyreke Evans;SG;38;7;16;2;4;2;2;0;3;3;5;1;0;3;2;18;
Ryan Anderson;;25;3;10;3;7;0;0;0;2;2;0;1;0;1;1;9;
John Salmons;;5;0;0;0;0;0;0;0;0;0;1;0;0;0;0;0;
Alexis Ajinca;;9;1;1;0;0;0;0;0;2;2;0;0;0;0;3;2;
Jimmer Fredette;;10;2;4;0;1;0;0;0;1;1;0;0;0;0;0;4;
Austin Rivers;;17;2;5;0;1;1;1;0;0;0;0;0;1;1;2;5;
SA
Tim Duncan;PF;33;3;10;0;0;5;6;3;7;10;1;0;1;3;1;11;
Kawhi Leonard;SF;37;5;13;0;2;4;6;5;9;14;3;1;1;0;3;14;
Boris Diaw;C;32;3;6;0;2;0;0;2;4;6;2;0;2;3;1;6;
Tony Parker;PG;34;11;18;0;2;6;6;0;3;3;4;0;0;5;2;28;
Danny Green;SG;33;5;8;3;5;3;3;2;2;4;2;1;2;0;2;16;
Jeff Ayres;;1;0;0;0;0;0;0;1;0;1;0;0;0;0;0;0;
Austin Daye;;14;0;4;0;2;0;0;1;3;4;0;0;0;2;2;0;
Aron Baynes;;16;2;3;0;0;0;2;2;2;4;0;0;0;2;1;4;
Cory Joseph;;16;1;7;0;1;1;2;0;1;1;3;0;1;0;4;3;
Manu Ginobili;;27;6;11;2;4;3;4;1;1;2;0;2;0;3;1;17;
