11-14;MIN-NO;91-139;
19-43;25-37;28-38;19-21;
MIN
Andrew Wiggins;SF;23;7;10;2;2;4;6;2;3;5;1;0;0;3;2;20;
Nikola Pekovic;C;19;2;7;0;0;0;0;2;2;4;0;0;0;1;1;4;
Gorgui Dieng;C;29;1;2;0;0;5;8;5;4;9;2;0;1;4;1;7;
Zach LaVine;PG;31;5;12;0;1;3;3;1;3;4;0;0;0;3;3;13;
Kevin Martin;SG;18;0;6;0;2;3;3;0;2;2;1;0;0;4;4;3;
Anthony Bennett;;17;1;4;0;0;2;2;0;3;3;2;0;2;0;2;4;
Shabazz Muhammad;;16;3;6;0;0;1;2;0;0;0;0;0;0;0;1;7;
Chase Budinger;;12;2;5;1;3;4;4;0;2;2;0;0;0;1;0;9;
Robbie Hummel;;21;1;4;0;2;1;2;0;4;4;0;0;0;2;1;3;
Ronny Turiaf;;10;0;0;0;0;0;0;0;0;0;1;0;0;0;0;0;
Mo Williams;;17;1;6;0;2;0;0;0;2;2;4;1;0;3;2;2;
Glenn Robinson III;;8;0;0;0;0;1;2;1;0;1;0;0;0;0;0;1;
Corey Brewer;;19;6;10;0;2;6;9;0;1;1;2;4;0;1;0;18;
NO
Anthony Davis;PF;27;9;13;0;0;4;5;0;4;4;3;2;2;0;0;22;
Omer Asik;C;20;4;5;0;0;0;0;1;4;5;2;2;0;1;4;8;
Jrue Holiday;PG;28;9;10;2;2;4;4;0;0;0;9;0;0;1;1;24;
Eric Gordon;SG;21;4;4;2;2;1;1;0;2;2;2;1;0;0;4;11;
Tyreke Evans;SG;26;6;11;1;1;3;6;2;4;6;7;4;0;2;2;16;
Ryan Anderson;;23;6;15;4;8;0;0;0;6;6;1;0;0;1;2;16;
Darius Miller;;17;1;3;0;0;0;0;0;0;0;0;0;0;1;4;2;
Luke Babbitt;;22;4;4;4;4;0;0;0;3;3;2;1;0;1;4;12;
Jeff Withey;;5;1;1;0;0;0;0;0;0;0;0;0;0;0;0;2;
Alexis Ajinca;;13;1;2;0;0;0;0;0;5;5;1;1;0;2;2;2;
Jimmer Fredette;;13;3;7;1;2;0;0;0;0;0;1;0;0;1;2;7;
Austin Rivers;;25;8;9;1;1;0;0;0;3;3;3;2;1;3;5;17;
