12-22;POR-HOU;95-110;
33-37;20-36;23-23;19-14;
POR
Nicolas Batum;SF;24;1;3;0;1;0;0;0;2;2;3;0;0;1;1;2;
Joel Freeland;C;23;1;3;0;0;2;2;0;5;5;2;0;1;2;4;4;
Meyers Leonard;C;32;5;11;3;7;0;0;0;4;4;0;0;1;2;3;13;
Damian Lillard;PG;32;6;16;0;5;6;6;1;2;3;3;1;0;6;1;18;
Wesley Matthews;SG;26;5;10;3;5;1;1;1;2;3;2;0;0;0;4;14;
Thomas Robinson;;13;0;2;0;0;0;0;0;3;3;1;0;0;2;3;0;
Victor Claver;;4;1;1;0;0;0;0;0;2;2;0;0;0;1;0;2;
Allen Crabbe;;10;0;1;0;1;0;0;0;0;0;0;0;2;1;4;0;
Dorell Wright;;8;0;1;0;1;4;4;1;1;2;1;0;0;0;1;4;
Chris Kaman;;15;4;7;0;0;1;2;2;4;6;1;1;0;3;0;9;
Steve Blake;;15;3;6;2;4;0;0;0;0;0;1;1;0;3;2;8;
Will Barton;;12;2;6;0;0;0;0;0;2;2;2;3;0;0;0;4;
C.J. McCollum;;27;6;9;2;3;3;3;0;3;3;3;3;1;1;0;17;
HOU
Donatas Motiejunas;PF;27;4;9;1;3;1;2;2;6;8;1;0;1;3;3;10;
Trevor Ariza;SF;32;3;9;1;6;0;0;2;4;6;1;0;0;1;1;7;
Dwight Howard;C;33;7;11;0;0;2;2;1;12;13;4;1;0;2;2;16;
Patrick Beverley;PG;30;4;9;3;6;0;0;2;3;5;1;2;1;1;4;11;
James Harden;SG;32;14;26;4;9;12;13;0;3;3;7;5;0;1;2;44;
Tarik Black;;4;0;0;0;0;0;0;0;0;0;0;0;0;0;0;0;
Kostas Papanikolaou;;17;0;3;0;2;0;0;0;1;1;0;0;0;3;4;0;
Joey Dorsey;;9;1;1;0;0;0;2;0;1;1;1;1;0;0;2;2;
Isaiah Canaan;;4;0;1;0;1;0;0;0;0;0;0;0;0;0;0;0;
Alexey Shved;;11;1;4;1;2;0;0;0;1;1;1;0;0;1;0;3;
Jason Terry;;14;2;4;1;3;0;0;0;0;0;2;0;0;2;2;5;
Nick Johnson;;4;0;0;0;0;0;0;0;0;0;0;0;0;0;0;0;
Corey Brewer;;23;5;10;2;4;0;1;0;4;4;4;5;1;2;2;12;
