02-19;DAL-OKC;89-104;
19-25;17-27;29-31;24-21;
DAL
Dirk Nowitzki;PF;31;6;16;0;3;2;2;0;4;4;0;0;2;0;1;14;
Chandler Parsons;SF;36;3;12;2;5;0;0;1;6;7;2;1;0;3;2;8;
Tyson Chandler;C;33;4;10;0;0;2;3;7;6;13;0;0;0;2;3;10;
Rajon Rondo;PG;29;2;9;0;0;1;2;1;1;2;6;0;0;2;4;5;
Monta Ellis;SG;35;2;13;1;5;2;2;0;0;0;4;6;0;2;2;7;
Charlie Villanueva;;13;4;8;2;5;1;2;0;2;2;0;2;0;1;0;11;
Al-Farouq Aminu;;17;2;7;2;4;2;2;3;2;5;1;2;0;1;3;8;
Richard Jefferson;;7;1;1;0;0;0;0;0;1;1;0;0;0;2;1;2;
Bernard James;;8;1;1;0;0;2;2;1;1;2;0;0;1;0;1;4;
J.J. Barea;;14;3;6;1;2;0;0;1;1;2;2;1;0;1;0;7;
Devin Harris;;18;5;8;1;3;2;2;0;1;1;1;2;0;3;3;13;
OKC
Nick Collison;PF;26;1;7;0;2;0;0;4;5;9;1;1;0;2;2;2;
Serge Ibaka;PF;38;8;12;0;0;5;6;7;15;22;0;0;0;3;2;21;
Kevin Durant;SF;37;4;14;2;6;2;2;1;5;6;5;1;0;2;1;12;
Russell Westbrook;PG;36;9;17;2;4;14;14;2;3;5;10;2;0;6;3;34;
Andre Roberson;SG;15;2;9;0;2;0;2;6;6;12;1;0;0;2;2;4;
Mitch McGary;;18;2;5;0;0;0;2;0;3;3;0;1;0;3;3;4;
Perry Jones;;10;0;2;0;0;0;0;0;1;1;0;0;0;0;2;0;
Anthony Morrow;;29;7;13;2;5;0;0;1;1;2;0;2;0;2;2;16;
Jeremy Lamb;;5;1;3;1;2;0;0;0;1;1;0;0;0;0;0;3;
Dion Waiters;;27;4;9;0;1;0;0;0;1;1;3;1;0;2;3;8;
