02-21;PHX-CHI;107-112;
28-33;28-19;27-29;24-31;
PHX
Markieff Morris;PF;40;3;15;1;1;0;4;0;5;5;3;2;0;2;3;7;
P.J. Tucker;SF;26;8;13;4;7;0;0;2;4;6;1;3;0;1;4;20;
Alex Len;C;34;4;7;0;0;0;0;2;9;11;1;0;1;0;3;8;
Eric Bledsoe;PG;32;5;8;1;3;2;2;2;5;7;8;3;1;5;2;13;
Gerald Green;SG;11;4;7;2;3;0;0;0;1;1;3;0;0;0;0;10;
Marcus Morris;;33;8;15;1;5;0;0;0;2;2;1;0;0;1;1;17;
Brandan Wright;;22;3;3;0;0;1;2;1;2;3;2;2;0;0;1;7;
Brandon Knight;;25;6;12;1;5;0;0;0;0;0;5;0;0;3;1;13;
Archie Goodwin;;17;6;8;0;1;0;0;1;0;1;1;0;0;1;0;12;
CHI
Pau Gasol;PF;32;9;13;1;1;3;4;2;12;14;2;0;2;3;0;22;
Mike Dunleavy;SF;28;6;11;3;5;0;0;1;1;2;4;1;0;2;2;15;
Joakim Noah;C;36;1;5;0;0;1;2;6;6;12;8;1;1;2;1;3;
Derrick Rose;PG;25;5;12;1;3;5;5;0;4;4;5;1;0;1;4;16;
Jimmy Butler;SG;36;7;16;1;1;4;4;0;5;5;3;1;0;3;2;19;
Nikola Mirotic;;14;3;8;2;6;0;0;1;2;3;0;0;0;1;1;8;
Taj Gibson;;29;6;9;0;0;0;0;4;0;4;0;0;0;0;2;12;
Tony Snell;;18;2;4;1;2;0;0;0;2;2;0;1;0;1;0;5;
Aaron Brooks;;23;4;11;3;6;1;1;0;1;1;5;0;0;4;2;12;
