12-06;PHX-HOU;95-100;
18-35;23-25;26-20;28-20;
PHX
Markieff Morris;PF;31;2;14;0;2;0;0;2;5;7;2;2;0;2;6;4;
P.J. Tucker;SF;33;6;12;1;4;2;2;6;2;8;0;1;0;2;4;15;
Miles Plumlee;C;14;2;3;0;0;0;0;2;2;4;1;1;0;1;0;4;
Eric Bledsoe;PG;36;7;17;1;6;8;10;0;4;4;3;3;3;1;4;23;
Goran Dragic;SG;41;5;14;0;5;3;4;2;2;4;6;1;1;3;0;13;
Marcus Morris;;26;2;9;1;3;1;2;2;3;5;1;3;1;0;0;6;
Anthony Tolliver;;4;0;1;0;1;0;0;0;0;0;1;0;0;0;1;0;
T.J. Warren;;14;2;5;1;2;0;0;0;2;2;0;1;0;0;1;5;
Alex Len;;17;2;4;1;1;4;6;1;0;1;0;0;2;1;3;9;
Gerald Green;;24;6;14;2;4;2;2;1;4;5;2;2;1;2;1;16;
HOU
Donatas Motiejunas;PF;35;7;12;0;0;2;4;3;8;11;1;0;3;4;3;16;
Tarik Black;PF;17;3;5;0;0;0;0;8;2;10;1;0;0;1;5;6;
Trevor Ariza;SF;43;5;15;2;6;7;8;3;4;7;1;0;0;6;2;19;
Jason Terry;SG;39;5;9;3;3;0;0;0;2;2;2;2;0;2;3;13;
James Harden;SG;39;5;21;1;9;4;5;1;11;12;7;2;3;6;1;15;
Joey Dorsey;;10;2;2;0;0;0;0;1;2;3;0;0;0;0;2;4;
Patrick Beverley;;27;5;12;5;8;4;6;3;3;6;3;1;1;2;4;19;
Nick Johnson;;22;1;4;0;0;6;8;0;3;3;1;1;0;0;2;8;
Francisco Garcia;;9;0;1;0;1;0;0;0;3;3;0;1;0;1;1;0;
