11-07;WSH-TOR;84-103;
18-28;17-31;23-23;26-21;
WSH
Nene Hilario;PF;18;2;11;0;0;3;8;1;1;2;1;2;0;4;3;7;
Paul Pierce;SF;23;3;11;1;4;1;1;2;6;8;1;0;0;1;0;8;
Marcin Gortat;C;28;3;7;0;0;2;2;5;5;10;0;1;2;1;2;8;
John Wall;PG;30;3;13;0;3;2;2;1;2;3;7;0;0;2;3;8;
Garrett Temple;SG;29;0;6;0;5;3;4;0;2;2;3;2;1;0;3;3;
Kris Humphries;;15;3;7;0;1;5;7;1;4;5;1;0;1;1;2;11;
Drew Gooden;;11;2;3;0;0;1;2;2;4;6;0;0;0;1;0;5;
Otto Porter Jr.;;25;6;9;1;1;0;0;2;3;5;0;0;1;2;2;13;
Rasual Butler;;15;1;5;1;4;2;2;0;1;1;1;0;0;0;2;5;
DeJuan Blair;;5;1;1;0;0;0;0;0;1;1;0;0;0;1;3;2;
Kevin Seraphin;;18;2;4;0;0;0;0;1;3;4;2;0;0;0;3;4;
Andre Miller;;18;4;4;0;0;2;4;1;2;3;2;2;0;0;5;10;
Glen Rice Jr.;;4;0;2;0;1;0;0;0;0;0;1;0;0;0;1;0;
TOR
Amir Johnson;PF;21;3;7;0;0;0;0;0;7;7;2;0;2;1;4;6;
Terrence Ross;SF;29;7;15;4;6;0;0;2;3;5;1;0;0;3;4;18;
Jonas Valanciunas;C;29;3;5;0;0;3;5;1;8;9;0;0;1;0;3;9;
Kyle Lowry;PG;34;5;13;2;6;1;2;2;9;11;10;1;0;4;4;13;
DeMar DeRozan;SG;36;7;13;0;0;11;11;0;3;3;1;1;0;3;2;25;
Tyler Hansbrough;;14;1;3;0;0;3;4;2;1;3;1;0;0;1;3;5;
James Johnson;;17;2;3;1;2;0;0;0;2;2;0;1;0;0;2;5;
Patrick Patterson;;27;2;6;1;3;2;2;2;3;5;1;1;0;0;2;7;
Greivis Vasquez;;16;0;4;0;2;2;2;1;2;3;3;1;0;0;1;2;
Louis Williams;;16;5;11;1;3;2;5;0;1;1;0;0;0;1;2;13;
Landry Fields;;1;0;0;0;0;0;0;0;0;0;0;0;0;0;0;0;
