01-25;WSH-DEN;117-115;
28-26;31-33;24-25;22-21;12-10;
WSH
Nene Hilario;PF;30;7;9;0;0;0;0;0;5;5;1;2;0;5;5;14;
Paul Pierce;SF;33;4;9;1;2;10;14;0;3;3;3;0;1;2;0;19;
Marcin Gortat;C;28;3;7;0;0;1;2;2;9;11;2;1;0;2;3;7;
John Wall;PG;42;8;16;1;6;2;2;0;3;3;16;1;0;2;2;19;
Bradley Beal;SG;28;6;11;1;2;1;1;0;1;1;1;1;0;3;6;14;
Kris Humphries;;33;9;13;0;0;3;4;4;10;14;1;0;0;1;3;21;
Otto Porter Jr.;;2;0;1;0;0;0;0;0;0;0;1;0;0;0;0;0;
Martell Webster;;15;2;3;0;0;0;0;0;2;2;1;0;0;0;0;4;
Rasual Butler;;28;3;8;1;4;0;0;0;5;5;0;0;1;0;3;7;
Kevin Seraphin;;14;5;9;0;0;0;0;2;1;3;1;0;0;1;4;10;
Andre Miller;;11;1;4;0;0;0;0;2;1;3;2;0;0;1;1;2;
DEN
Kenneth Faried;PF;39;4;10;0;0;1;4;4;7;11;1;0;2;0;5;9;
Wilson Chandler;SF;38;8;19;4;9;0;0;5;4;9;1;1;1;1;4;20;
Jusuf Nurkic;C;19;2;6;0;0;2;2;1;8;9;2;1;0;1;4;6;
Ty Lawson;PG;42;10;20;3;5;8;8;2;1;3;12;3;0;2;1;31;
Arron Afflalo;SG;43;4;17;1;7;2;2;1;5;6;3;0;0;2;1;11;
Darrell Arthur;;29;6;15;0;2;0;0;1;1;2;0;0;0;0;3;12;
J.J. Hickson;;20;3;5;0;0;4;8;0;3;3;1;1;0;2;4;10;
Danilo Gallinari;;15;1;5;1;2;4;4;0;1;1;2;0;0;0;1;7;
Jameer Nelson;;14;3;4;3;4;0;0;0;1;1;4;1;0;1;1;9;
Randy Foye;;7;0;0;0;0;0;0;0;0;0;0;0;0;0;0;0;
