03-09;MEM-CHI;101-91;
22-22;19-17;32-26;28-26;
MEM
Zach Randolph;PF;30;7;12;0;1;2;3;2;7;9;1;0;0;1;4;16;
Jeff Green;SF;34;7;11;3;4;2;2;1;6;7;1;1;0;0;1;19;
Marc Gasol;C;37;10;16;0;0;3;3;0;4;4;4;0;2;4;2;23;
Mike Conley;PG;31;3;13;0;5;3;3;0;5;5;9;5;1;1;0;9;
Courtney Lee;SG;27;3;8;1;2;0;0;1;1;2;2;1;1;1;0;7;
JaMychal Green;;2;0;0;0;0;1;2;1;0;1;0;0;0;0;0;1;
Tony Allen;;28;5;8;0;0;1;2;1;1;2;0;3;0;0;2;11;
Kosta Koufos;;13;2;3;0;0;0;2;0;2;2;1;1;1;0;2;4;
Beno Udrih;;19;1;5;0;0;0;0;1;5;6;6;1;0;1;0;2;
Vince Carter;;13;4;6;1;2;0;0;0;2;2;0;1;0;2;0;9;
Nick Calathes;;6;0;2;0;0;0;0;0;0;0;1;0;0;1;1;0;
CHI
Pau Gasol;PF;31;6;14;0;0;1;1;1;10;11;4;0;1;1;4;13;
Mike Dunleavy;SF;28;2;7;1;6;0;0;0;2;2;1;1;1;2;0;5;
Tony Snell;SF;38;7;13;4;7;3;4;0;3;3;1;2;0;0;0;21;
Joakim Noah;C;31;1;4;0;0;1;2;3;5;8;6;1;0;3;3;3;
Aaron Brooks;PG;32;6;14;1;3;2;2;1;3;4;4;1;0;4;3;15;
Nikola Mirotic;;29;6;13;2;3;4;5;2;10;12;1;2;0;3;2;18;
Doug McDermott;;5;0;2;0;0;0;0;1;1;2;0;0;0;0;0;0;
Nazr Mohammed;;8;1;2;0;0;0;0;1;1;2;0;0;0;0;0;2;
Kirk Hinrich;;17;3;5;1;1;0;0;0;0;0;1;0;0;1;1;7;
E'Twaun Moore;;22;3;6;1;2;0;0;0;0;0;0;0;0;1;0;7;
