01-09;MIN-MIL;84-98;
22-19;16-34;20-19;26-26;
MIN
Thaddeus Young;SF;31;5;10;2;2;0;0;2;1;3;2;5;0;2;1;12;
Shabazz Muhammad;SF;21;4;9;0;2;4;5;0;2;2;2;0;0;2;1;12;
Andrew Wiggins;SF;39;6;17;1;3;7;9;2;5;7;5;2;0;0;3;20;
Gorgui Dieng;C;28;2;2;0;0;0;0;1;4;5;2;1;3;3;0;4;
Zach LaVine;PG;27;2;8;1;3;1;1;0;6;6;4;1;0;4;1;6;
Anthony Bennett;;21;3;6;1;2;0;0;2;6;8;4;2;0;1;2;7;
Chase Budinger;;28;4;10;1;4;0;0;3;1;4;2;0;0;4;1;9;
Robbie Hummel;;15;3;5;0;1;0;0;1;1;2;1;1;0;0;1;6;
Miroslav Raduljica;;9;2;4;0;0;0;0;1;1;2;0;0;0;0;2;4;
Glenn Robinson III;;4;0;0;0;0;2;2;0;0;0;0;0;0;0;1;2;
Troy Daniels;;17;1;8;0;5;0;0;1;0;1;0;1;0;3;1;2;
MIL
Johnny O'Bryant III;PF;12;2;5;0;0;0;1;0;0;0;0;0;0;1;0;4;
Giannis Antetokounmpo;SF;29;5;9;0;0;0;0;1;6;7;1;1;1;4;4;10;
Zaza Pachulia;C;24;4;8;0;0;0;0;5;4;9;3;2;0;2;1;8;
Brandon Knight;PG;23;5;10;2;3;2;2;0;0;0;4;2;0;5;2;14;
Khris Middleton;SG;26;3;8;2;5;2;2;1;6;7;2;2;0;1;3;10;
Kenyon Martin;;8;3;3;0;0;0;0;0;2;2;0;0;1;1;3;6;
Jared Dudley;;26;4;11;1;2;0;0;1;3;4;1;2;0;0;1;9;
John Henson;;21;4;6;0;0;4;5;1;1;2;1;0;2;1;2;12;
Kendall Marshall;;20;2;2;2;2;0;0;0;0;0;9;2;0;1;0;6;
Jerryd Bayless;;24;3;7;1;3;0;0;0;5;5;5;1;0;2;0;7;
O.J. Mayo;;28;4;6;4;4;0;0;0;3;3;4;1;0;4;5;12;
