11-09;ORL-BKN;96-104;
23-24;29-26;25-31;19-23;
ORL
Channing Frye;PF;33;5;8;3;4;0;0;0;4;4;3;0;0;3;3;13;
Tobias Harris;SF;35;4;13;0;1;3;4;0;3;3;2;1;1;3;2;11;
Nikola Vucevic;C;32;13;19;0;0;1;1;4;8;12;1;2;0;0;3;27;
Elfrid Payton;PG;29;1;5;0;0;0;0;0;0;0;6;2;0;5;2;2;
Evan Fournier;SG;33;6;9;2;2;5;8;0;1;1;5;0;0;3;3;19;
Aaron Gordon;;16;1;3;0;0;0;1;0;2;2;0;1;1;1;2;2;
Maurice Harkless;;15;1;3;0;2;1;2;0;4;4;0;0;0;0;3;3;
Luke Ridnour;;19;4;6;3;3;0;0;1;3;4;4;1;0;0;3;11;
Willie Green;;19;4;8;0;2;0;0;0;0;0;1;0;0;0;2;8;
Ben Gordon;;8;0;1;0;1;0;0;0;1;1;3;0;0;2;1;0;
BKN
Kevin Garnett;PF;28;3;9;0;0;2;2;2;6;8;7;1;0;2;4;8;
Joe Johnson;SF;32;5;14;1;3;2;3;0;5;5;4;1;0;3;3;13;
Brook Lopez;C;26;4;9;0;0;4;4;3;2;5;0;1;3;1;2;12;
Deron Williams;PG;41;7;12;0;1;4;4;0;4;4;7;2;0;2;3;18;
Bojan Bogdanovic;SG;32;9;12;2;3;2;2;4;2;6;1;2;0;1;2;22;
Mirza Teletovic;;20;3;8;1;6;0;0;0;4;4;3;0;0;2;2;7;
Mason Plumlee;;16;4;8;0;0;4;6;5;5;10;0;1;1;1;0;12;
Jarrett Jack;;23;3;6;0;0;0;0;0;2;2;1;2;1;0;1;6;
Alan Anderson;;22;2;5;0;1;2;2;0;1;1;0;0;0;2;4;6;
