11-24;IND-DAL;111-100;
25-24;30-26;30-28;26-22;
IND
Luis Scola;PF;34;4;11;1;3;5;6;2;9;11;2;2;1;2;4;14;
Solomon Hill;SF;33;4;8;0;2;4;4;2;4;6;3;1;0;2;3;12;
Ian Mahinmi;C;28;5;7;0;0;0;6;0;7;7;0;0;1;3;2;10;
Donald Sloan;PG;38;10;14;3;5;6;9;0;2;2;5;1;0;1;1;29;
Rodney Stuckey;PG;32;2;9;2;3;6;6;0;3;3;5;1;0;1;4;12;
Lavoy Allen;;20;1;2;0;0;1;2;3;7;10;1;0;1;1;1;3;
Chris Copeland;;14;4;10;3;4;0;0;0;1;1;0;0;0;0;4;11;
Damjan Rudez;;15;4;5;2;3;1;1;0;0;0;1;0;0;1;1;11;
A.J. Price;;10;1;4;1;3;0;0;1;1;2;1;0;0;1;1;3;
C.J. Miles;;17;2;7;1;3;1;2;0;2;2;2;1;1;0;0;6;
DAL
Dirk Nowitzki;PF;33;9;17;2;4;2;2;1;10;11;1;0;1;1;1;22;
Chandler Parsons;SF;35;6;13;3;6;1;2;0;3;3;1;2;1;1;6;16;
Tyson Chandler;C;31;2;3;0;0;2;4;4;5;9;1;0;1;0;4;6;
Jameer Nelson;PG;29;4;11;2;8;0;0;0;3;3;5;1;0;0;4;10;
Monta Ellis;SG;37;9;19;1;5;5;8;0;3;3;6;2;0;5;3;24;
Charlie Villanueva;;1;0;0;0;0;0;0;0;0;0;0;0;0;0;0;0;
Brandan Wright;;25;6;6;0;0;1;2;1;3;4;0;0;2;2;1;13;
Jae Crowder;;5;0;0;0;0;0;0;0;0;0;0;0;0;2;2;0;
Al-Farouq Aminu;;14;1;1;0;0;1;1;0;3;3;0;1;1;0;1;3;
J.J. Barea;;11;2;5;0;0;0;2;0;1;1;4;0;0;0;2;4;
Devin Harris;;19;1;5;0;1;0;0;0;0;0;3;0;0;1;4;2;
