01-11;PHX-MEM;110-122;
15-22;26-29;25-24;35-26;7-7;2-14;
PHX
Markieff Morris;PF;37;7;15;1;4;2;2;1;5;6;3;3;1;2;6;17;
P.J. Tucker;SF;35;4;9;2;6;1;2;0;6;6;1;3;1;3;5;11;
Alex Len;C;31;5;9;0;0;4;4;4;9;13;0;1;2;3;6;14;
Eric Bledsoe;PG;42;5;16;1;5;0;0;0;3;3;5;2;1;1;0;11;
Goran Dragic;SG;33;4;11;0;3;1;2;0;1;1;3;1;1;0;6;9;
Marcus Morris;;27;5;12;1;5;0;1;4;5;9;1;1;0;1;0;11;
Brandan Wright;;15;3;4;0;1;1;2;0;2;2;1;1;1;1;1;7;
Miles Plumlee;;10;0;0;0;0;1;2;0;5;5;0;0;0;1;0;1;
Isaiah Thomas;;41;7;16;2;7;4;4;0;0;0;3;1;0;7;1;20;
Gerald Green;;20;2;8;1;4;4;4;0;1;1;3;1;0;1;2;9;
MEM
Zach Randolph;PF;42;11;16;0;0;5;6;5;12;17;4;0;2;7;6;27;
Tony Allen;SF;41;5;11;0;0;2;2;2;4;6;2;2;1;1;1;12;
Marc Gasol;C;42;5;14;0;0;2;3;1;8;9;2;0;4;2;1;12;
Mike Conley;PG;42;9;18;4;7;3;3;0;7;7;8;1;0;7;1;25;
Courtney Lee;SG;44;7;13;2;5;2;4;0;2;2;2;2;0;1;2;18;
Jon Leuer;;11;1;2;0;0;1;2;0;6;6;1;0;0;1;2;3;
Kosta Koufos;;18;2;5;0;0;1;2;0;2;2;1;0;1;0;3;5;
Beno Udrih;;16;4;6;1;2;0;0;2;1;3;2;1;0;2;2;9;
Nick Calathes;;16;3;7;1;2;0;0;0;1;1;1;1;0;2;3;7;
Vince Carter;;17;1;8;1;5;1;2;1;0;1;1;0;0;1;4;4;
