12-03;PHI-MIN;85-77;
23-13;9-21;25-22;28-21;
PHI
Luc Richard Mbah a Moute;PF;28;4;9;0;1;4;5;2;7;9;1;1;0;1;1;12;
Henry Sims;C;25;4;8;0;0;2;3;2;4;6;1;1;0;2;2;10;
Nerlens Noel;C;25;4;8;0;0;0;0;0;3;3;0;2;1;1;4;8;
Michael Carter-Williams;PG;43;9;20;0;3;2;7;1;8;9;9;3;0;6;1;20;
Hollis Thompson;SG;30;1;6;0;4;1;2;0;3;3;1;2;0;2;3;3;
Brandon Davies;;10;0;1;0;0;0;0;2;0;2;0;1;0;2;2;0;
Jerami Grant;;9;1;3;0;0;1;2;1;3;4;0;0;2;0;1;3;
Robert Covington;;31;5;13;3;6;4;4;1;3;4;1;1;0;0;2;17;
JaKarr Sampson;;3;0;1;0;1;0;0;0;0;0;0;0;0;1;0;0;
K.J. McDaniels;;36;4;13;2;9;2;2;4;5;9;2;1;4;3;1;12;
MIN
Thaddeus Young;SF;36;6;16;0;1;4;4;2;4;6;1;1;1;4;1;16;
Andrew Wiggins;SF;30;4;12;1;1;2;2;1;4;5;1;2;1;0;3;11;
Gorgui Dieng;C;41;6;12;0;0;3;5;2;14;16;2;2;0;4;1;15;
Mo Williams;PG;39;5;14;2;8;2;2;2;4;6;7;1;0;5;5;14;
Corey Brewer;SG;39;3;11;0;2;1;2;2;2;4;4;2;0;4;3;7;
Anthony Bennett;;4;0;2;0;0;0;0;0;1;1;0;0;1;0;1;0;
Shabazz Muhammad;;17;2;5;0;0;0;0;1;4;5;0;0;1;0;1;4;
Chase Budinger;;5;0;3;0;2;0;0;0;2;2;0;0;0;0;1;0;
Robbie Hummel;;14;1;3;0;1;2;2;1;3;4;2;0;1;0;2;4;
Zach LaVine;;15;3;6;0;2;0;0;0;1;1;0;0;0;1;3;6;
