01-28;WSH-PHX;98-106;
17-29;22-27;27-24;32-26;
WSH
Kris Humphries;PF;33;4;8;0;0;3;4;6;9;15;1;0;0;2;1;11;
Paul Pierce;SF;24;3;11;1;4;2;4;1;3;4;1;0;0;3;1;9;
Marcin Gortat;C;34;6;12;0;0;2;4;2;6;8;0;0;0;0;2;14;
John Wall;PG;36;5;16;1;3;0;0;1;6;7;7;1;2;5;1;11;
Bradley Beal;SG;36;5;15;3;3;0;0;0;1;1;0;0;1;2;2;13;
Drew Gooden;;15;2;5;0;1;2;2;2;4;6;0;0;0;0;2;6;
Otto Porter Jr.;;24;5;8;3;4;1;2;1;0;1;2;0;0;0;1;14;
Rasual Butler;;4;0;2;0;1;0;0;0;0;0;0;0;0;1;1;0;
Martell Webster;;8;0;1;0;1;3;3;0;4;4;1;0;0;0;0;3;
Kevin Seraphin;;13;3;4;0;0;3;4;1;1;2;0;0;0;0;3;9;
Andre Miller;;5;1;1;0;0;0;0;1;1;2;0;0;0;0;1;2;
Garrett Temple;;7;3;5;0;1;0;0;0;0;0;1;1;0;0;1;6;
PHX
Markieff Morris;PF;36;7;17;0;2;2;2;1;6;7;4;0;0;1;1;16;
P.J. Tucker;SF;31;4;7;2;4;2;2;2;8;10;1;2;0;1;0;12;
Alex Len;C;25;4;7;0;0;0;0;0;2;2;0;0;1;1;4;8;
Eric Bledsoe;PG;37;3;9;1;4;1;1;1;4;5;6;2;0;3;2;8;
Goran Dragic;SG;36;8;15;2;4;2;4;1;2;3;2;2;0;1;2;20;
Brandan Wright;;17;6;7;0;0;1;1;1;4;5;0;1;1;0;3;13;
Marcus Morris;;18;2;6;2;5;0;0;0;3;3;2;2;0;0;3;6;
Miles Plumlee;;6;0;0;0;0;0;0;0;1;1;0;0;0;0;0;0;
Isaiah Thomas;;20;4;13;4;8;6;7;1;0;1;4;1;0;0;0;18;
Gerald Green;;14;2;7;0;2;1;1;0;4;4;4;0;0;2;1;5;
