11-17;NO-POR;93-102;
21-22;28-20;31-26;13-34;
NO
Anthony Davis;PF;38;14;20;0;2;3;4;4;7;11;3;3;3;0;3;31;
Alexis Ajinca;C;16;3;5;0;0;0;0;2;5;7;0;0;1;3;4;6;
Jrue Holiday;PG;39;5;19;0;3;4;4;4;3;7;2;3;0;1;2;14;
Eric Gordon;SG;35;4;6;2;2;1;2;0;3;3;1;1;0;1;3;11;
Tyreke Evans;SG;39;5;18;1;5;2;5;2;3;5;8;2;0;4;3;13;
Ryan Anderson;;36;5;11;2;6;0;0;1;2;3;1;0;0;1;3;12;
Darius Miller;;5;0;0;0;0;0;0;0;0;0;0;1;0;0;1;0;
Luke Babbitt;;10;0;0;0;0;0;0;0;2;2;0;1;0;0;0;0;
Jeff Withey;;7;1;1;0;0;0;0;0;1;1;1;0;0;1;3;2;
Austin Rivers;;16;1;5;0;1;2;4;0;2;2;0;0;0;0;1;4;
POR
LaMarcus Aldridge;PF;37;9;18;0;0;4;4;2;7;9;2;1;0;0;0;22;
Allen Crabbe;SF;21;1;3;1;2;0;0;0;2;2;1;0;0;2;2;3;
Robin Lopez;C;27;3;4;0;0;2;3;2;4;6;1;1;1;1;2;8;
Damian Lillard;PG;35;7;18;2;7;8;8;1;3;4;7;2;0;4;2;24;
Wesley Matthews;SG;36;7;13;2;6;0;3;1;4;5;2;0;0;3;5;16;
Joel Freeland;;11;0;1;0;0;2;2;1;2;3;0;0;0;1;2;2;
Chris Kaman;;21;7;10;0;0;1;1;2;8;10;0;1;0;3;4;15;
Steve Blake;;29;2;2;1;1;0;0;0;2;2;7;1;0;3;2;5;
C.J. McCollum;;18;2;5;1;3;2;2;1;1;2;0;1;0;1;1;7;
Will Barton;;6;0;2;0;0;0;0;0;0;0;0;0;0;0;1;0;
