12-27;ATL-MIL;90-85;
21-10;18-27;27-26;24-22;
ATL
Paul Millsap;PF;36;8;19;1;5;0;0;3;5;8;3;0;0;0;2;17;
DeMarre Carroll;SF;36;3;8;2;4;1;2;6;2;8;3;2;0;1;1;9;
Al Horford;C;33;8;20;0;0;4;6;2;7;9;4;2;2;0;2;20;
Jeff Teague;PG;37;7;14;1;4;10;10;1;7;8;7;1;0;2;3;25;
Kyle Korver;SG;34;2;9;2;7;0;1;0;4;4;4;1;0;3;3;6;
Mike Scott;;10;1;5;0;1;0;0;0;1;1;0;0;0;0;1;2;
Pero Antic;;16;1;5;1;3;0;0;3;2;5;1;0;1;2;3;3;
Thabo Sefolosha;;24;3;6;2;4;0;0;1;5;6;1;3;0;1;2;8;
Shelvin Mack;;6;0;1;0;0;0;0;0;1;1;2;0;1;1;0;0;
Dennis Schroder;;6;0;3;0;1;0;0;1;0;1;0;0;0;1;0;0;
MIL
Johnny O'Bryant III;PF;8;0;4;0;0;0;0;1;1;2;0;0;0;0;2;0;
Giannis Antetokounmpo;SF;19;2;5;0;0;1;2;3;2;5;0;0;2;4;4;5;
Zaza Pachulia;C;29;4;8;0;0;3;3;4;11;15;3;0;1;2;1;11;
Brandon Knight;PG;27;4;12;2;5;0;0;0;2;2;4;0;0;2;1;10;
Kendall Marshall;PG;15;1;5;1;4;0;0;0;1;1;0;0;0;2;0;3;
Jared Dudley;;32;3;8;1;3;2;3;2;3;5;3;2;0;1;3;9;
John Henson;;19;2;3;0;0;1;2;1;4;5;0;0;5;0;3;5;
Jerryd Bayless;;30;3;9;1;4;2;2;1;3;4;6;2;1;3;2;9;
Khris Middleton;;37;8;15;5;8;0;0;1;4;5;1;1;0;2;2;21;
O.J. Mayo;;24;4;11;2;6;2;2;0;3;3;4;0;1;3;0;12;
