12-12;ORL-ATL;81-87;
26-29;14-11;24-24;17-23;
ORL
Channing Frye;PF;37;2;6;2;6;2;3;1;8;9;1;0;1;2;4;8;
Kyle O'Quinn;PF;33;5;10;0;1;4;5;2;8;10;2;0;0;3;3;14;
Tobias Harris;SF;34;4;14;1;6;4;4;1;10;11;3;0;1;3;5;13;
Evan Fournier;SG;34;8;14;2;6;0;0;1;5;6;4;0;0;1;4;18;
Victor Oladipo;SG;34;8;12;3;3;2;4;0;2;2;1;1;0;3;5;21;
Devyn Marble;;0;0;0;0;0;0;0;0;0;0;0;0;0;0;0;0;
Dewayne Dedmon;;19;0;2;0;0;0;0;2;2;4;0;1;2;3;1;0;
Elfrid Payton;;21;1;5;0;0;0;0;1;0;1;2;0;0;2;2;2;
Willie Green;;10;0;8;0;2;0;0;1;2;3;0;0;0;1;2;0;
Ben Gordon;;18;2;6;1;2;0;0;0;0;0;1;1;0;0;1;5;
ATL
Paul Millsap;PF;33;7;15;3;5;6;10;1;7;8;2;1;0;2;2;23;
DeMarre Carroll;SF;32;3;11;1;6;5;5;0;2;2;3;0;0;1;4;12;
Al Horford;C;34;8;16;1;1;0;0;1;6;7;2;1;2;2;2;17;
Jeff Teague;PG;33;5;13;1;7;2;2;1;4;5;5;2;0;3;1;13;
Kyle Korver;SG;31;2;5;2;4;0;0;1;4;5;3;3;0;1;0;6;
Elton Brand;;12;0;0;0;0;1;2;0;2;2;0;1;0;1;1;1;
Mike Scott;;17;2;5;1;2;3;4;0;3;3;1;1;0;0;0;8;
Thabo Sefolosha;;22;1;4;0;2;0;0;1;2;3;1;0;1;0;1;2;
Shelvin Mack;;7;0;2;0;1;0;0;0;3;3;2;1;0;0;0;0;
Dennis Schroder;;19;1;7;0;1;3;4;0;4;4;5;2;0;2;1;5;
Kent Bazemore;;1;0;0;0;0;0;0;0;0;0;0;0;0;0;0;0;
