01-22;UTAH-MIL;101-99;
26-16;27-31;23-32;25-20;
UTAH
Gordon Hayward;SF;35;6;13;2;4;10;12;2;4;6;6;2;0;6;4;24;
Joe Ingles;SF;32;2;5;2;3;0;0;0;4;4;7;2;0;3;3;6;
Enes Kanter;C;36;8;15;1;2;6;6;3;13;16;0;2;1;2;1;23;
Rudy Gobert;C;35;5;7;0;0;4;6;4;6;10;1;1;1;3;1;14;
Dante Exum;SG;35;5;12;5;10;0;0;0;0;0;5;0;0;3;1;15;
Trevor Booker;;25;1;4;1;2;1;2;2;1;3;3;1;0;0;2;4;
Trey Burke;;24;4;11;2;7;0;0;0;2;2;2;0;0;3;1;10;
Elijah Millsap;;18;1;4;1;3;2;2;1;1;2;1;1;1;2;2;5;
MIL
Ersan Ilyasova;PF;17;3;6;1;1;0;0;0;1;1;1;2;1;1;1;7;
Giannis Antetokounmpo;SF;28;5;10;0;2;3;3;1;5;6;3;5;0;2;4;13;
Zaza Pachulia;C;31;4;14;0;0;2;2;8;2;10;3;0;0;2;2;10;
Brandon Knight;PG;27;6;16;0;2;4;5;1;1;2;5;1;1;0;2;16;
Khris Middleton;SG;29;3;6;1;1;0;0;0;3;3;0;1;0;0;3;7;
Kenyon Martin;;2;0;1;0;0;0;0;0;0;0;0;0;0;0;1;0;
Johnny O'Bryant III;;22;4;8;0;0;0;0;3;3;6;1;0;0;0;3;8;
Jared Dudley;;25;6;10;3;5;1;2;0;4;4;0;1;0;0;1;16;
John Henson;;15;2;4;0;0;0;0;1;3;4;0;0;1;2;3;4;
Jerryd Bayless;;21;3;7;0;1;0;0;0;2;2;9;0;1;2;2;6;
O.J. Mayo;;23;6;10;0;1;0;0;1;1;2;4;1;1;3;3;12;
