03-24;MIA-MIL;88-89;
27-22;24-27;28-16;9-24;
MIA
Udonis Haslem;PF;16;0;3;0;0;0;0;0;0;0;1;0;1;1;5;0;
Luol Deng;SF;35;5;12;2;3;1;2;0;4;4;2;0;0;0;2;13;
Hassan Whiteside;C;12;3;7;0;0;1;1;4;4;8;0;1;2;1;1;7;
Dwyane Wade;SG;31;7;14;1;3;6;7;0;2;2;4;3;0;5;1;21;
Goran Dragic;SG;40;7;12;1;3;1;3;0;3;3;6;2;0;3;2;16;
Chris Andersen;;26;2;4;0;0;0;0;2;4;6;2;0;1;3;1;4;
Henry Walker;;27;3;4;3;4;0;0;0;4;4;0;1;0;2;2;9;
Michael Beasley;;27;2;9;0;2;0;0;1;5;6;1;1;0;1;2;4;
Mario Chalmers;;27;4;10;1;4;5;5;1;0;1;2;3;0;2;4;14;
MIL
Ersan Ilyasova;PF;29;7;15;2;5;3;4;4;7;11;2;1;3;1;3;19;
Giannis Antetokounmpo;SF;39;6;10;0;0;4;4;1;9;10;2;0;3;6;4;16;
Zaza Pachulia;C;33;6;11;0;0;2;3;5;6;11;7;5;1;3;3;14;
Michael Carter-Williams;PG;26;1;4;0;1;2;2;0;3;3;4;0;0;6;6;4;
Khris Middleton;SG;39;5;17;2;8;1;2;1;3;4;2;0;0;2;2;13;
Miles Plumlee;;16;4;8;0;0;0;0;3;1;4;1;0;1;0;0;8;
John Henson;;12;2;5;0;0;1;2;3;0;3;1;0;0;0;2;5;
Tyler Ennis;;4;0;0;0;0;0;0;0;0;0;0;0;0;1;1;0;
Jerryd Bayless;;37;5;13;0;2;0;0;2;3;5;5;2;1;1;2;10;
O.J. Mayo;;6;0;4;0;1;0;0;1;1;2;1;0;0;0;0;0;
