12-10;BKN-CHI;80-105;
25-20;26-31;17-26;12-28;
BKN
Kevin Garnett;PF;26;6;15;0;0;1;1;3;4;7;2;2;0;0;3;13;
Mason Plumlee;C;28;3;11;0;0;2;5;5;3;8;2;0;3;3;5;8;
Deron Williams;PG;32;5;15;1;1;6;7;0;2;2;5;2;0;2;3;17;
Alan Anderson;SG;24;5;10;2;6;0;0;0;3;3;0;0;0;0;2;12;
Sergey Karasev;SG;31;3;8;0;3;0;0;1;5;6;1;1;0;1;5;6;
Cory Jefferson;;14;2;6;0;1;0;0;1;3;4;0;0;1;1;1;4;
Jerome Jordan;;29;3;7;0;0;4;4;4;2;6;0;1;1;0;3;10;
Jorge Gutierrez;;5;0;0;0;0;0;0;0;1;1;2;0;0;1;0;0;
Jarrett Jack;;30;1;8;0;2;5;6;1;5;6;4;0;0;1;1;7;
Markel Brown;;5;1;3;0;0;1;1;0;0;0;0;0;0;1;0;3;
Bojan Bogdanovic;;17;0;5;0;1;0;0;0;1;1;0;3;0;1;2;0;
CHI
Pau Gasol;PF;35;5;9;0;0;6;6;6;10;16;2;0;4;4;1;16;
Taj Gibson;PF;31;5;9;0;0;1;2;1;9;10;3;0;6;1;3;11;
Mike Dunleavy;SF;30;5;10;4;6;0;0;1;4;5;3;2;0;1;0;14;
Derrick Rose;PG;24;8;15;3;7;4;5;0;4;4;4;0;0;5;4;23;
Jimmy Butler;SG;35;6;10;0;1;6;10;2;3;5;2;1;0;1;0;18;
Nikola Mirotic;;21;3;9;1;4;3;6;1;5;6;1;0;1;2;4;10;
Cameron Bairstow;;9;0;3;0;0;0;0;2;0;2;0;1;0;0;1;0;
Tony Snell;;3;0;1;0;0;0;0;0;1;1;1;0;0;0;0;0;
Nazr Mohammed;;3;0;1;0;0;0;0;0;0;0;0;0;0;0;1;0;
Aaron Brooks;;15;2;4;0;1;3;3;0;3;3;3;1;0;1;2;7;
E'Twaun Moore;;3;0;2;0;0;0;0;2;0;2;0;1;0;0;0;0;
Kirk Hinrich;;31;3;6;0;3;0;0;0;3;3;2;0;0;0;2;6;
