12-29;SAC-BKN;99-107;
28-27;16-30;25-25;30-25;
SAC
Jason Thompson;PF;13;2;4;0;0;0;0;1;0;1;0;0;0;1;4;4;
Rudy Gay;SF;38;9;21;1;3;6;6;4;5;9;5;2;0;1;2;25;
DeMarcus Cousins;C;37;9;12;0;0;6;9;3;10;13;4;1;2;5;4;24;
Darren Collison;PG;31;5;7;2;2;4;5;0;3;3;8;0;0;4;5;16;
Ben McLemore;SG;32;4;9;3;7;0;0;0;2;2;2;1;0;2;4;11;
Derrick Williams;;8;1;3;0;1;0;0;0;0;0;0;1;0;1;0;2;
Carl Landry;;12;3;3;0;0;0;0;0;1;1;0;0;0;0;1;6;
Omri Casspi;;20;1;5;1;2;0;0;1;4;5;1;0;0;0;1;3;
Reggie Evans;;8;0;2;0;0;0;0;2;3;5;0;0;0;2;1;0;
Ryan Hollins;;7;0;0;0;0;0;0;0;1;1;0;0;1;1;1;0;
Ray McCallum;;17;0;5;0;3;0;0;0;4;4;1;0;0;3;0;0;
Nik Stauskas;;17;3;5;2;2;0;0;0;0;0;1;0;0;1;3;8;
BKN
Kevin Garnett;PF;21;5;10;0;0;0;0;1;7;8;2;4;0;0;3;10;
Joe Johnson;SF;34;6;13;2;6;2;2;1;1;2;6;1;0;0;0;16;
Mason Plumlee;C;33;6;7;0;0;10;16;3;1;4;1;3;1;3;2;22;
Jarrett Jack;PG;32;4;12;1;1;7;8;1;2;3;2;1;0;2;2;16;
Sergey Karasev;SG;30;1;5;1;3;2;4;3;2;5;3;2;0;1;1;5;
Mirza Teletovic;;29;4;11;3;7;0;0;0;7;7;0;0;1;3;4;11;
Brook Lopez;;12;5;10;0;0;1;1;2;4;6;0;0;0;0;5;11;
Deron Williams;;17;2;6;0;2;2;2;0;0;0;3;0;0;0;0;6;
Bojan Bogdanovic;;7;2;3;0;1;0;0;1;1;2;0;0;0;0;0;4;
Alan Anderson;;25;1;3;1;1;3;6;2;1;3;3;1;1;0;1;6;
