12-23;NO-IND;84-96;
26-24;14-20;21-26;23-26;
NO
Anthony Davis;PF;37;8;18;0;0;5;6;1;8;9;0;0;1;1;2;21;
Luke Babbitt;SF;21;3;5;3;5;1;2;0;2;2;1;0;0;2;0;10;
Omer Asik;C;22;3;6;0;0;0;2;5;4;9;1;0;0;1;4;6;
Jrue Holiday;PG;32;7;21;0;5;2;2;1;4;5;5;0;0;3;4;16;
Tyreke Evans;SG;37;6;13;0;2;2;3;0;11;11;4;3;0;2;1;14;
Dante Cunningham;;23;2;5;0;0;0;0;1;2;3;0;0;0;0;0;4;
Ryan Anderson;;29;1;8;0;6;2;2;1;2;3;0;0;0;1;6;4;
John Salmons;;10;1;1;1;1;0;0;0;0;0;1;1;0;0;0;3;
Alexis Ajinca;;11;1;1;0;0;0;0;0;2;2;1;0;1;2;1;2;
Austin Rivers;;18;1;5;0;1;2;2;0;2;2;2;0;0;3;0;4;
IND
David West;PF;31;6;8;0;0;1;2;0;7;7;5;2;2;4;1;13;
Solomon Hill;SF;35;6;11;1;3;0;0;0;1;1;0;1;0;1;4;13;
Roy Hibbert;C;23;5;10;0;0;4;6;0;4;4;2;0;7;0;3;14;
Rodney Stuckey;PG;32;2;6;1;1;1;2;0;5;5;4;1;1;1;4;6;
C.J. Watson;PG;28;5;10;0;3;0;0;0;2;2;3;1;0;0;2;10;
Luis Scola;;17;2;7;0;0;2;2;2;0;2;3;1;0;0;1;6;
Lavoy Allen;;25;4;5;0;0;0;0;1;6;7;2;0;1;0;0;8;
George Hill;;21;5;8;2;3;3;4;0;4;4;3;1;0;2;2;15;
C.J. Miles;;27;4;13;1;5;2;2;0;6;6;2;2;1;1;2;11;
