04-05;UTAH-SAC;101-95;
31-27;18-22;27-24;25-22;
UTAH
Derrick Favors;PF;16;5;11;0;0;1;1;3;2;5;0;2;1;0;1;11;
Gordon Hayward;SF;20;2;11;1;3;0;0;0;5;5;3;0;0;3;0;5;
Rudy Gobert;C;38;5;7;0;0;0;0;3;6;9;3;1;2;3;4;10;
Rodney Hood;SG;34;9;17;1;6;6;7;0;3;3;2;4;0;0;4;25;
Dante Exum;SG;36;3;7;2;5;0;1;0;1;1;6;1;0;4;3;8;
Trevor Booker;;27;4;9;0;1;0;0;3;6;9;2;0;2;0;2;8;
Joe Ingles;;21;3;5;2;4;0;0;0;3;3;0;0;0;1;1;8;
Jeremy Evans;;8;4;6;0;0;2;2;2;0;2;0;1;1;1;0;10;
Chris Johnson;;11;1;4;1;2;0;0;0;0;0;0;2;0;1;2;3;
Jack Cooley;;6;0;1;0;0;0;2;2;3;5;0;0;0;0;2;0;
Bryce Cotton;;13;2;4;1;2;3;4;1;3;4;2;0;0;3;1;8;
Elijah Millsap;;10;2;5;0;1;1;1;0;1;1;0;0;0;2;4;5;
SAC
Carl Landry;PF;14;3;6;0;0;0;0;2;0;2;1;1;0;0;1;6;
Omri Casspi;SF;30;5;10;1;3;3;4;0;5;5;0;1;0;2;4;14;
DeMarcus Cousins;C;35;11;22;0;0;4;9;4;8;12;4;1;1;8;2;26;
Ray McCallum;PG;33;3;13;1;3;1;2;1;4;5;7;4;0;1;2;8;
Ben McLemore;SG;38;8;12;2;3;2;2;1;4;5;4;4;0;3;5;20;
Derrick Williams;;26;4;7;1;3;0;1;0;0;0;0;2;0;1;1;9;
Jason Thompson;;32;2;4;0;0;2;2;2;7;9;2;0;1;2;4;6;
Andre Miller;;15;1;2;0;1;0;2;0;4;4;1;0;1;3;1;2;
Nik Stauskas;;16;1;3;0;2;2;2;1;0;1;1;0;0;0;0;4;
