01-27;TOR-IND;104-91;
21-28;29-16;27-24;27-23;
TOR
Amir Johnson;PF;23;3;5;0;0;0;2;1;3;4;2;2;2;1;2;6;
Jonas Valanciunas;C;27;1;2;0;0;4;4;1;7;8;0;0;1;1;5;6;
Kyle Lowry;PG;34;8;17;3;7;0;0;1;6;7;8;0;0;1;4;19;
Greivis Vasquez;PG;28;2;6;1;4;2;2;0;4;4;4;0;0;1;4;7;
DeMar DeRozan;SG;33;7;15;0;1;10;13;1;5;6;2;2;0;4;4;24;
Tyler Hansbrough;;21;1;1;0;0;2;2;1;3;4;0;2;1;0;2;4;
Patrick Patterson;;24;4;7;2;3;3;4;1;2;3;3;2;1;0;1;13;
Terrence Ross;;19;5;10;1;4;0;0;2;4;6;1;0;0;2;3;11;
Greg Stiemsma;;1;0;0;0;0;0;0;0;0;0;0;0;0;0;0;0;
Louis Williams;;29;3;10;2;7;6;7;0;0;0;1;1;1;0;2;14;
IND
David West;PF;36;5;11;0;0;1;2;3;5;8;5;0;1;2;1;11;
Solomon Hill;SF;36;5;9;3;4;2;2;0;3;3;1;2;0;0;4;15;
Roy Hibbert;C;25;4;9;0;0;3;4;2;7;9;1;0;2;2;4;11;
Rodney Stuckey;PG;39;8;16;0;2;6;7;1;6;7;2;0;0;3;3;22;
C.J. Watson;PG;29;3;11;1;3;0;0;0;1;1;4;0;0;1;3;7;
Luis Scola;;12;1;4;0;0;0;0;2;3;5;1;1;0;2;1;2;
Lavoy Allen;;4;1;2;0;0;1;2;0;1;1;1;0;0;0;0;3;
Chris Copeland;;1;0;0;0;0;0;0;0;0;0;0;0;0;0;0;0;
Damjan Rudez;;16;2;5;1;4;0;0;0;1;1;2;0;0;2;1;5;
Ian Mahinmi;;18;0;1;0;0;2;4;2;4;6;2;0;0;1;3;2;
George Hill;;20;5;14;2;5;1;2;1;1;2;3;1;0;1;1;13;
Donald Sloan;;4;0;0;0;0;0;0;0;0;0;0;0;0;0;1;0;
