12-10;PHI-ATL;79-95;
21-25;17-22;20-21;21-27;
PHI
Luc Richard Mbah a Moute;PF;29;5;9;2;4;0;1;0;2;2;0;5;1;1;1;12;
Henry Sims;C;13;0;3;0;0;1;2;0;4;4;0;0;0;1;0;1;
Nerlens Noel;C;34;3;7;0;0;2;4;0;5;5;3;0;3;2;3;8;
Michael Carter-Williams;PG;38;4;7;0;1;0;0;2;8;10;9;0;2;9;4;8;
Hollis Thompson;SG;36;3;7;1;3;1;1;1;4;5;4;0;0;0;0;8;
Jerami Grant;;16;5;7;0;1;0;2;1;2;3;1;1;1;0;1;10;
Robert Covington;;26;3;11;2;6;1;2;1;4;5;0;1;1;3;3;9;
Alexey Shved;;16;4;8;0;3;5;6;0;0;0;2;1;0;0;1;13;
JaKarr Sampson;;7;0;1;0;0;0;0;1;0;1;0;0;0;1;2;0;
Malcolm Lee;;2;0;1;0;0;0;0;0;0;0;0;0;0;0;0;0;
K.J. McDaniels;;23;3;11;1;7;3;4;1;3;4;2;2;2;1;3;10;
ATL
Paul Millsap;PF;34;7;13;1;3;2;2;1;7;8;3;1;0;3;4;17;
DeMarre Carroll;SF;26;5;12;2;5;2;3;6;5;11;3;3;0;0;0;14;
Al Horford;C;27;5;12;0;0;1;2;1;6;7;1;1;0;0;1;11;
Jeff Teague;PG;25;1;5;0;2;2;2;1;0;1;6;2;0;2;2;4;
Kyle Korver;SG;28;6;11;5;7;0;0;0;2;2;2;3;1;2;1;17;
Mike Muscala;;19;6;8;0;0;0;0;5;2;7;3;1;0;1;1;12;
Pero Antic;;13;2;6;1;4;0;0;0;0;0;0;0;0;2;1;5;
Thabo Sefolosha;;20;0;4;0;2;0;0;1;8;9;4;0;0;1;1;0;
Shelvin Mack;;20;2;7;1;5;1;2;1;1;2;1;0;0;3;1;6;
Dennis Schroder;;21;2;9;0;2;1;2;0;4;4;3;4;0;0;1;5;
John Jenkins;;3;0;1;0;0;0;0;0;0;0;0;0;0;0;2;0;
Kent Bazemore;;5;2;3;0;0;0;0;0;1;1;0;0;0;0;1;4;
