01-28;LAC-UTAH;94-89;
24-26;25-24;19-22;26-17;
LAC
Blake Griffin;PF;38;7;17;0;1;3;6;3;4;7;3;1;1;3;3;17;
Matt Barnes;SF;41;5;12;2;6;2;2;1;4;5;1;1;1;1;3;14;
DeAndre Jordan;C;35;4;6;0;0;1;5;3;9;12;0;0;3;1;4;9;
Chris Paul;PG;35;8;16;1;6;4;5;1;4;5;6;1;0;2;2;21;
Jamal Crawford;SG;40;5;14;4;7;7;7;1;2;3;0;2;0;1;2;21;
Glen Davis;;9;0;0;0;0;0;0;0;2;2;1;2;0;0;3;0;
Spencer Hawes;;14;0;2;0;2;0;0;0;1;1;0;0;1;0;1;0;
Hedo Turkoglu;;5;0;1;0;0;0;0;1;0;1;1;0;0;0;0;0;
Austin Rivers;;22;5;8;2;4;0;0;0;1;1;1;0;0;0;1;12;
Dahntay Jones;;1;0;0;0;0;0;0;0;0;0;0;0;0;0;1;0;
UTAH
Derrick Favors;PF;31;8;13;0;0;2;4;5;4;9;0;0;2;2;4;18;
Gordon Hayward;SF;38;4;13;0;5;3;4;0;4;4;5;0;2;1;2;11;
Joe Ingles;SF;35;3;7;2;5;2;2;2;3;5;7;1;0;2;2;10;
Enes Kanter;C;36;8;16;0;1;5;7;3;8;11;1;0;1;0;3;21;
Dante Exum;SG;26;1;6;1;5;0;0;0;1;1;1;0;0;0;0;3;
Trevor Booker;;19;4;6;0;1;0;0;4;5;9;0;0;0;3;1;8;
Rudy Gobert;;10;3;5;0;0;1;2;1;2;3;0;0;1;0;3;7;
Trey Burke;;31;4;15;2;7;1;1;1;3;4;1;1;0;1;1;11;
Elijah Millsap;;15;0;0;0;0;0;0;0;1;1;2;0;0;0;2;0;
