03-27;SAC-NO;88-102;
20-18;22-28;24-28;22-28;
SAC
Rudy Gay;SF;37;7;18;1;5;3;4;2;2;4;2;1;1;3;3;18;
Omri Casspi;SF;24;4;8;2;2;0;0;0;1;1;2;0;0;0;2;10;
DeMarcus Cousins;C;41;16;28;0;0;7;12;8;12;20;2;1;3;3;3;39;
Ray McCallum;PG;34;1;4;0;1;0;0;0;2;2;5;1;0;1;1;2;
Ben McLemore;SG;31;2;9;2;4;1;2;0;4;4;1;1;0;0;1;7;
Derrick Williams;;16;1;4;1;1;0;0;0;0;0;1;0;0;0;0;3;
Jason Thompson;;20;0;0;0;0;0;0;0;5;5;0;0;0;0;1;0;
Reggie Evans;;5;0;0;0;0;0;0;0;0;0;0;0;0;0;0;0;
Andre Miller;;14;2;4;0;1;0;0;0;0;0;0;0;0;3;2;4;
Nik Stauskas;;19;2;4;1;1;0;0;0;1;1;1;1;0;1;1;5;
NO
Anthony Davis;PF;41;11;26;0;0;2;3;2;7;9;2;1;6;2;3;24;
Omer Asik;C;36;1;2;0;0;2;4;3;9;12;0;0;1;2;1;4;
Eric Gordon;SG;20;2;6;0;3;0;0;0;0;0;3;0;0;2;3;4;
Tyreke Evans;SG;33;10;15;2;4;3;5;1;2;3;10;1;0;3;3;25;
Quincy Pondexter;SG;35;6;11;4;8;0;0;0;5;5;2;2;0;2;1;16;
Dante Cunningham;;26;3;5;0;0;0;0;0;8;8;1;0;1;0;1;6;
Luke Babbitt;;2;0;2;0;0;0;0;1;0;1;0;0;0;0;0;0;
Alexis Ajinca;;12;3;5;0;0;0;0;5;2;7;0;1;1;1;4;6;
Norris Cole;;23;5;8;2;3;0;0;0;1;1;2;0;0;0;0;12;
Toney Douglas;;13;2;4;1;2;0;0;0;1;1;5;0;0;0;0;5;
