01-13;MIA-LAL;78-75;
22-12;22-22;17-19;17-22;
MIA
Chris Andersen;PF;27;5;6;0;0;2;2;1;7;8;1;0;3;0;0;12;
Luol Deng;SF;37;4;13;0;2;0;0;2;6;8;0;1;0;2;1;8;
Chris Bosh;C;38;4;17;0;4;0;0;2;6;8;4;2;1;4;0;8;
Mario Chalmers;PG;34;7;16;0;3;5;7;0;3;3;8;2;0;2;3;19;
Dwyane Wade;SG;15;2;5;0;0;0;0;0;5;5;5;0;0;1;0;4;
Danny Granger;;24;0;3;0;1;2;2;0;4;4;0;1;0;3;5;2;
Shawne Williams;;3;1;1;1;1;0;0;0;2;2;0;0;0;1;1;3;
James Ennis;;10;0;1;0;1;0;0;0;1;1;0;1;0;2;1;0;
Hassan Whiteside;;21;7;9;0;0;1;2;3;6;9;0;0;5;0;4;15;
Norris Cole;;19;3;6;1;3;0;2;0;2;2;4;0;1;3;1;7;
Shabazz Napier;;12;0;1;0;1;0;0;1;1;2;1;0;1;0;0;0;
LAL
Ed Davis;PF;23;6;7;0;0;0;0;4;4;8;0;0;1;2;1;12;
Wesley Johnson;SF;28;3;13;0;5;0;0;0;4;4;1;0;2;0;1;6;
Jordan Hill;C;22;5;12;0;0;2;4;3;3;6;0;0;0;1;1;12;
Ronnie Price;PG;32;0;4;0;2;0;0;0;2;2;3;2;0;2;3;0;
Kobe Bryant;SG;31;3;19;2;9;4;4;0;6;6;7;1;0;2;0;12;
Carlos Boozer;;23;1;8;0;0;0;0;0;6;6;0;2;0;1;1;2;
Ryan Kelly;;22;3;3;1;1;0;0;0;2;2;2;1;0;0;0;7;
Tarik Black;;22;3;8;0;0;3;6;6;3;9;2;2;0;1;2;9;
Nick Young;;20;2;11;1;4;3;3;0;1;1;3;1;0;2;2;8;
Jeremy Lin;;16;3;7;0;2;1;1;0;2;2;2;1;0;1;3;7;
