03-25;LAL-MIN;101-99;
24-15;25-28;24-23;17-24;11-9;
LAL
Ryan Kelly;PF;37;4;13;1;8;2;2;1;7;8;2;1;1;0;1;11;
Tarik Black;PF;30;5;6;0;0;1;2;3;4;7;0;0;2;1;4;11;
Wesley Johnson;SF;21;3;6;0;2;0;0;1;2;3;1;1;0;1;1;6;
Jeremy Lin;PG;29;6;14;1;5;6;6;1;2;3;5;1;0;3;2;19;
Jordan Clarkson;PG;38;6;16;0;1;8;8;3;2;5;5;2;1;6;5;20;
Ed Davis;;22;7;9;0;0;0;0;3;6;9;0;1;0;2;3;14;
Robert Sacre;;16;2;5;0;0;0;0;1;1;2;2;0;0;1;2;4;
Jabari Brown;;32;3;4;3;3;0;0;0;4;4;3;1;0;1;1;9;
Wayne Ellington;;39;3;19;1;7;0;0;1;6;7;3;1;0;1;4;7;
MIN
Adreian Payne;PF;27;2;6;0;1;1;2;0;5;5;0;0;0;1;2;5;
Andrew Wiggins;SF;49;8;16;1;2;10;11;3;3;6;4;2;2;2;1;27;
Gorgui Dieng;C;33;4;6;0;0;2;2;1;2;3;1;1;2;6;5;10;
Lorenzo Brown;PG;35;4;9;0;2;0;0;1;8;9;1;3;0;1;5;8;
Zach LaVine;PG;48;5;18;1;5;7;8;1;5;6;5;0;0;4;2;18;
Chase Budinger;;40;9;14;3;6;1;1;3;3;6;1;1;1;3;1;22;
Justin Hamilton;;9;0;2;0;0;4;4;0;4;4;0;0;0;0;0;4;
Sean Kilpatrick;;24;1;7;1;6;2;2;0;1;1;2;1;0;0;0;5;
