11-30;TOR-LAL;122-129;
24-27;25-31;31-23;29-28;13-20;
TOR
Amir Johnson;PF;22;3;5;0;0;0;0;1;3;4;4;0;2;1;4;6;
Terrence Ross;SF;38;8;12;4;7;0;0;1;4;5;1;0;0;1;3;20;
Jonas Valanciunas;C;33;4;10;0;0;1;2;2;11;13;1;0;3;1;1;9;
Kyle Lowry;PG;41;10;28;1;8;8;12;2;4;6;9;3;0;2;6;29;
Greivis Vasquez;PG;34;8;16;1;5;2;4;0;0;0;5;1;0;0;1;19;
Tyler Hansbrough;;9;0;1;0;0;0;0;1;3;4;1;1;0;1;3;0;
James Johnson;;22;3;5;0;1;2;2;1;3;4;0;0;0;1;6;8;
Patrick Patterson;;34;3;8;0;4;4;4;5;8;13;3;0;1;0;1;10;
Chuck Hayes;;5;1;2;0;0;0;0;1;1;2;0;0;0;0;1;2;
Louis Williams;;26;5;17;3;9;6;7;0;2;2;1;1;0;1;2;19;
Landry Fields;;0;0;0;0;0;0;0;0;0;0;0;0;0;0;0;0;
LAL
Carlos Boozer;PF;30;9;15;0;0;0;0;2;7;9;2;0;0;2;2;18;
Wesley Johnson;SF;27;5;11;1;5;2;2;0;2;2;1;1;1;0;3;13;
Jordan Hill;C;34;6;11;0;0;4;5;5;7;12;1;0;3;0;3;16;
Jeremy Lin;PG;35;3;11;1;5;4;4;0;3;3;3;2;0;0;4;11;
Kobe Bryant;SG;42;11;24;0;1;9;13;1;10;11;12;0;1;2;2;31;
Ed Davis;;18;0;0;0;0;1;2;1;5;6;0;0;0;0;1;1;
Nick Young;;31;6;11;5;8;3;5;0;4;4;0;0;0;4;2;20;
Robert Sacre;;19;2;4;0;0;2;3;3;3;6;0;0;2;1;0;6;
Ronnie Price;;18;1;2;1;1;0;0;0;0;0;4;1;0;1;3;3;
Wayne Ellington;;11;4;7;2;4;0;0;0;1;1;1;0;0;0;1;10;
