01-28;DAL-HOU;94-99;
25-24;28-30;25-27;16-18;
DAL
Dirk Nowitzki;PF;31;4;11;2;4;4;4;0;5;5;1;0;0;1;2;14;
Chandler Parsons;SF;36;8;13;5;8;0;0;1;2;3;2;1;0;4;2;21;
Tyson Chandler;C;32;4;8;0;0;0;2;6;9;15;1;2;0;3;0;8;
Rajon Rondo;PG;34;0;7;0;2;0;0;0;5;5;6;1;1;5;1;0;
Monta Ellis;SG;39;14;23;1;5;4;4;0;4;4;5;1;0;3;2;33;
Dwight Powell;;9;2;3;0;0;0;0;2;0;2;0;0;0;0;1;4;
Charlie Villanueva;;7;0;3;0;1;0;0;0;3;3;0;1;0;0;0;0;
Al-Farouq Aminu;;29;2;7;2;3;4;4;1;6;7;0;3;6;2;2;10;
J.J. Barea;;9;1;3;0;1;2;2;0;2;2;1;0;0;2;3;4;
Devin Harris;;13;0;4;0;1;0;0;0;0;0;0;1;0;3;3;0;
HOU
Donatas Motiejunas;PF;34;6;16;2;4;2;2;3;2;5;1;1;0;1;3;16;
Trevor Ariza;SF;35;5;10;3;6;0;0;0;2;2;1;1;0;3;0;13;
Joey Dorsey;C;13;0;2;0;0;0;0;3;1;4;1;1;0;1;2;0;
Patrick Beverley;PG;31;2;9;0;6;2;2;0;4;4;4;0;0;1;2;6;
James Harden;SG;38;7;14;1;3;2;3;1;4;5;8;4;0;4;5;17;
Terrence Jones;;21;4;8;1;2;1;2;0;5;5;1;0;2;0;2;10;
Josh Smith;;28;7;13;4;5;0;0;1;5;6;2;1;3;2;2;18;
Corey Brewer;;24;4;13;2;8;4;4;1;3;4;0;4;0;2;1;14;
Jason Terry;;17;1;3;1;1;2;2;2;2;4;3;2;2;2;2;5;
