12-26;BKN-BOS;109-107;
28-29;28-27;23-30;30-21;
BKN
Kevin Garnett;PF;17;3;5;0;0;0;0;1;3;4;1;0;0;1;0;6;
Joe Johnson;SF;35;4;13;0;3;1;2;1;1;2;1;0;0;1;0;9;
Mason Plumlee;C;36;6;7;0;0;2;6;3;9;12;3;0;1;4;2;14;
Jarrett Jack;PG;34;8;14;1;2;10;10;0;7;7;5;3;1;4;1;27;
Sergey Karasev;SG;26;3;7;1;2;0;0;4;1;5;2;1;0;1;2;7;
Mirza Teletovic;;22;4;11;2;5;1;2;1;3;4;0;2;1;1;1;11;
Brook Lopez;;14;4;7;0;0;0;0;1;0;1;0;0;0;1;1;8;
Deron Williams;;21;2;6;0;2;4;6;1;3;4;4;0;0;1;1;8;
Bojan Bogdanovic;;12;2;6;0;3;0;0;0;3;3;1;1;0;1;1;4;
Alan Anderson;;25;5;7;3;4;2;2;1;0;1;2;2;0;0;1;15;
BOS
Jared Sullinger;PF;32;8;16;2;5;1;1;2;6;8;2;0;0;1;2;19;
Jeff Green;SF;34;10;18;1;5;1;2;0;3;3;5;0;0;0;3;22;
Tyler Zeller;C;24;6;9;0;0;2;2;2;7;9;1;1;1;2;1;14;
Avery Bradley;PG;32;7;14;3;5;0;0;0;4;4;2;1;0;1;3;17;
Marcus Smart;PG;31;2;6;1;3;0;0;1;2;3;6;4;0;3;5;5;
Brandan Wright;;6;2;3;0;0;0;0;0;1;1;1;1;0;3;1;4;
Brandon Bass;;4;2;2;0;0;0;0;0;0;0;0;0;0;0;0;4;
Jae Crowder;;16;1;4;0;2;1;1;0;1;1;0;0;0;1;0;3;
Gerald Wallace;;0;0;0;0;0;0;0;0;0;0;0;0;0;0;0;0;
Kelly Olynyk;;24;5;8;0;2;1;2;0;3;3;1;0;2;1;3;11;
Jameer Nelson;;17;1;3;1;1;2;3;0;3;3;8;0;0;0;2;5;
Evan Turner;;21;1;4;1;1;0;0;0;2;2;6;1;0;2;3;3;
