12-07;OKC-DET;96-94;
25-33;23-22;29-20;19-19;
OKC
Serge Ibaka;PF;33;6;13;0;2;1;1;6;7;13;0;0;4;1;3;13;
Kevin Durant;SF;29;10;19;1;4;7;8;0;4;4;4;1;0;2;2;28;
Steven Adams;C;17;1;4;0;0;1;2;0;1;1;0;0;2;3;2;3;
Russell Westbrook;PG;35;9;19;1;3;3;6;1;10;11;7;0;0;4;1;22;
Andre Roberson;SG;15;2;3;0;1;0;0;2;0;2;0;2;0;0;1;4;
Nick Collison;;15;0;3;0;2;0;0;4;1;5;4;0;1;1;4;0;
Kendrick Perkins;;22;1;4;0;0;0;0;2;5;7;2;1;0;2;4;2;
Reggie Jackson;;28;2;9;0;3;0;0;1;4;5;2;0;0;1;2;4;
Anthony Morrow;;23;3;5;2;2;0;0;0;0;0;0;1;0;1;2;8;
Jeremy Lamb;;22;5;8;2;4;0;0;0;2;2;1;0;0;0;3;12;
DET
Josh Smith;SF;22;5;13;1;2;1;4;0;5;5;2;0;0;1;4;12;
Kyle Singler;SF;35;3;8;2;6;2;2;0;2;2;1;2;0;2;3;10;
Andre Drummond;C;32;7;12;0;0;2;4;3;6;9;0;2;1;0;4;16;
Brandon Jennings;PG;29;3;6;0;1;0;0;0;3;3;9;0;0;1;0;6;
Kentavious Caldwell-Pope;SG;33;6;12;1;5;6;7;1;2;3;5;1;0;3;4;19;
Jonas Jerebko;;17;4;9;1;3;0;0;2;2;4;1;0;0;0;2;9;
Greg Monroe;;24;3;7;0;0;6;9;2;6;8;2;0;0;4;2;12;
Cartier Martin;;16;0;4;0;2;0;0;0;1;1;2;0;0;0;1;0;
Caron Butler;;13;1;2;1;2;0;0;0;1;1;2;0;0;1;1;3;
D.J. Augustin;;19;2;3;1;2;2;2;0;3;3;1;0;0;0;0;7;
