03-10;DET-LAL;85-93;
20-25;30-24;11-18;24-26;
DET
Greg Monroe;PF;39;10;14;0;0;4;8;5;5;10;2;2;2;1;3;24;
Tayshaun Prince;SF;22;2;5;0;2;1;2;0;1;1;1;1;0;0;0;5;
Andre Drummond;C;32;7;12;0;0;0;0;6;15;21;0;1;2;1;1;14;
Reggie Jackson;PG;22;1;9;0;4;0;0;0;2;2;3;0;0;5;3;2;
Kentavious Caldwell-Pope;SG;36;5;14;4;10;1;1;0;2;2;2;0;1;1;3;15;
Anthony Tolliver;;22;1;7;1;6;2;2;1;1;2;1;0;2;0;1;5;
Caron Butler;;10;0;2;0;1;2;2;0;0;0;0;2;0;0;2;2;
Shawne Williams;;4;1;2;0;1;0;0;0;0;0;0;1;0;0;0;2;
Spencer Dinwiddie;;19;1;6;0;3;2;2;0;2;2;6;1;1;1;6;4;
John Lucas III;;7;0;3;0;2;0;0;0;0;0;2;0;0;0;1;0;
Jodie Meeks;;28;4;10;3;6;1;2;0;2;2;3;2;0;3;3;12;
LAL
Tarik Black;PF;22;5;9;0;0;0;0;4;4;8;0;0;0;0;1;10;
Wesley Johnson;SF;33;2;6;1;3;8;8;0;3;3;1;2;0;2;2;13;
Jordan Hill;C;30;7;15;0;0;2;2;1;2;3;2;0;0;1;0;16;
Jordan Clarkson;PG;28;4;12;0;4;2;2;2;2;4;8;1;0;1;4;10;
Wayne Ellington;SG;40;5;12;1;4;0;0;1;4;5;3;2;0;3;1;11;
Carlos Boozer;;27;2;6;0;0;0;0;0;10;10;1;0;0;2;4;4;
Ed Davis;;18;6;8;0;0;1;2;2;4;6;1;1;0;0;4;13;
Ryan Kelly;;15;0;3;0;1;4;4;0;0;0;2;1;0;0;0;4;
Jeremy Lin;;28;1;4;1;1;9;12;0;7;7;5;1;1;2;1;12;
