12-09;SA-UTAH;96-100;
22-21;21-23;29-34;24-22;
SA
Tim Duncan;PF;36;10;16;0;0;3;4;4;10;14;2;3;4;2;2;23;
Kawhi Leonard;SF;36;7;13;0;1;2;5;2;3;5;5;5;0;2;3;16;
Matt Bonner;C;21;2;7;1;3;0;0;0;3;3;2;0;1;0;2;5;
Cory Joseph;PG;30;3;6;0;0;1;2;0;0;0;0;0;2;0;1;7;
Danny Green;SG;29;6;10;1;5;0;0;0;1;1;1;1;0;1;4;13;
Marco Belinelli;;23;5;9;0;2;3;5;1;3;4;0;0;0;3;2;13;
Aron Baynes;;12;1;1;0;0;0;0;2;4;6;0;0;1;0;5;2;
Boris Diaw;;26;2;5;1;3;2;2;1;2;3;5;1;0;1;2;7;
Manu Ginobili;;28;3;17;1;6;3;5;1;0;1;8;2;0;4;0;10;
UTAH
Derrick Favors;PF;33;10;20;0;0;1;1;3;5;8;2;1;2;2;4;21;
Gordon Hayward;SF;36;7;13;0;2;6;9;0;7;7;4;1;0;5;3;20;
Enes Kanter;C;31;6;9;0;0;0;0;4;11;15;0;0;1;2;2;12;
Trey Burke;PG;32;3;9;1;3;1;2;0;1;1;2;1;0;3;1;8;
Alec Burks;PG;30;5;11;1;2;3;4;0;3;3;4;0;0;1;3;14;
Trevor Booker;;16;3;5;0;1;0;0;0;4;4;1;0;2;2;3;6;
Joe Ingles;;15;0;1;0;1;0;0;0;2;2;1;2;0;0;2;0;
Rudy Gobert;;15;2;2;0;0;2;2;1;1;2;1;0;2;2;2;6;
Rodney Hood;;16;2;5;0;2;3;4;0;0;0;1;0;0;0;2;7;
Dante Exum;;16;2;5;2;3;0;0;0;1;1;2;0;0;1;1;6;
