01-23;HOU-PHX;113-111;
32-24;28-28;27-25;26-34;
HOU
Donatas Motiejunas;PF;23;7;11;0;0;1;2;2;4;6;0;1;0;1;4;15;
Trevor Ariza;SF;36;5;10;1;4;0;0;2;4;6;4;0;0;2;0;11;
Dwight Howard;C;8;2;2;1;1;0;0;0;3;3;1;0;0;0;0;5;
Patrick Beverley;PG;34;5;13;4;7;0;0;1;3;4;4;0;1;0;2;14;
James Harden;SG;40;8;18;3;6;14;17;0;6;6;10;3;1;3;4;33;
Kostas Papanikolaou;;17;0;4;0;4;0;0;0;4;4;2;0;1;0;3;0;
Josh Smith;;26;7;11;0;2;0;1;0;3;3;3;0;2;6;1;14;
Joey Dorsey;;20;2;2;0;0;0;0;0;6;6;0;2;1;1;5;4;
Jason Terry;;15;1;1;1;1;0;0;0;0;0;0;0;0;1;0;3;
Corey Brewer;;21;7;12;0;2;0;0;1;2;3;0;1;0;0;2;14;
PHX
Markieff Morris;PF;24;9;14;0;0;3;4;2;2;4;1;1;0;3;4;21;
P.J. Tucker;SF;29;2;7;0;3;2;2;2;3;5;3;0;0;0;3;6;
Alex Len;C;24;2;3;0;0;0;2;3;8;11;0;0;2;0;1;4;
Eric Bledsoe;PG;39;8;14;1;4;8;10;1;7;8;9;0;1;3;5;25;
Goran Dragic;SG;18;1;5;0;2;0;2;0;0;0;2;0;0;0;0;2;
Brandan Wright;;15;1;4;0;0;0;0;1;1;2;0;1;2;0;1;2;
Marcus Morris;;24;5;9;2;3;0;0;1;5;6;2;2;0;1;4;12;
Miles Plumlee;;6;1;1;0;0;0;0;0;1;1;0;0;1;0;1;2;
Isaiah Thomas;;38;7;20;4;9;4;4;1;4;5;4;0;0;5;2;22;
Gerald Green;;23;6;14;3;9;0;0;2;0;2;0;0;0;0;2;15;
