11-12;ORL-NY;97-95;
31-27;25-23;18-26;23-19;
ORL
Channing Frye;PF;38;4;11;1;4;0;0;0;6;6;1;0;1;0;1;9;
Tobias Harris;SF;34;4;11;1;2;3;5;1;4;5;1;0;0;2;3;12;
Nikola Vucevic;C;39;8;15;0;0;4;4;2;11;13;2;0;0;3;4;20;
Elfrid Payton;PG;23;0;2;0;0;0;0;0;3;3;8;0;0;1;1;0;
Evan Fournier;SG;37;8;14;2;4;10;14;1;1;2;2;4;0;2;3;28;
Aaron Gordon;;14;1;1;1;1;4;4;0;1;1;0;0;0;1;2;7;
Andrew Nicholson;;19;3;9;0;0;2;2;0;2;2;1;0;0;1;2;8;
Luke Ridnour;;25;3;5;0;0;2;3;0;4;4;5;0;0;0;2;8;
Willie Green;;11;2;2;1;1;0;0;0;1;1;0;0;0;0;1;5;
NY
Carmelo Anthony;SF;32;10;17;2;4;5;6;1;4;5;1;1;1;1;5;27;
Quincy Acy;SF;20;1;1;0;0;0;0;2;2;4;1;0;0;2;4;2;
Samuel Dalembert;C;27;1;3;0;0;0;0;2;5;7;4;0;5;0;0;2;
Shane Larkin;PG;17;2;5;1;1;4;4;0;1;1;2;0;0;0;2;9;
Iman Shumpert;SG;26;5;10;0;2;0;0;2;6;8;3;0;0;1;6;10;
Jason Smith;;24;5;12;0;0;0;0;0;4;4;2;0;0;1;1;10;
Cleanthony Early;;0;0;0;0;0;0;0;0;0;0;0;0;0;0;0;0;
Travis Wear;;5;0;2;0;0;0;0;1;0;1;0;0;0;0;2;0;
Amar'e Stoudemire;;19;4;9;0;0;0;0;2;1;3;0;0;0;0;3;8;
Pablo Prigioni;;21;2;3;2;3;0;0;0;2;2;0;1;0;1;0;6;
Tim Hardaway Jr.;;18;1;8;0;5;0;0;0;1;1;1;0;0;0;2;2;
J.R. Smith;;30;6;16;3;8;4;4;1;3;4;3;0;0;1;2;19;
