12-23;LAC-ATL;104-107;
25-31;32-19;26-31;21-26;
LAC
Blake Griffin;PF;36;9;17;0;1;3;4;1;7;8;11;1;1;2;3;21;
Matt Barnes;SF;21;1;6;1;4;3;4;0;2;2;2;1;0;1;3;6;
DeAndre Jordan;C;39;7;11;0;0;1;4;11;11;22;1;0;4;2;5;15;
Chris Paul;PG;39;7;18;3;7;2;2;2;4;6;7;5;0;3;2;19;
J.J. Redick;SG;34;6;11;3;6;3;5;0;1;1;0;0;0;1;2;18;
Glen Davis;;9;0;2;0;0;2;4;1;2;3;0;0;0;0;3;2;
Hedo Turkoglu;;9;1;3;0;1;0;0;0;1;1;0;1;0;1;1;2;
Jordan Farmar;;11;1;4;1;2;0;0;0;0;0;2;1;0;0;1;3;
Reggie Bullock;;11;0;1;0;1;0;0;0;1;1;0;0;0;0;2;0;
Jamal Crawford;;30;5;19;3;7;5;5;1;6;7;3;1;0;0;1;18;
ATL
Paul Millsap;PF;34;4;12;1;4;8;9;1;8;9;7;1;1;2;3;17;
DeMarre Carroll;SF;37;9;12;5;6;2;3;3;7;10;0;1;0;0;3;25;
Al Horford;C;35;7;18;0;1;6;8;2;3;5;4;0;0;2;3;20;
Dennis Schroder;PG;24;2;8;0;0;1;2;0;2;2;4;1;0;4;3;5;
Kyle Korver;SG;37;4;9;4;7;2;2;1;2;3;4;0;0;1;3;14;
Elton Brand;;17;1;2;0;0;1;2;2;4;6;0;2;2;2;3;3;
Mike Scott;;10;1;1;0;0;3;4;0;2;2;0;0;0;0;0;5;
Thabo Sefolosha;;19;3;5;1;2;2;2;0;3;3;3;1;0;2;2;9;
Jeff Teague;;24;3;8;1;3;2;3;0;2;2;6;0;0;1;0;9;
Kent Bazemore;;3;0;1;0;0;0;0;0;1;1;0;0;0;0;1;0;
