03-25;LAC-NY;111-80;
28-17;35-16;27-21;21-26;
LAC
Blake Griffin;PF;27;3;8;0;1;8;11;0;6;6;3;1;0;2;2;14;
Matt Barnes;SF;27;4;10;3;7;0;0;0;6;6;1;0;0;1;3;11;
DeAndre Jordan;C;28;7;7;0;0;0;2;3;7;10;1;1;5;0;1;14;
Chris Paul;PG;28;5;8;1;2;0;0;2;1;3;16;4;0;5;1;11;
J.J. Redick;SG;22;7;11;2;4;1;1;1;0;1;2;0;0;1;0;17;
Ekpe Udoh;;7;0;1;0;0;0;0;0;0;0;1;1;1;0;1;0;
Glen Davis;;20;2;3;0;0;1;2;0;4;4;1;0;0;1;3;5;
Spencer Hawes;;15;3;6;1;3;0;0;0;3;3;0;0;0;2;2;7;
Hedo Turkoglu;;13;0;4;0;3;0;0;0;3;3;0;1;0;0;1;0;
Dahntay Jones;;7;1;2;0;0;0;0;0;0;0;0;0;0;0;1;2;
Jordan Hamilton;;20;1;4;1;4;0;0;0;3;3;3;1;0;1;0;3;
Austin Rivers;;19;9;10;1;1;2;2;0;0;0;3;2;0;0;1;21;
C.J. Wilcox;;8;2;4;2;3;0;0;0;0;0;0;1;1;2;1;6;
NY
Lou Amundson;PF;15;0;3;0;0;0;0;0;1;1;0;0;0;0;1;0;
Lance Thomas;SF;28;6;15;0;0;2;2;2;2;4;2;0;0;1;0;14;
Andrea Bargnani;C;19;2;7;0;1;2;2;0;1;1;0;0;0;0;3;6;
Langston Galloway;PG;40;5;13;0;3;1;1;0;2;2;3;1;0;3;1;11;
Shane Larkin;PG;30;1;2;0;1;0;0;0;3;3;2;1;0;1;1;2;
Jason Smith;;23;2;8;0;4;4;4;2;6;8;4;1;1;1;1;8;
Cleanthony Early;;25;5;12;2;6;6;6;1;3;4;1;1;0;4;0;18;
Quincy Acy;;18;3;4;1;1;1;2;0;2;2;0;1;2;2;2;8;
Cole Aldrich;;15;0;4;0;0;1;2;2;4;6;1;2;0;1;3;1;
Ricky Ledo;;26;5;14;2;7;0;0;0;3;3;1;1;0;7;3;12;
