03-29;DAL-IND;99-104;
27-33;34-22;18-23;20-26;
DAL
Dirk Nowitzki;PF;34;7;13;1;1;4;5;0;5;5;0;0;0;2;3;19;
Richard Jefferson;SF;16;2;6;0;1;0;0;0;0;0;2;0;0;1;3;4;
Chandler Parsons;SF;37;11;20;2;4;3;5;1;9;10;1;0;1;3;4;27;
Tyson Chandler;C;28;1;5;0;0;0;0;2;9;11;2;1;1;0;3;2;
Rajon Rondo;PG;38;8;14;0;0;1;1;3;4;7;10;2;1;2;2;17;
Charlie Villanueva;;12;1;5;1;3;0;0;0;2;2;1;0;0;0;2;3;
Al-Farouq Aminu;;15;1;4;0;1;1;2;1;1;2;0;1;0;0;2;3;
Amar'e Stoudemire;;19;5;12;0;1;1;2;1;1;2;0;1;0;0;3;11;
Devin Harris;;27;1;5;1;2;1;2;1;1;2;3;0;0;1;2;4;
Raymond Felton;;14;3;6;1;2;2;2;0;0;0;1;0;0;3;1;9;
IND
David West;PF;28;4;7;0;0;2;2;0;5;5;5;2;2;4;2;10;
Solomon Hill;SF;14;1;2;0;0;0;0;0;1;1;6;0;0;2;4;2;
Roy Hibbert;C;25;5;10;0;0;4;4;0;7;7;2;0;1;1;3;14;
George Hill;PG;36;6;12;2;5;0;0;0;4;4;5;0;1;1;0;14;
C.J. Miles;SG;28;9;12;5;6;5;6;0;4;4;1;1;0;2;2;28;
Luis Scola;;22;3;6;0;0;2;4;1;4;5;0;1;0;1;4;8;
Lavoy Allen;;3;1;3;0;0;0;0;1;2;3;0;0;1;1;2;2;
Damjan Rudez;;12;2;2;2;2;0;0;1;1;2;0;0;0;1;1;6;
Ian Mahinmi;;17;1;3;0;0;1;4;1;3;4;1;2;1;1;3;3;
Rodney Stuckey;;30;4;14;1;2;1;2;0;5;5;2;0;0;0;0;10;
C.J. Watson;;24;2;5;0;2;3;4;0;3;3;1;0;0;1;4;7;
