04-03;POR-LAL;107-77;
26-12;26-27;22-24;33-14;
POR
LaMarcus Aldridge;PF;29;7;15;0;2;0;0;2;6;8;1;0;1;2;0;14;
Nicolas Batum;SF;27;3;9;1;5;0;0;1;9;10;4;0;0;1;1;7;
Robin Lopez;C;25;4;4;0;0;2;2;0;4;4;0;0;2;1;1;10;
Damian Lillard;PG;28;8;15;4;8;0;0;0;3;3;5;2;0;2;2;20;
Arron Afflalo;SG;32;5;15;3;5;4;4;0;1;1;1;1;0;0;1;17;
Allen Crabbe;;5;0;1;0;1;0;0;0;1;1;0;0;0;0;1;0;
Alonzo Gee;;5;2;6;0;1;0;0;1;0;1;0;0;1;0;0;4;
Meyers Leonard;;19;0;1;0;0;0;0;0;11;11;2;0;1;0;3;0;
Joel Freeland;;7;2;2;0;0;0;0;0;3;3;0;0;1;0;0;4;
Chris Kaman;;16;1;3;0;0;0;0;0;4;4;0;0;0;0;0;2;
Tim Frazier;;5;1;1;0;0;0;0;1;0;1;0;2;0;1;1;2;
Steve Blake;;15;0;0;0;0;0;0;0;0;0;5;0;0;1;1;0;
C.J. McCollum;;27;10;16;2;4;5;5;1;5;6;3;2;0;0;3;27;
LAL
Ryan Kelly;PF;38;2;6;0;2;0;0;0;3;3;2;1;2;4;2;4;
Tarik Black;PF;27;5;10;0;0;0;0;1;3;4;1;1;1;0;1;10;
Wesley Johnson;SF;38;5;14;0;2;1;2;3;12;15;1;0;1;0;1;11;
Jeremy Lin;PG;25;1;9;0;1;2;4;0;5;5;0;0;1;1;3;4;
Jordan Clarkson;PG;35;12;20;2;4;1;2;1;6;7;5;0;0;2;1;27;
Ed Davis;;12;1;3;0;0;0;0;0;1;1;0;1;0;0;0;2;
Carlos Boozer;;9;0;4;0;0;0;0;0;1;1;1;1;0;1;0;0;
Robert Sacre;;12;0;2;0;0;0;0;1;1;2;1;0;1;0;0;0;
Jordan Hill;;9;0;1;0;0;0;0;0;1;1;1;0;0;0;0;0;
Dwight Buycks;;7;3;4;2;2;0;0;0;1;1;1;0;0;2;0;8;
Jabari Brown;;30;2;9;1;3;6;9;0;3;3;0;0;0;1;2;11;
