12-25;WSH-NY;102-91;
34-23;26-21;24-26;18-21;
WSH
Nene Hilario;PF;24;6;8;0;0;0;1;1;1;2;1;1;0;1;3;12;
Paul Pierce;SF;23;1;5;1;3;0;0;0;4;4;2;0;0;0;2;3;
Marcin Gortat;C;30;4;10;0;0;2;2;2;7;9;0;1;2;1;0;10;
John Wall;PG;36;10;17;1;2;3;4;1;5;6;11;1;0;3;1;24;
Bradley Beal;SG;36;7;16;2;5;1;1;2;3;5;5;1;0;2;2;17;
Kris Humphries;;29;7;9;0;0;0;0;1;5;6;2;0;1;0;3;14;
Drew Gooden;;1;0;0;0;0;0;0;0;0;0;0;0;0;0;0;0;
Otto Porter Jr.;;12;1;5;0;0;0;0;2;0;2;0;0;0;1;2;2;
Rasual Butler;;25;4;7;3;6;0;0;3;3;6;1;0;0;0;2;11;
Kevin Seraphin;;11;4;8;0;0;0;0;1;0;1;0;0;0;0;2;8;
Andre Miller;;12;0;0;0;0;1;2;0;4;4;3;0;0;2;3;1;
Garrett Temple;;1;0;1;0;0;0;0;0;0;0;0;0;0;0;0;0;
NY
Carmelo Anthony;SF;43;13;28;0;6;8;10;3;0;3;2;0;0;3;0;34;
Samuel Dalembert;C;12;1;3;0;0;0;0;0;4;4;0;0;0;2;2;2;
Amar'e Stoudemire;C;22;2;6;0;0;2;4;0;7;7;0;1;1;0;1;6;
Jose Calderon;PG;36;5;14;2;7;4;4;0;4;4;4;0;0;0;0;16;
Tim Hardaway Jr.;SG;31;3;10;1;6;1;1;0;3;3;2;1;1;1;2;8;
Jason Smith;;24;2;5;0;0;0;0;1;2;3;2;1;1;1;2;4;
Quincy Acy;;12;2;3;0;0;0;0;0;2;2;1;0;0;0;2;4;
Travis Wear;;4;0;0;0;0;0;0;0;1;1;1;0;0;0;0;0;
Cole Aldrich;;22;5;6;0;0;0;0;1;3;4;2;0;1;0;2;10;
Shane Larkin;;12;2;2;1;1;0;0;0;1;1;0;1;0;0;1;5;
Pablo Prigioni;;24;1;3;0;2;0;0;1;3;4;3;1;0;0;3;2;
