12-18;NO-HOU;99-90;
21-22;25-17;19-29;34-22;
NO
Anthony Davis;PF;41;10;17;0;0;10;12;1;13;14;3;2;5;1;0;30;
Luke Babbitt;SF;14;3;4;3;4;0;0;0;1;1;0;0;0;0;1;9;
Omer Asik;C;28;1;3;0;0;0;0;3;8;11;1;0;0;3;3;2;
Jrue Holiday;PG;38;8;19;0;2;0;1;1;2;3;10;2;2;4;3;16;
Austin Rivers;SG;35;4;10;0;2;2;2;1;0;1;6;0;0;2;5;10;
Dante Cunningham;;34;6;10;1;1;2;2;2;3;5;0;0;1;0;1;15;
Ryan Anderson;;30;6;11;1;3;3;3;3;3;6;1;0;0;1;3;16;
John Salmons;;14;0;7;0;5;0;0;1;1;2;0;0;0;0;1;0;
Jeff Withey;;2;0;0;0;0;1;2;0;1;1;0;0;0;1;0;1;
Jimmer Fredette;;3;0;1;0;1;0;0;0;1;1;0;0;0;0;0;0;
HOU
Donatas Motiejunas;PF;23;4;13;0;2;1;1;3;1;4;2;0;0;1;2;9;
Trevor Ariza;SF;40;4;12;0;4;2;2;2;6;8;1;4;0;0;2;10;
Dwight Howard;C;35;7;15;0;0;3;5;2;11;13;2;0;3;3;4;17;
Patrick Beverley;PG;37;2;8;1;7;4;4;1;2;3;4;3;1;2;4;9;
James Harden;SG;34;8;23;2;7;3;5;2;5;7;5;0;0;4;4;21;
Tarik Black;;9;1;1;0;0;3;4;1;1;2;0;1;0;0;1;5;
Kostas Papanikolaou;;23;1;4;0;0;2;2;0;2;2;4;0;0;0;0;4;
Joey Dorsey;;12;1;3;0;0;0;0;1;0;1;0;0;0;0;1;2;
Isaiah Canaan;;11;2;3;0;1;0;0;0;0;0;1;0;0;1;0;4;
Troy Daniels;;16;3;4;3;4;0;0;0;3;3;0;0;0;0;0;9;
