11-10;SA-LAC;89-85;
14-20;25-22;25-28;25-15;
SA
Tim Duncan;PF;36;6;14;0;0;6;8;2;9;11;3;0;1;1;3;18;
Kawhi Leonard;SF;37;10;18;1;3;5;5;5;5;10;3;3;1;1;4;26;
Matt Bonner;C;23;2;10;1;7;0;0;1;0;1;2;1;0;1;4;5;
Tony Parker;PG;34;3;13;0;1;7;9;0;2;2;5;1;0;1;0;13;
Danny Green;SG;25;1;5;0;3;0;0;1;3;4;0;1;0;2;0;2;
Kyle Anderson;;7;0;0;0;0;0;0;0;0;0;0;0;0;0;0;0;
Aron Baynes;;12;3;4;0;0;1;1;1;1;2;0;0;0;1;2;7;
Boris Diaw;;25;4;7;0;1;0;0;0;2;2;3;3;1;0;0;8;
Cory Joseph;;16;0;4;0;2;0;0;0;3;3;1;2;0;0;1;0;
Manu Ginobili;;25;4;8;0;2;2;4;0;4;4;3;0;1;1;3;10;
LAC
Blake Griffin;PF;37;9;17;0;0;5;7;3;7;10;6;1;0;3;3;23;
DeAndre Jordan;C;37;3;5;0;0;0;0;3;10;13;0;2;5;1;2;6;
Chris Paul;PG;39;6;13;0;3;0;0;0;10;10;9;1;0;4;4;12;
Jamal Crawford;SG;38;3;13;1;7;3;3;0;1;1;3;1;0;3;3;10;
J.J. Redick;SG;36;4;10;2;6;3;3;1;1;2;4;0;0;2;0;13;
Glen Davis;;4;2;4;0;0;0;0;1;2;3;0;0;0;0;1;4;
Spencer Hawes;;14;4;6;0;2;1;2;0;2;2;1;0;1;1;2;9;
Hedo Turkoglu;;4;0;0;0;0;0;0;0;1;1;0;0;0;1;0;0;
Matt Barnes;;21;2;4;2;3;2;2;0;2;2;0;0;1;0;4;8;
Jordan Farmar;;10;0;1;0;1;0;0;0;0;0;3;0;1;0;0;0;
Jared Cunningham;;0;0;1;0;0;0;0;0;0;0;0;1;0;0;1;0;
