04-05;GS-SA;92-107;
17-31;21-26;29-32;25-18;
GS
Harrison Barnes;SF;28;2;7;0;3;0;0;0;2;2;0;0;1;0;3;4;
Draymond Green;SF;27;2;11;0;3;2;4;3;4;7;6;1;0;1;1;6;
Andrew Bogut;C;19;5;7;0;0;0;0;3;4;7;2;0;1;2;2;10;
Stephen Curry;PG;30;9;17;5;10;1;2;0;4;4;6;1;0;4;2;24;
Klay Thompson;SG;24;3;11;0;3;0;0;0;0;0;2;1;0;1;1;6;
David Lee;;14;2;5;0;0;1;2;1;5;6;2;0;0;1;0;5;
James Michael McAdoo;;9;1;2;0;0;0;0;0;2;2;0;0;0;0;0;2;
Festus Ezeli;;12;2;4;0;0;1;2;2;2;4;0;0;0;0;0;5;
Marreese Speights;;11;0;3;0;0;0;0;0;2;2;1;0;0;0;0;0;
Justin Holiday;;18;3;6;2;4;0;0;0;1;1;1;0;0;0;1;8;
Leandro Barbosa;;24;6;9;0;1;0;0;0;2;2;4;0;0;1;2;12;
Andre Iguodala;;25;4;9;2;4;0;0;1;1;2;1;1;0;0;1;10;
SA
Tim Duncan;PF;24;6;7;0;0;7;8;2;5;7;2;0;0;2;1;19;
Kawhi Leonard;SF;24;11;17;1;2;3;4;0;5;5;3;7;0;1;1;26;
Matt Bonner;C;24;1;3;0;2;0;0;0;4;4;1;0;0;0;1;2;
Tony Parker;PG;23;4;9;0;1;0;0;0;1;1;5;0;0;3;2;8;
Danny Green;SG;29;7;10;4;6;0;0;0;6;6;3;0;3;1;1;18;
Jeff Ayres;;7;0;0;0;0;0;0;0;0;0;2;0;0;1;1;0;
Reggie Williams;;5;1;3;0;1;0;0;1;0;1;0;0;0;0;1;2;
Marco Belinelli;;21;2;6;1;4;0;0;0;2;2;0;0;0;0;0;5;
Aron Baynes;;13;4;6;0;0;0;0;1;4;5;1;1;0;0;2;8;
Boris Diaw;;23;1;7;0;1;0;0;0;5;5;3;0;0;1;0;2;
Patty Mills;;7;1;3;0;1;0;0;1;0;1;2;0;0;0;2;2;
Cory Joseph;;18;4;6;0;0;1;2;1;5;6;0;0;0;1;1;9;
Manu Ginobili;;22;2;6;1;3;1;1;0;4;4;5;0;1;2;0;6;
