01-16;GS-OKC;115-127;
35-33;25-36;31-29;24-29;
GS
Harrison Barnes;SF;40;6;13;4;7;2;2;3;3;6;2;1;0;0;0;18;
Draymond Green;SF;30;2;6;0;1;1;3;4;5;9;2;4;1;1;3;5;
Marreese Speights;C;28;9;16;0;0;2;2;2;5;7;4;1;0;2;4;20;
Stephen Curry;PG;31;6;13;2;6;5;5;0;3;3;6;2;0;6;2;19;
Klay Thompson;SG;33;12;22;3;6;5;6;2;2;4;4;0;0;3;1;32;
David Lee;;22;3;7;0;0;3;6;1;5;6;1;0;1;2;2;9;
Shaun Livingston;;21;3;3;0;0;0;0;0;2;2;4;0;0;0;0;6;
Justin Holiday;;12;0;5;0;3;0;0;0;3;3;0;2;0;0;1;0;
Leandro Barbosa;;20;1;7;0;1;4;4;1;2;3;1;0;0;0;1;6;
Brandon Rush;;2;0;0;0;0;0;0;0;0;0;0;0;0;0;0;0;
OKC
Serge Ibaka;PF;35;12;18;1;2;2;3;5;3;8;1;0;1;1;3;27;
Kevin Durant;SF;39;14;18;3;5;5;5;0;9;9;4;1;0;2;0;36;
Steven Adams;C;27;1;3;0;0;1;2;2;5;7;2;0;0;3;4;3;
Russell Westbrook;PG;36;7;19;1;4;2;4;3;12;15;16;4;0;3;4;17;
Andre Roberson;SG;13;1;3;0;1;0;0;1;0;1;0;0;0;1;2;2;
Perry Jones;;1;0;0;0;0;0;0;0;0;0;0;0;0;0;1;0;
Kendrick Perkins;;7;0;0;0;0;0;0;1;3;4;0;0;0;1;1;0;
Ish Smith;;1;0;0;0;0;0;0;0;1;1;0;0;0;0;0;0;
Reggie Jackson;;18;3;11;1;3;2;2;1;1;2;2;0;0;1;2;9;
Anthony Morrow;;25;5;7;2;3;0;0;1;2;3;0;0;0;0;2;12;
Jeremy Lamb;;1;0;2;0;2;0;0;0;0;0;0;0;0;0;0;0;
Dion Waiters;;37;8;16;2;2;3;3;2;2;4;2;3;1;2;2;21;
