11-11;SA-GS;113-100;
29-26;21-18;32-26;31-30;
SA
Tim Duncan;PF;35;5;13;0;0;2;3;1;12;13;3;2;0;1;4;12;
Kawhi Leonard;SF;35;7;11;2;3;3;3;2;4;6;1;1;0;0;3;19;
Matt Bonner;C;24;2;5;1;2;0;0;2;3;5;1;0;0;0;0;5;
Tony Parker;PG;30;11;17;2;2;4;4;1;0;1;7;0;0;1;1;28;
Danny Green;SG;26;4;12;1;7;0;0;0;1;1;1;2;0;0;1;9;
Jeff Ayres;;1;0;0;0;0;0;0;0;0;0;0;0;0;0;0;0;
Kyle Anderson;;7;0;2;0;0;0;0;0;1;1;0;0;1;0;1;0;
Austin Daye;;1;0;1;0;1;0;0;0;0;0;0;0;0;0;0;0;
Aron Baynes;;13;2;4;0;0;0;0;1;1;2;2;0;0;1;2;4;
Boris Diaw;;22;3;4;1;2;1;2;1;5;6;4;0;0;3;2;8;
Cory Joseph;;20;5;7;0;0;1;2;0;0;0;4;2;0;0;3;11;
Manu Ginobili;;26;7;17;3;8;0;1;0;1;1;5;2;0;2;2;17;
GS
Harrison Barnes;SF;39;9;12;1;3;3;4;0;8;8;0;0;1;2;0;22;
Draymond Green;SF;32;2;7;1;2;4;4;0;4;4;5;0;1;1;4;9;
Andrew Bogut;C;26;2;2;0;0;0;0;0;5;5;5;2;0;2;3;4;
Stephen Curry;PG;36;7;18;0;7;2;2;0;6;6;5;0;0;3;2;16;
Klay Thompson;SG;40;9;17;5;6;6;6;0;5;5;4;1;0;4;0;29;
Festus Ezeli;;10;1;1;0;0;1;2;1;4;5;0;0;1;1;0;3;
Marreese Speights;;12;5;5;0;0;1;2;0;2;2;0;0;1;1;3;11;
Shaun Livingston;;11;1;3;0;0;0;0;0;0;0;1;0;0;1;2;2;
Brandon Rush;;3;0;1;0;1;0;0;0;0;0;0;0;0;0;0;0;
Leandro Barbosa;;10;1;2;0;1;0;0;0;1;1;2;2;0;1;0;2;
Andre Iguodala;;22;1;2;0;0;0;0;0;2;2;1;0;0;3;2;2;
