12-22;UTAH-MEM;97-91;
19-22;25-21;26-25;27-23;
UTAH
Derrick Favors;PF;36;5;12;0;0;5;6;1;6;7;1;0;1;2;2;15;
Gordon Hayward;SF;36;7;12;2;2;5;8;1;3;4;4;0;1;2;2;21;
Enes Kanter;C;30;6;11;1;1;0;0;1;8;9;0;0;1;2;2;13;
Alec Burks;PG;34;7;14;2;4;7;8;0;3;3;4;0;0;1;1;23;
Trey Burke;PG;26;3;8;1;4;1;1;1;3;4;4;0;0;1;0;8;
Joe Ingles;;5;1;1;0;0;0;0;0;0;0;0;0;0;0;1;2;
Rudy Gobert;;30;1;6;0;0;0;0;5;11;16;0;0;2;2;3;2;
Rodney Hood;;21;2;8;1;5;2;4;1;3;4;4;0;0;1;3;7;
Dante Exum;;22;2;3;2;3;0;0;0;2;2;3;0;0;0;1;6;
MEM
Tayshaun Prince;SF;24;0;3;0;1;0;0;0;1;1;2;0;1;0;0;0;
Marc Gasol;C;37;10;22;0;1;4;4;3;9;12;5;0;0;2;2;24;
Kosta Koufos;C;33;2;4;0;0;1;2;1;3;4;3;1;1;1;3;5;
Mike Conley;PG;32;12;22;4;6;0;0;0;4;4;4;0;0;1;3;28;
Courtney Lee;SG;38;6;14;0;7;1;1;0;1;1;2;2;0;0;3;13;
Jon Leuer;;26;2;9;0;1;0;0;0;5;5;1;0;0;0;1;4;
Beno Udrih;;19;0;3;0;2;0;0;1;2;3;3;0;0;0;1;0;
Vince Carter;;22;4;7;2;4;2;2;0;2;2;2;1;0;0;3;12;
Jordan Adams;;10;2;2;1;1;0;0;0;2;2;0;0;1;0;2;5;
