11-21;BOS-MEM;100-117;
16-25;25-30;29-27;30-35;
BOS
Jared Sullinger;PF;25;5;10;3;6;0;2;1;5;6;1;1;3;1;3;13;
Jeff Green;SF;34;3;11;0;3;6;8;0;6;6;4;1;1;1;2;12;
Kelly Olynyk;C;27;6;12;3;5;3;4;1;5;6;1;1;1;1;4;18;
Rajon Rondo;PG;28;2;6;0;1;0;0;0;5;5;4;1;0;2;0;4;
Avery Bradley;PG;25;5;9;1;2;0;0;0;0;0;0;0;0;1;0;11;
Dwight Powell;;2;1;1;0;0;0;0;0;0;0;0;0;0;0;1;2;
Brandon Bass;;18;4;7;0;0;1;1;1;2;3;1;0;1;2;1;9;
Tyler Zeller;;17;3;7;0;0;2;2;4;0;4;2;0;1;1;3;8;
Phil Pressey;;20;0;4;0;2;2;2;0;1;1;4;2;0;1;0;2;
James Young;;2;0;1;0;1;0;0;0;0;0;0;0;0;0;0;0;
Marcus Thornton;;19;4;11;2;7;1;2;1;0;1;0;1;0;2;0;11;
Evan Turner;;23;5;9;0;0;0;0;1;5;6;5;0;0;0;0;10;
MEM
Zach Randolph;PF;27;7;12;0;0;2;2;2;14;16;4;0;0;2;0;16;
Tayshaun Prince;SF;26;3;9;1;2;0;0;1;6;7;1;0;0;1;2;7;
Marc Gasol;C;30;13;22;0;1;6;6;2;6;8;2;0;1;5;2;32;
Mike Conley;PG;28;6;9;3;4;0;0;0;4;4;8;0;0;1;0;15;
Courtney Lee;SG;30;2;5;1;2;0;0;0;0;0;2;0;0;0;1;5;
Jon Leuer;;22;9;13;1;2;0;0;1;6;7;4;2;1;1;4;19;
Jarnell Stokes;;1;0;0;0;0;0;0;1;0;1;1;0;0;0;1;0;
Kosta Koufos;;15;1;2;0;0;2;2;0;1;1;0;0;0;1;3;4;
Beno Udrih;;26;4;9;0;1;1;2;1;1;2;3;1;1;1;1;9;
Vince Carter;;22;3;8;2;4;0;0;1;1;2;4;1;0;1;2;8;
Jordan Adams;;13;0;2;0;0;2;2;0;2;2;2;0;1;1;0;2;
