01-29;CHI-LAL;118-123;
19-28;29-31;28-21;22-18;8-8;12-17;
CHI
Pau Gasol;PF;44;8;14;0;0;4;6;3;7;10;6;0;4;1;5;20;
Nikola Mirotic;PF;12;0;2;0;1;0;0;0;0;0;0;1;0;1;0;0;
Joakim Noah;C;42;4;7;0;0;1;1;5;12;17;9;0;1;0;3;9;
Derrick Rose;PG;42;7;26;1;7;2;2;2;2;4;6;1;0;5;1;17;
Jimmy Butler;SG;49;9;17;1;5;16;18;3;4;7;1;3;0;1;2;35;
Taj Gibson;;26;3;6;0;0;2;2;1;4;5;0;2;1;1;3;8;
Tony Snell;;23;4;12;1;5;1;3;1;1;2;1;1;0;0;1;10;
Doug McDermott;;0;0;0;0;0;0;0;0;0;0;0;0;0;0;0;0;
Aaron Brooks;;22;6;15;3;5;0;0;1;0;1;2;1;0;2;5;15;
E'Twaun Moore;;0;1;1;0;0;0;0;0;0;0;0;0;0;0;0;2;
Kirk Hinrich;;27;1;4;0;2;0;0;1;2;3;1;0;0;0;1;2;
LAL
Ryan Kelly;PF;21;1;3;1;1;0;0;1;1;2;3;0;0;1;4;3;
Jordan Hill;C;41;11;22;0;0;4;6;0;12;12;3;1;2;2;3;26;
Robert Sacre;C;30;3;6;0;0;3;4;4;5;9;4;0;2;0;6;9;
Jordan Clarkson;PG;43;6;15;1;1;5;5;2;2;4;4;2;2;3;0;18;
Wayne Ellington;SG;46;9;19;1;6;4;4;2;3;5;3;1;0;2;4;23;
Ed Davis;;16;4;7;0;0;2;2;5;4;9;2;0;0;0;2;10;
Carlos Boozer;;28;8;14;0;0;0;0;4;4;8;2;0;2;2;3;16;
Wesley Johnson;;37;3;9;0;1;1;2;0;5;5;0;1;0;1;4;7;
Jeremy Lin;;27;5;11;0;0;1;2;0;0;0;5;0;0;2;1;11;
