11-26;MEM-LAL;99-93;
21-26;25-25;34-23;19-19;
MEM
Zach Randolph;PF;28;7;10;0;0;2;4;4;5;9;0;0;0;3;0;16;
Tony Allen;SF;15;2;8;0;0;0;0;2;1;3;3;1;0;0;4;4;
Marc Gasol;C;37;5;10;0;0;9;10;2;9;11;4;2;3;3;4;19;
Mike Conley;PG;30;6;11;1;4;6;6;1;1;2;7;1;0;3;2;19;
Courtney Lee;SG;31;4;10;1;5;1;1;0;4;4;2;2;0;3;1;10;
Jon Leuer;;19;3;5;0;1;0;0;1;1;2;0;0;0;1;2;6;
Tayshaun Prince;;8;0;3;0;1;2;2;0;1;1;1;0;0;0;0;2;
Kosta Koufos;;13;3;5;0;0;0;0;0;8;8;1;0;2;0;2;6;
Beno Udrih;;18;2;6;0;2;0;0;0;0;0;5;0;0;0;0;4;
Vince Carter;;13;2;5;1;3;0;0;0;1;1;1;1;0;0;1;5;
Quincy Pondexter;;29;2;7;2;6;2;2;0;4;4;1;0;1;1;4;8;
LAL
Carlos Boozer;PF;21;2;6;0;0;0;2;1;5;6;1;0;0;1;2;4;
Wesley Johnson;SF;29;2;5;1;2;0;0;1;4;5;2;1;1;0;1;5;
Jordan Hill;C;33;5;12;0;0;1;2;3;4;7;0;1;1;0;2;11;
Jeremy Lin;PG;30;4;9;2;4;4;6;1;3;4;4;2;1;3;4;14;
Kobe Bryant;SG;35;5;15;2;5;10;10;2;2;4;2;0;0;4;1;22;
Ed Davis;;23;1;3;0;0;0;0;2;6;8;1;1;3;1;1;2;
Nick Young;;27;4;14;2;5;3;3;0;1;1;1;0;2;0;2;13;
Robert Sacre;;12;3;5;0;0;0;0;1;3;4;0;0;0;1;3;6;
Ronnie Price;;18;5;8;0;1;1;1;1;1;2;5;1;1;0;2;11;
Wayne Ellington;;13;2;4;1;2;0;0;0;1;1;0;0;0;1;0;5;
