11-20;CHI-SAC;88-103;
29-22;18-30;21-28;20-23;
CHI
Taj Gibson;PF;34;4;9;0;0;4;5;3;5;8;1;1;1;2;5;12;
Mike Dunleavy;SF;35;4;13;2;7;2;2;0;2;2;3;1;0;2;2;12;
Joakim Noah;C;37;5;13;0;0;0;0;5;6;11;6;1;1;1;5;10;
Jimmy Butler;SG;37;11;18;0;1;1;2;4;4;8;1;2;0;3;3;23;
Kirk Hinrich;SG;29;3;11;1;4;2;2;0;3;3;7;0;0;0;3;9;
Nikola Mirotic;;18;3;6;1;3;0;0;0;5;5;0;0;2;1;4;7;
Cameron Bairstow;;6;0;0;0;0;0;0;0;0;0;0;0;0;0;0;0;
Tony Snell;;6;1;2;0;1;0;0;0;2;2;0;0;0;0;0;2;
Doug McDermott;;12;0;1;0;1;1;2;0;1;1;0;0;0;1;0;1;
Nazr Mohammed;;1;0;0;0;0;0;0;0;0;0;0;0;0;0;0;0;
Aaron Brooks;;25;5;10;1;2;1;3;1;1;2;4;1;0;4;4;12;
E'Twaun Moore;;1;0;1;0;0;0;0;0;0;0;1;0;0;0;0;0;
SAC
Jason Thompson;PF;29;1;5;0;0;1;2;0;4;4;1;0;1;0;1;3;
Rudy Gay;SF;35;7;11;1;1;5;5;1;6;7;3;0;0;2;4;20;
DeMarcus Cousins;C;34;9;19;0;0;4;5;2;12;14;4;1;1;5;5;22;
Darren Collison;PG;40;5;10;0;1;7;7;2;4;6;12;1;1;1;2;17;
Ben McLemore;SG;30;4;6;3;4;0;0;0;1;1;0;1;0;2;2;11;
Derrick Williams;;22;4;9;0;0;2;4;0;2;2;2;0;0;0;0;10;
Carl Landry;;17;1;7;0;0;0;0;2;2;4;1;0;1;1;2;2;
Omri Casspi;;17;5;5;0;0;4;4;0;1;1;0;1;0;0;0;14;
Ryan Hollins;;1;0;0;0;0;0;0;0;1;1;1;0;0;0;1;0;
Ray McCallum;;0;0;0;0;0;0;0;0;0;0;0;0;0;0;0;0;
Ramon Sessions;;13;2;2;0;0;0;0;0;0;0;2;1;0;2;4;4;
Nik Stauskas;;0;0;0;0;0;0;0;0;0;0;0;0;0;0;0;0;
