11-08;WSH-IND;97-90;
32-14;22-21;19-30;24-25;
WSH
Nene Hilario;PF;31;8;16;0;0;1;1;3;4;7;5;1;1;5;5;17;
Paul Pierce;SF;28;2;13;0;5;8;10;1;4;5;3;0;0;0;1;12;
Marcin Gortat;C;26;6;8;0;0;0;0;3;4;7;0;2;0;0;4;12;
John Wall;PG;35;7;13;0;0;4;6;0;3;3;4;4;0;4;2;18;
Garrett Temple;SG;31;1;4;1;3;0;0;1;5;6;2;0;1;1;4;3;
Kris Humphries;;19;3;5;0;0;1;2;3;6;9;3;1;1;0;1;7;
Otto Porter Jr.;;20;2;4;0;0;0;0;0;0;0;0;0;0;2;0;4;
Rasual Butler;;18;4;7;1;3;0;0;0;3;3;2;0;0;1;1;9;
Kevin Seraphin;;20;6;8;0;0;1;2;1;5;6;0;0;1;1;5;13;
Andre Miller;;13;0;3;0;0;2;2;1;2;3;4;0;0;0;2;2;
IND
Luis Scola;PF;28;1;4;0;0;3;4;1;7;8;0;0;0;4;2;5;
Chris Copeland;SF;38;6;19;1;10;1;4;0;4;4;0;1;0;3;3;14;
Solomon Hill;SF;43;10;19;1;3;7;11;2;4;6;1;3;0;3;2;28;
Roy Hibbert;C;11;1;4;0;0;2;2;2;1;3;0;0;1;1;1;4;
Donald Sloan;PG;31;4;10;3;5;2;2;0;4;4;1;0;0;2;2;13;
Shayne Whittington;;8;1;2;0;1;0;0;1;2;3;2;0;0;0;2;2;
Lavoy Allen;;12;2;5;0;0;0;0;2;1;3;1;0;1;0;5;4;
Damjan Rudez;;26;3;4;3;4;0;0;0;0;0;0;0;1;1;2;9;
Ian Mahinmi;;26;1;2;0;0;0;0;0;5;5;2;1;0;2;4;2;
A.J. Price;;18;4;8;0;1;1;2;0;2;2;4;0;0;2;1;9;
