02-02;MIN-DAL;94-100;
20-30;27-24;26-27;21-19;
MIN
Thaddeus Young;SF;39;5;10;0;2;5;6;2;7;9;3;3;1;0;3;15;
Andrew Wiggins;SF;43;4;14;0;0;6;7;5;0;5;3;2;1;4;4;14;
Nikola Pekovic;C;27;4;11;0;0;0;0;3;7;10;0;1;0;3;4;8;
Ricky Rubio;PG;21;4;9;0;1;2;2;0;3;3;4;0;0;3;3;10;
Kevin Martin;SG;39;8;17;1;3;2;2;0;4;4;1;2;0;2;1;19;
Anthony Bennett;;12;2;3;0;0;0;0;1;3;4;0;0;0;0;0;4;
Chase Budinger;;6;0;2;0;0;0;0;0;0;0;0;0;0;0;0;0;
Gorgui Dieng;;21;4;8;0;0;1;2;5;4;9;2;1;0;1;3;9;
Mo Williams;;27;3;7;2;6;7;7;0;3;3;5;1;0;1;4;15;
Lorenzo Brown;;1;0;0;0;0;0;0;0;0;0;0;0;0;1;0;0;
Troy Daniels;;4;0;1;0;1;0;0;0;0;0;0;0;0;0;0;0;
DAL
Dirk Nowitzki;PF;31;7;10;2;3;0;1;0;7;7;2;1;1;2;2;16;
Chandler Parsons;SF;35;8;12;2;4;0;0;1;5;6;2;4;0;3;3;18;
Tyson Chandler;C;31;2;2;0;0;2;2;5;5;10;5;0;3;0;2;6;
J.J. Barea;PG;29;4;14;0;3;2;2;3;1;4;8;0;0;1;2;10;
Monta Ellis;SG;36;7;21;3;7;6;11;0;1;1;2;2;0;3;4;23;
Greg Smith;;4;1;1;0;0;0;0;0;0;0;0;0;0;0;0;2;
Dwight Powell;;2;0;0;0;0;0;0;0;0;0;0;0;0;0;0;0;
Charlie Villanueva;;13;2;9;0;6;0;0;1;5;6;1;0;3;1;0;4;
Al-Farouq Aminu;;21;4;5;1;2;0;0;2;3;5;2;2;2;3;3;9;
Richard Jefferson;;9;1;2;0;0;0;0;0;2;2;0;1;0;1;0;2;
Raymond Felton;;5;1;2;1;1;0;0;0;1;1;1;0;0;0;1;3;
Devin Harris;;24;2;6;1;5;2;2;0;1;1;4;1;1;1;1;7;
