12-02;TOR-SAC;117-109;
31-22;26-33;35-28;25-26;
TOR
Amir Johnson;PF;32;3;4;0;0;2;2;3;4;7;1;1;1;3;4;8;
Terrence Ross;SF;30;8;15;4;8;0;0;2;2;4;0;0;0;1;5;20;
Jonas Valanciunas;C;33;3;6;0;0;9;10;1;7;8;1;1;0;2;2;15;
Kyle Lowry;PG;37;10;21;1;3;6;6;0;0;0;13;2;1;2;3;27;
Greivis Vasquez;PG;30;5;10;2;4;0;0;0;4;4;7;1;0;2;5;12;
Tyler Hansbrough;;9;0;0;0;0;0;0;2;0;2;0;1;0;0;1;0;
James Johnson;;28;9;13;1;1;0;1;2;5;7;0;1;1;1;3;19;
Patrick Patterson;;22;5;10;2;3;0;0;3;0;3;0;1;0;1;3;12;
Louis Williams;;19;1;9;0;4;2;2;0;0;0;0;0;0;1;3;4;
SAC
Jason Thompson;PF;19;2;3;0;0;0;0;2;1;3;1;0;1;1;5;4;
Rudy Gay;SF;39;8;16;1;1;3;3;4;2;6;10;0;1;4;3;20;
Ryan Hollins;C;7;1;2;0;0;0;0;0;1;1;0;0;0;0;1;2;
Darren Collison;PG;19;0;5;0;0;4;4;0;3;3;4;2;0;1;0;4;
Ben McLemore;SG;39;8;17;1;5;4;4;0;0;0;2;1;0;1;2;21;
Derrick Williams;;14;8;12;1;3;1;3;3;1;4;0;0;0;0;2;18;
Carl Landry;;2;0;0;0;0;0;0;0;0;0;1;1;0;2;3;0;
Omri Casspi;;23;3;4;0;0;3;5;0;4;4;5;1;1;3;2;9;
Reggie Evans;;32;3;3;0;0;4;6;3;4;7;1;0;0;1;4;10;
Ramon Sessions;;29;5;11;0;0;5;6;1;5;6;4;0;0;2;0;15;
Nik Stauskas;;17;1;2;0;1;4;6;0;0;0;0;0;0;0;1;6;
