11-05;CLE-UTAH;100-102;
23-32;25-27;27-17;25-26;
CLE
Kevin Love;PF;38;2;10;1;5;9;11;0;8;8;1;1;0;1;4;14;
LeBron James;SF;42;8;18;3;5;12;12;0;3;3;4;3;0;4;2;31;
Anderson Varejao;C;32;4;10;0;0;0;0;3;6;9;0;2;1;3;4;8;
Kyrie Irving;PG;45;12;23;2;5;8;10;0;1;1;0;2;0;1;2;34;
Shawn Marion;SG;24;0;3;0;0;0;0;0;2;2;0;0;3;2;2;0;
Tristan Thompson;;25;3;3;0;0;2;2;4;1;5;0;0;0;1;1;8;
Mike Miller;;22;0;1;0;1;0;0;0;2;2;0;0;0;0;4;0;
Dion Waiters;;13;1;4;0;0;3;5;0;0;0;1;0;0;0;3;5;
UTAH
Derrick Favors;PF;35;9;13;0;0;3;4;4;6;10;2;0;2;3;4;21;
Gordon Hayward;SF;37;7;12;0;1;7;7;1;3;4;7;0;1;4;2;21;
Enes Kanter;C;27;8;13;1;2;1;2;1;4;5;1;0;0;2;3;18;
Trey Burke;PG;23;2;6;2;5;0;0;1;2;3;2;1;2;1;5;6;
Alec Burks;PG;33;3;8;1;2;4;4;1;3;4;5;1;0;1;3;11;
Trevor Booker;;21;4;8;1;2;0;1;1;3;4;2;0;0;0;4;9;
Joe Ingles;;13;0;1;0;1;0;0;0;0;0;1;0;0;0;2;0;
Rudy Gobert;;13;3;5;0;0;1;2;2;2;4;0;0;3;1;0;7;
Rodney Hood;;14;2;6;2;5;0;0;2;3;5;1;1;0;0;1;6;
Dante Exum;;25;1;5;0;3;1;2;0;2;2;5;0;0;0;2;3;
