11-15;BKN-POR;87-97;
15-24;24-26;27-30;21-17;
BKN
Kevin Garnett;PF;27;5;8;0;1;2;2;2;10;12;0;0;0;0;3;12;
Joe Johnson;SF;36;9;18;0;2;2;2;3;3;6;5;1;0;0;2;20;
Brook Lopez;C;30;10;17;0;0;1;1;1;3;4;1;2;1;3;4;21;
Deron Williams;PG;37;6;15;1;4;6;6;0;2;2;6;0;0;2;2;19;
Bojan Bogdanovic;SG;28;0;5;0;4;0;0;0;2;2;0;0;0;0;0;0;
Mirza Teletovic;;14;1;7;0;4;0;0;2;2;4;1;0;0;0;4;2;
Cory Jefferson;;0;0;0;0;0;0;0;0;0;0;0;0;0;0;0;0;
Jerome Jordan;;7;0;0;0;0;2;2;2;1;3;1;0;1;0;1;2;
Mason Plumlee;;18;0;4;0;0;1;2;1;4;5;0;2;0;0;3;1;
Jarrett Jack;;26;4;12;0;3;2;2;0;3;3;1;1;0;1;3;10;
Jorge Gutierrez;;3;0;2;0;0;0;0;0;0;0;0;0;0;1;1;0;
Alan Anderson;;13;0;1;0;1;0;0;1;1;2;0;1;0;2;1;0;
POR
Allen Crabbe;SF;31;3;8;2;6;0;0;0;2;2;2;1;0;0;3;8;
Robin Lopez;C;30;5;9;0;0;0;0;2;5;7;2;1;1;2;2;10;
Meyers Leonard;C;30;3;7;1;3;0;0;3;9;12;1;0;0;0;3;7;
Damian Lillard;PG;38;8;14;4;6;8;9;0;5;5;10;0;0;4;2;28;
Wesley Matthews;SG;33;3;13;2;7;2;2;1;4;5;3;0;1;2;3;10;
Chris Kaman;;18;3;11;0;0;6;9;1;4;5;0;0;0;1;2;12;
Joel Freeland;;18;1;2;0;0;2;2;5;0;5;0;0;1;4;1;4;
Steve Blake;;16;2;3;1;2;2;2;0;1;1;7;3;0;0;0;7;
C.J. McCollum;;11;1;4;1;2;0;3;1;1;2;1;1;0;0;0;3;
Will Barton;;15;4;7;0;0;0;0;0;3;3;0;0;0;1;0;8;
