04-04;LAC-DEN;107-92;
29-15;26-24;27-31;25-22;
LAC
Blake Griffin;PF;25;6;12;0;0;0;5;2;2;4;7;1;0;3;5;12;
Matt Barnes;SF;32;4;12;2;10;0;0;2;0;2;0;1;0;2;3;10;
DeAndre Jordan;C;34;3;6;0;0;8;14;7;15;22;2;0;3;1;1;14;
Chris Paul;PG;32;6;10;4;4;7;8;1;4;5;9;2;0;1;4;23;
J.J. Redick;SG;32;8;17;4;10;5;6;1;3;4;3;0;0;1;1;25;
Ekpe Udoh;;3;0;0;0;0;1;2;0;1;1;0;0;0;1;1;1;
Glen Davis;;16;2;4;0;0;0;1;0;2;2;1;0;2;0;4;4;
Spencer Hawes;;11;1;5;0;3;0;0;0;2;2;0;0;1;0;1;2;
Hedo Turkoglu;;14;3;5;3;5;0;0;0;0;0;0;1;1;0;2;9;
Dahntay Jones;;0;0;0;0;0;0;0;0;0;0;0;0;0;0;0;0;
Lester Hudson;;15;1;5;0;1;2;2;0;3;3;1;3;0;1;1;4;
Jordan Hamilton;;3;0;1;0;1;0;0;0;1;1;0;0;0;0;2;0;
Austin Rivers;;22;0;2;0;0;3;4;0;1;1;1;1;0;2;2;3;
DEN
Kenneth Faried;PF;34;4;12;0;0;2;3;4;10;14;3;1;0;4;3;10;
J.J. Hickson;PF;24;3;6;0;0;1;2;3;3;6;0;0;0;2;2;7;
Wilson Chandler;SF;34;5;15;1;5;6;8;2;4;6;3;0;0;1;3;17;
Jameer Nelson;PG;13;1;4;0;3;0;0;2;0;2;2;1;0;3;2;2;
Randy Foye;SG;35;5;13;3;7;1;1;0;5;5;5;1;1;2;3;14;
Joffrey Lauvergne;;9;3;5;0;1;1;1;0;2;2;0;0;0;1;4;7;
Jusuf Nurkic;;22;3;9;0;0;4;6;4;2;6;1;1;0;1;5;10;
Erick Green;;25;4;7;2;2;1;2;0;0;0;3;1;0;0;2;11;
Will Barton;;20;3;9;0;3;3;4;0;2;2;2;1;0;0;1;9;
Ian Clark;;4;0;1;0;0;2;2;0;1;1;1;0;0;0;1;2;
Gary Harris;;19;1;4;0;1;1;2;0;0;0;1;1;0;1;5;3;
