04-15;SAC-LAL;122-99;
33-23;34-30;29-24;26-22;
SAC
Carl Landry;PF;33;4;9;0;0;6;8;2;7;9;0;1;0;1;3;14;
Jason Thompson;PF;25;5;8;0;0;2;4;0;7;7;2;0;0;1;2;12;
Ray McCallum;PG;32;7;14;0;1;5;9;1;3;4;6;3;0;1;3;19;
Ben McLemore;SG;40;9;18;2;7;4;6;0;5;5;7;2;0;1;1;24;
Nik Stauskas;SG;32;5;9;3;4;1;2;0;5;5;5;2;0;1;3;14;
Derrick Williams;;34;9;16;2;4;2;4;0;6;6;3;0;0;2;2;22;
Ryan Hollins;;23;5;7;0;0;2;7;3;3;6;0;0;4;1;1;12;
David Stockton;;19;2;3;1;1;0;1;0;0;0;7;2;0;2;1;5;
Andre Miller;;2;0;0;0;0;0;0;0;0;0;0;0;0;0;0;0;
LAL
Ryan Kelly;PF;38;4;12;2;6;2;4;0;2;2;6;1;2;0;4;12;
Tarik Black;PF;22;2;3;0;0;1;2;3;3;6;2;0;0;1;5;5;
Jordan Hill;C;26;5;14;0;3;2;2;1;5;6;0;0;1;2;3;12;
Vander Blue;SG;48;6;23;1;8;2;3;2;5;7;8;1;0;4;2;15;
Jabari Brown;SG;48;9;19;4;6;10;11;0;3;3;2;2;0;5;3;32;
Carlos Boozer;;10;4;7;0;0;2;2;3;3;6;0;0;0;0;2;10;
Ed Davis;;29;3;9;0;0;1;1;4;8;12;3;2;3;1;6;7;
Robert Sacre;;19;3;7;0;1;0;0;3;1;4;1;0;2;1;3;6;
