01-20;SA-DEN;109-99;
20-20;31-28;29-28;29-23;
SA
Tim Duncan;PF;29;6;10;0;0;4;4;3;2;5;2;2;1;3;3;16;
Kawhi Leonard;SF;31;6;13;3;6;2;2;3;12;15;3;2;1;2;4;17;
Tiago Splitter;C;18;2;4;0;0;2;2;3;0;3;1;2;1;0;1;6;
Tony Parker;PG;32;8;16;1;1;1;2;1;3;4;7;0;0;1;2;18;
Danny Green;SG;31;2;12;2;8;0;0;1;1;2;2;1;1;1;3;6;
JaMychal Green;;1;0;0;0;0;0;0;0;1;1;0;0;0;0;1;0;
Jeff Ayres;;0;0;0;0;0;0;0;0;0;0;0;0;0;0;0;0;
Aron Baynes;;15;3;3;0;0;9;9;1;3;4;0;0;1;3;3;15;
Matt Bonner;;6;0;1;0;0;2;2;0;1;1;0;0;0;1;1;2;
Boris Diaw;;27;4;8;2;5;0;0;0;3;3;2;1;1;2;3;10;
Patty Mills;;15;2;3;2;3;0;0;1;0;1;1;0;0;0;2;6;
Cory Joseph;;12;1;2;0;0;0;0;0;1;1;1;1;0;2;1;2;
Manu Ginobili;;24;4;12;1;4;2;6;1;3;4;8;1;0;1;3;11;
DEN
Kenneth Faried;PF;37;9;17;0;0;8;12;5;9;14;1;0;0;1;4;26;
Wilson Chandler;SF;38;5;11;0;1;1;3;1;4;5;2;0;0;2;4;11;
Jusuf Nurkic;C;26;5;9;0;0;0;0;3;6;9;2;0;0;3;2;10;
Ty Lawson;PG;34;2;6;0;1;0;0;0;2;2;8;2;0;1;2;4;
Arron Afflalo;SG;33;6;11;3;6;6;8;0;4;4;2;3;0;3;4;21;
Darrell Arthur;;16;2;3;1;1;0;0;0;2;2;1;1;0;1;2;5;
J.J. Hickson;;19;3;8;0;1;3;4;2;1;3;3;1;0;0;3;9;
Jameer Nelson;;24;4;11;0;3;0;0;1;2;3;6;0;0;4;2;8;
Randy Foye;;14;1;3;1;1;2;2;0;0;0;1;0;0;1;0;5;
