11-13;PHI-DAL;70-123;
10-38;19-35;24-22;17-28;
PHI
Luc Richard Mbah a Moute;PF;23;2;9;0;2;0;1;2;3;5;0;1;0;1;1;4;
Henry Sims;C;16;1;3;0;0;2;4;2;3;5;0;1;1;0;1;4;
Tony Wroten;SG;25;3;7;2;5;3;6;1;3;4;2;0;0;5;4;11;
Hollis Thompson;SG;24;0;4;0;2;0;0;0;1;1;0;0;0;1;2;0;
K.J. McDaniels;SG;25;2;6;2;6;2;2;0;2;2;1;1;1;3;3;8;
Brandon Davies;;18;2;5;1;2;0;0;4;0;4;1;0;0;3;3;5;
Chris Johnson;;15;1;5;0;3;2;2;1;2;3;0;1;0;3;2;4;
Nerlens Noel;;29;2;7;0;0;1;6;4;3;7;0;3;1;5;2;5;
Drew Gordon;;13;1;4;0;1;0;0;1;4;5;0;0;0;0;1;2;
Michael Carter-Williams;;30;6;19;1;4;6;10;3;5;8;5;0;0;6;4;19;
JaKarr Sampson;;22;3;8;1;2;1;2;0;2;2;0;0;1;0;1;8;
DAL
Dirk Nowitzki;PF;20;7;8;1;2;6;7;0;3;3;4;0;0;1;1;21;
Chandler Parsons;SF;28;4;7;2;5;4;6;2;4;6;3;0;0;0;1;14;
Tyson Chandler;C;19;3;4;0;0;3;3;1;9;10;2;0;0;2;2;9;
Jameer Nelson;PG;24;0;6;0;4;2;2;0;2;2;5;1;0;1;4;2;
Monta Ellis;SG;29;7;12;2;4;1;2;0;4;4;4;3;0;3;3;17;
Greg Smith;;13;1;1;0;0;3;4;1;2;3;0;1;0;0;4;5;
Charlie Villanueva;;8;4;6;2;4;0;0;0;2;2;0;0;0;1;0;10;
Brandan Wright;;16;4;7;0;0;6;7;2;3;5;0;1;2;0;3;14;
Jae Crowder;;18;2;7;1;4;1;1;0;0;0;1;3;0;0;1;6;
Al-Farouq Aminu;;15;1;6;1;4;0;0;2;2;4;1;2;2;3;1;3;
Richard Jefferson;;17;3;6;1;2;1;1;1;6;7;1;0;1;3;4;8;
J.J. Barea;;20;3;7;0;1;1;1;0;3;3;11;1;0;1;1;7;
Devin Harris;;12;2;3;1;2;2;2;0;2;2;1;2;0;0;0;7;
