11-05;IND-WSH;94-96;
24-24;17-22;20-20;23-18;10-12;
IND
Luis Scola;PF;23;3;6;0;0;0;0;0;7;7;3;1;1;0;3;6;
Solomon Hill;SF;37;5;9;1;2;3;4;2;6;8;2;1;1;2;5;14;
Roy Hibbert;C;31;0;7;0;1;2;2;2;7;9;4;0;5;1;2;2;
Donald Sloan;PG;43;10;21;4;10;7;10;0;6;6;7;0;0;5;4;31;
C.J. Miles;SG;27;2;13;0;4;2;2;1;2;3;2;0;0;2;3;6;
Lavoy Allen;;30;2;5;0;0;0;0;4;1;5;0;0;0;2;5;4;
Chris Copeland;;37;8;21;3;9;0;0;3;9;12;4;1;0;4;1;19;
Damjan Rudez;;16;2;3;0;1;2;2;0;1;1;0;0;1;1;2;6;
Ian Mahinmi;;21;3;5;0;0;0;0;2;4;6;0;0;1;1;2;6;
WSH
Nene Hilario;PF;35;3;7;0;0;2;2;1;6;7;3;0;1;2;4;8;
Paul Pierce;SF;37;3;15;0;4;5;5;0;4;4;2;1;1;1;2;11;
Marcin Gortat;C;39;4;10;0;0;6;7;1;9;10;1;1;2;0;2;14;
John Wall;PG;43;11;21;1;3;8;9;1;5;6;10;3;1;5;2;31;
Garrett Temple;SG;43;6;14;4;7;0;0;1;6;7;4;2;0;1;3;16;
Kris Humphries;;2;0;2;0;0;0;0;0;0;0;0;0;0;0;0;0;
Drew Gooden;;16;1;7;1;2;0;0;1;1;2;0;0;1;0;2;3;
Otto Porter Jr.;;22;1;5;1;1;0;0;0;1;1;2;0;0;0;2;3;
Kevin Seraphin;;14;3;5;0;0;0;0;0;2;2;1;0;1;3;3;6;
Andre Miller;;10;1;2;0;0;0;0;1;1;2;1;0;0;0;2;2;
Glen Rice Jr.;;4;1;3;0;0;0;0;1;1;2;0;0;0;0;0;2;
