02-06;MEM-MIN;89-90;
23-24;20-19;26-22;20-25;
MEM
Zach Randolph;PF;29;3;7;0;1;0;0;0;10;10;0;2;1;5;2;6;
Jeff Green;SF;31;5;13;0;2;5;9;1;2;3;2;0;0;1;2;15;
Marc Gasol;C;32;6;9;0;0;3;3;1;2;3;2;2;1;0;3;15;
Mike Conley;PG;36;6;13;1;5;2;3;0;4;4;7;1;0;3;1;15;
Courtney Lee;SG;29;5;9;1;2;3;3;0;1;1;1;2;0;1;1;14;
Jon Leuer;;6;0;0;0;0;0;0;0;1;1;0;0;0;2;1;0;
JaMychal Green;;9;3;3;0;0;2;2;0;2;2;0;0;0;1;2;8;
Tony Allen;;23;3;5;0;0;0;0;0;2;2;1;2;1;0;3;6;
Kosta Koufos;;19;1;1;0;0;0;0;0;1;1;0;1;2;1;2;2;
Beno Udrih;;12;2;4;0;1;0;0;0;3;3;4;1;0;2;0;4;
Nick Calathes;;13;2;5;0;1;0;0;0;0;0;2;0;0;2;2;4;
MIN
Thaddeus Young;SF;40;6;14;0;1;2;2;3;5;8;2;2;0;0;3;14;
Andrew Wiggins;SF;43;6;11;0;1;6;7;3;3;6;2;1;0;3;4;18;
Nikola Pekovic;C;22;6;13;0;0;1;2;1;2;3;0;1;1;2;4;13;
Ricky Rubio;PG;26;6;12;3;4;2;2;1;4;5;5;1;0;3;1;17;
Kevin Martin;SG;38;4;11;1;6;2;2;0;5;5;3;1;0;3;2;11;
Anthony Bennett;;17;2;4;0;0;2;2;2;1;3;1;1;0;1;2;6;
Gorgui Dieng;;21;2;4;0;0;0;0;2;5;7;0;0;0;1;3;4;
Zach LaVine;;8;0;5;0;1;0;0;0;1;1;0;0;0;0;0;0;
Mo Williams;;24;3;7;1;4;0;0;0;5;5;4;1;0;3;2;7;
