11-01;BOS-HOU;90-104;
22-37;16-20;24-24;28-23;
BOS
Jared Sullinger;PF;27;6;15;0;3;2;3;6;3;9;2;1;3;1;5;14;
Jeff Green;SF;31;7;19;1;7;2;2;0;4;4;2;0;0;1;2;17;
Kelly Olynyk;C;16;3;6;0;2;2;2;1;4;5;0;3;1;1;4;8;
Rajon Rondo;PG;34;2;9;0;1;0;0;3;7;10;8;3;0;5;3;4;
Avery Bradley;PG;27;3;11;0;4;0;0;0;2;2;1;0;0;0;5;6;
Brandon Bass;;20;4;8;0;1;0;0;2;3;5;0;1;0;0;1;8;
Tyler Zeller;;19;2;2;0;0;4;5;1;3;4;1;0;2;0;5;8;
Phil Pressey;;3;0;0;0;0;0;0;0;0;0;2;0;0;0;0;0;
Marcus Smart;;11;0;7;0;5;2;2;0;1;1;1;0;0;2;0;2;
James Young;;6;3;3;0;0;0;1;0;1;1;0;0;1;0;0;6;
Marcus Thornton;;19;4;10;0;2;1;1;1;0;1;0;0;0;0;0;9;
Evan Turner;;26;3;8;0;0;2;2;0;2;2;3;2;1;0;1;8;
HOU
Terrence Jones;PF;30;10;16;2;4;3;3;4;6;10;0;0;2;2;4;25;
Trevor Ariza;SF;30;4;9;1;3;0;0;1;7;8;1;0;0;1;4;9;
Dwight Howard;C;33;5;9;0;0;4;10;0;8;8;4;0;2;0;5;14;
Isaiah Canaan;PG;35;3;11;3;9;0;2;2;2;4;2;2;0;2;1;9;
James Harden;SG;31;5;14;2;6;14;14;0;8;8;6;4;1;3;1;26;
Tarik Black;;4;0;0;0;0;2;4;1;1;2;0;0;1;1;2;2;
Donatas Motiejunas;;20;1;4;0;2;4;6;1;4;5;2;0;0;0;3;6;
Kostas Papanikolaou;;23;1;4;1;3;0;0;1;1;2;4;2;0;6;1;3;
Joey Dorsey;;4;0;1;0;0;0;0;0;0;0;0;0;0;0;1;0;
Nick Johnson;;4;0;1;0;0;0;0;0;1;1;0;0;0;0;1;0;
Jason Terry;;23;2;5;2;5;1;1;0;1;1;1;1;2;1;1;7;
Troy Daniels;;4;1;2;1;2;0;0;0;0;0;0;0;0;1;0;3;
