03-18;SA-MIL;114-103;
27-28;36-26;28-26;23-23;
SA
Tim Duncan;PF;34;9;16;0;2;1;2;1;4;5;7;1;3;1;1;19;
Kawhi Leonard;SF;27;3;8;2;3;6;8;0;2;2;2;4;1;1;4;14;
Tiago Splitter;C;19;2;2;0;0;2;5;0;4;4;1;1;2;2;2;6;
Tony Parker;PG;27;6;7;1;1;2;2;0;2;2;2;0;0;0;2;15;
Danny Green;SG;39;7;16;2;4;4;4;2;6;8;4;2;0;1;4;20;
Jeff Ayres;;6;1;1;0;0;2;4;0;1;1;0;0;0;1;2;4;
Kyle Anderson;;1;0;1;0;0;0;0;0;0;0;0;0;0;0;0;0;
Reggie Williams;;7;2;3;0;1;0;0;0;1;1;0;0;0;0;1;4;
Marco Belinelli;;24;2;9;2;6;5;5;0;2;2;1;0;0;1;1;11;
Matt Bonner;;3;0;0;0;0;0;0;0;1;1;1;0;0;0;0;0;
Boris Diaw;;31;5;8;0;0;8;8;0;6;6;5;1;0;0;1;18;
Patty Mills;;16;1;3;1;3;0;0;0;1;1;4;0;0;1;0;3;
Cory Joseph;;5;0;2;0;0;0;0;0;1;1;0;0;0;0;1;0;
MIL
Ersan Ilyasova;PF;33;7;14;2;5;1;3;1;5;6;2;1;0;0;5;17;
Giannis Antetokounmpo;SF;37;8;16;0;0;3;3;1;8;9;3;1;2;1;5;19;
Zaza Pachulia;C;17;4;7;0;0;2;4;3;4;7;2;0;0;2;0;10;
Michael Carter-Williams;PG;34;3;9;0;0;5;6;0;0;0;6;0;1;4;3;11;
Khris Middleton;SG;30;5;8;1;2;4;4;0;1;1;3;1;0;0;3;15;
Johnny O'Bryant III;;4;0;0;0;0;0;0;0;0;0;0;0;0;1;0;0;
Chris Johnson;;10;2;4;2;3;0;0;0;1;1;2;1;0;0;1;6;
Miles Plumlee;;18;2;4;0;0;0;0;4;7;11;1;0;1;0;2;4;
John Henson;;13;2;3;0;0;1;2;2;3;5;1;0;0;1;1;5;
Tyler Ennis;;20;2;7;0;2;0;0;0;1;1;5;1;0;1;3;4;
Jerryd Bayless;;24;4;8;2;2;2;2;0;2;2;3;0;0;2;3;12;
