03-05;DAL-POR;75-94;
23-17;13-23;21-31;18-23;
DAL
Dirk Nowitzki;PF;27;5;13;0;4;0;0;0;4;4;0;1;0;1;3;10;
Richard Jefferson;SF;33;4;6;1;2;0;0;0;6;6;0;1;1;1;0;9;
Tyson Chandler;C;32;1;4;0;0;2;2;4;10;14;1;1;1;0;3;4;
Rajon Rondo;PG;29;5;13;0;1;0;0;0;7;7;9;1;0;4;2;10;
Monta Ellis;SG;32;5;20;0;1;2;2;1;0;1;5;3;1;2;1;12;
Charlie Villanueva;;4;1;2;0;1;0;0;1;0;1;0;0;0;0;0;2;
Greg Smith;;2;0;0;0;0;0;0;0;1;1;0;0;0;0;1;0;
Al-Farouq Aminu;;19;2;5;1;2;0;0;0;3;3;0;0;0;1;2;5;
Bernard James;;2;0;1;0;0;0;0;0;0;0;0;0;0;0;1;0;
Amar'e Stoudemire;;14;5;7;0;0;2;2;0;1;1;0;1;0;0;2;12;
Raymond Felton;;2;0;1;0;0;0;0;0;0;0;0;0;0;0;0;0;
J.J. Barea;;16;2;8;0;2;0;0;0;0;0;2;0;0;2;0;4;
Devin Harris;;28;3;8;0;3;1;2;0;3;3;0;2;0;2;1;7;
POR
LaMarcus Aldridge;PF;34;7;16;1;2;2;2;2;10;12;0;0;0;0;2;17;
Nicolas Batum;SF;36;6;12;2;5;1;1;0;12;12;6;0;1;3;1;15;
Robin Lopez;C;26;5;10;0;0;3;4;4;3;7;1;1;3;1;3;13;
Damian Lillard;PG;31;4;10;2;5;4;4;0;6;6;5;2;0;5;3;14;
Wesley Matthews;SG;18;1;5;0;3;2;2;0;1;1;3;2;0;2;0;4;
Alonzo Gee;;9;3;3;0;0;0;0;0;0;0;0;1;0;2;0;6;
Dorell Wright;;13;3;4;2;2;0;0;1;0;1;1;0;0;0;3;8;
Meyers Leonard;;2;0;0;0;0;2;2;0;0;0;0;0;0;0;0;2;
Joel Freeland;;2;0;1;0;0;0;0;0;3;3;0;0;1;0;0;0;
Chris Kaman;;16;2;7;0;0;2;2;1;6;7;1;1;0;3;1;6;
Steve Blake;;15;1;3;0;1;0;0;0;2;2;1;0;0;0;1;2;
C.J. McCollum;;8;0;2;0;1;1;2;0;2;2;0;0;0;0;0;1;
Arron Afflalo;;29;2;9;0;3;2;2;0;3;3;2;0;0;0;1;6;
