12-03;MEM-HOU;96-105;
28-34;18-24;22-36;28-11;
MEM
Zach Randolph;PF;19;2;5;0;0;4;6;2;4;6;0;0;0;1;0;8;
Tony Allen;SF;15;4;7;0;1;2;2;1;0;1;0;2;2;4;2;10;
Marc Gasol;C;25;4;8;0;0;0;1;0;7;7;3;0;1;3;1;8;
Mike Conley;PG;27;5;9;1;4;4;4;1;1;2;6;3;0;5;2;15;
Courtney Lee;SG;24;2;4;0;2;0;0;0;2;2;2;0;1;0;2;4;
Jon Leuer;;26;3;9;0;1;1;2;1;5;6;2;0;0;1;1;7;
Jarnell Stokes;;12;5;7;0;0;2;4;2;1;3;0;0;2;0;2;12;
Kosta Koufos;;13;4;8;0;0;0;0;2;1;3;0;1;1;1;1;8;
Beno Udrih;;21;3;3;0;0;3;4;0;3;3;4;1;0;3;0;9;
Vince Carter;;9;3;4;1;2;0;1;0;1;1;0;0;0;0;0;7;
Nick Calathes;;20;3;5;0;0;0;3;0;1;1;6;1;0;2;2;6;
Quincy Pondexter;;28;1;7;0;3;0;0;1;3;4;3;1;0;0;2;2;
HOU
Donatas Motiejunas;PF;25;7;10;1;1;0;1;3;4;7;2;0;1;4;3;15;
Tarik Black;PF;23;5;9;0;0;0;0;9;2;11;0;0;0;0;3;10;
Trevor Ariza;SF;34;6;18;2;8;2;2;2;5;7;1;3;1;3;0;16;
Jason Terry;SG;31;5;10;3;7;3;5;0;3;3;5;4;0;2;2;16;
James Harden;SG;28;6;11;2;5;7;8;1;3;4;4;3;1;3;3;21;
Kostas Papanikolaou;;25;6;14;0;2;0;0;2;2;4;3;1;0;0;2;12;
Clint Capela;;4;0;6;0;0;0;2;3;0;3;0;1;1;2;1;0;
Joey Dorsey;;22;3;3;0;0;1;2;2;6;8;1;1;3;1;3;7;
Nick Johnson;;19;1;5;0;1;0;0;0;4;4;2;1;0;3;5;2;
Troy Daniels;;7;0;3;0;2;0;0;0;0;0;0;0;0;1;2;0;
Francisco Garcia;;21;2;4;2;2;0;0;1;0;1;4;0;1;0;2;6;
