03-22;CHA-MIN;109-98;
18-27;36-32;28-19;27-20;
CHA
Marvin Williams;PF;38;3;11;1;5;1;2;4;4;8;2;0;0;0;1;8;
Michael Kidd-Gilchrist;SF;39;8;10;0;0;2;2;4;5;9;0;0;1;1;1;18;
Al Jefferson;C;33;9;20;0;0;0;0;4;7;11;1;2;0;2;1;18;
Kemba Walker;PG;34;4;11;0;1;8;8;1;2;3;8;6;0;0;2;16;
Gerald Henderson;SG;33;7;12;1;3;2;4;0;1;1;2;0;0;1;3;17;
Bismack Biyombo;;15;0;0;0;0;0;0;0;2;2;0;0;1;0;5;0;
Mo Williams;;29;10;16;4;8;0;0;0;4;4;4;0;1;3;1;24;
Lance Stephenson;;21;4;9;0;1;0;0;0;4;4;4;0;0;0;2;8;
MIN
Adreian Payne;PF;35;6;8;0;0;1;2;1;8;9;1;1;0;0;3;13;
Andrew Wiggins;SF;38;5;10;0;0;3;6;0;1;1;2;0;0;1;2;13;
Gorgui Dieng;C;36;5;8;0;1;6;6;2;6;8;1;0;1;2;4;16;
Zach LaVine;PG;31;5;12;1;3;0;0;0;2;2;5;1;0;4;3;11;
Kevin Martin;SG;37;7;19;0;2;1;1;0;4;4;9;1;0;1;2;15;
Chase Budinger;;25;4;5;1;2;1;1;0;5;5;0;0;0;0;2;10;
Lorenzo Brown;;17;4;5;1;1;0;0;0;1;1;4;1;0;0;1;9;
Gary Neal;;21;5;7;1;2;0;0;0;2;2;2;1;0;5;0;11;
