02-07;POR-DAL;101-111;
25-24;30-26;28-20;13-26;5-15;
POR
LaMarcus Aldridge;PF;42;11;22;0;1;3;5;3;11;14;1;0;0;3;0;25;
Nicolas Batum;SF;42;0;8;0;5;2;2;2;8;10;4;0;0;0;2;2;
Robin Lopez;C;37;5;8;0;0;1;2;5;3;8;0;0;1;5;5;11;
Damian Lillard;PG;42;7;19;4;10;8;9;2;5;7;7;4;2;5;5;26;
Wesley Matthews;SG;40;7;14;3;8;0;2;3;5;8;3;4;0;1;3;17;
Meyers Leonard;;12;2;2;1;1;0;0;0;4;4;1;0;0;3;3;5;
Chris Kaman;;16;2;6;0;0;0;0;2;3;5;0;0;1;2;1;4;
Steve Blake;;20;1;4;0;3;0;0;0;1;1;7;2;0;2;2;2;
C.J. McCollum;;15;2;6;2;4;3;4;0;1;1;1;1;0;1;0;9;
DAL
Dirk Nowitzki;PF;35;11;19;3;6;0;0;1;2;3;1;0;0;1;2;25;
Chandler Parsons;SF;40;7;16;2;5;4;5;4;5;9;4;3;0;0;4;20;
Tyson Chandler;C;38;5;8;0;0;1;2;9;4;13;0;1;1;3;4;11;
J.J. Barea;PG;33;2;11;1;3;2;2;2;4;6;7;0;0;4;0;7;
Monta Ellis;SG;43;9;25;2;7;0;1;0;4;4;6;4;2;4;2;20;
Charlie Villanueva;;7;1;2;1;2;0;0;0;3;3;0;0;0;0;1;3;
Al-Farouq Aminu;;31;3;9;1;4;2;4;3;6;9;1;1;2;2;4;9;
Richard Jefferson;;7;0;0;0;0;0;0;0;1;1;0;0;1;0;0;0;
Devin Harris;;30;5;15;4;9;2;2;1;6;7;2;2;1;1;3;16;
