12-01;DEN-UTAH;103-101;
26-23;36-20;21-34;20-24;
DEN
Kenneth Faried;PF;29;4;9;0;0;3;4;2;3;5;2;0;1;1;1;11;
Wilson Chandler;SF;34;6;13;3;7;0;0;1;3;4;0;0;0;0;3;15;
Timofey Mozgov;C;28;5;5;0;0;0;0;2;8;10;1;0;1;2;5;10;
Ty Lawson;PG;39;6;15;0;1;3;5;1;3;4;12;2;0;3;3;15;
Arron Afflalo;SG;31;6;11;2;4;0;0;0;1;1;1;0;0;1;2;14;
Darrell Arthur;;17;4;7;2;5;2;2;0;2;2;1;2;0;1;2;12;
J.J. Hickson;;21;4;12;0;0;2;3;2;6;8;2;1;3;1;4;10;
Danilo Gallinari;;14;2;6;0;4;2;3;0;2;2;1;1;1;0;0;6;
Nate Robinson;;10;2;3;0;1;0;0;0;2;2;3;1;0;1;1;4;
Gary Harris;;17;2;6;2;4;0;0;0;1;1;0;0;0;0;1;6;
UTAH
Trevor Booker;PF;33;3;7;0;1;0;0;3;6;9;1;2;1;1;4;6;
Gordon Hayward;SF;39;7;18;3;6;8;8;0;5;5;1;1;0;4;2;25;
Enes Kanter;C;31;8;19;0;0;1;2;5;10;15;2;0;2;1;2;17;
Trey Burke;PG;36;7;13;4;7;0;0;1;0;1;8;0;0;0;1;18;
Alec Burks;PG;37;7;15;0;2;8;10;2;6;8;3;0;0;3;2;22;
Steve Novak;;5;0;0;0;0;0;0;0;0;0;0;0;1;1;1;0;
Joe Ingles;;11;0;0;0;0;0;0;0;1;1;1;0;0;1;1;0;
Rudy Gobert;;24;3;7;0;0;3;6;3;4;7;1;0;1;0;1;9;
Rodney Hood;;11;1;3;0;2;0;2;0;2;2;1;0;1;2;1;2;
Dante Exum;;13;0;2;0;0;2;2;0;0;0;0;0;0;1;0;2;
