11-23;DEN-LAL;101-94;
21-19;20-20;31-36;14-11;15-8;
DEN
Kenneth Faried;PF;19;4;9;0;0;0;3;0;1;1;0;1;0;1;0;8;
Wilson Chandler;SF;41;6;15;5;11;2;3;0;8;8;2;1;1;1;5;19;
Timofey Mozgov;C;30;5;9;0;0;3;4;6;7;13;0;1;1;1;5;13;
Ty Lawson;PG;43;5;10;1;2;7;10;0;3;3;16;0;0;5;3;18;
Arron Afflalo;SG;42;5;17;1;6;4;4;1;5;6;1;1;0;1;3;15;
Darrell Arthur;;19;3;7;1;5;2;2;1;2;3;0;1;0;1;2;9;
J.J. Hickson;;12;2;5;0;0;2;4;4;4;8;0;0;0;1;2;6;
Danilo Gallinari;;31;3;8;2;7;2;4;0;7;7;1;0;0;1;1;10;
JaVale McGee;;6;1;1;0;0;0;0;0;4;4;0;0;0;0;3;2;
Nate Robinson;;10;0;4;0;2;1;2;2;1;3;0;1;0;2;4;1;
Randy Foye;;11;0;5;0;4;0;2;0;1;1;0;1;0;2;0;0;
LAL
Ed Davis;PF;22;1;3;0;0;2;4;2;3;5;1;1;1;1;6;4;
Wesley Johnson;SF;42;3;10;0;3;1;1;1;11;12;2;2;3;0;3;7;
Jordan Hill;C;42;2;8;0;0;7;8;1;13;14;1;1;1;2;4;11;
Jeremy Lin;PG;36;8;15;0;4;1;3;0;3;3;5;2;0;3;5;17;
Kobe Bryant;SG;44;10;24;0;2;7;10;2;4;6;4;0;0;4;1;27;
Nick Young;;28;2;12;1;5;2;2;0;3;3;1;0;0;1;2;7;
Robert Sacre;;18;4;6;0;0;5;6;2;1;3;1;3;1;0;2;13;
Ronnie Price;;17;0;3;0;3;0;0;1;1;2;0;1;0;2;4;0;
Wayne Ellington;;16;3;8;2;7;0;0;0;2;2;0;0;0;0;1;8;
