11-17;MIA-BKN;95-83;
19-21;19-22;32-21;25-19;
MIA
Danny Granger;SF;20;2;5;0;2;0;0;0;0;0;0;0;1;1;2;4;
Shawne Williams;SF;36;1;5;1;3;2;2;0;6;6;4;0;0;0;3;5;
Chris Bosh;C;29;5;11;1;2;4;4;2;7;9;1;1;0;1;5;15;
Mario Chalmers;PG;34;5;12;1;5;11;13;0;3;3;5;2;0;3;4;22;
Norris Cole;PG;27;4;11;2;5;2;2;0;2;2;3;1;0;1;2;12;
Udonis Haslem;;15;2;7;0;0;2;2;4;2;6;0;0;0;1;2;6;
Chris Andersen;;16;3;4;0;0;1;2;2;1;3;1;0;1;1;1;7;
James Ennis;;36;4;7;0;2;2;2;1;7;8;2;1;0;0;3;10;
Shabazz Napier;;18;4;8;3;6;0;0;1;2;3;3;1;0;6;1;11;
Andre Dawkins;;9;1;2;1;2;0;0;0;1;1;0;0;0;0;1;3;
BKN
Kevin Garnett;PF;25;2;4;0;0;0;0;2;7;9;0;0;1;1;0;4;
Joe Johnson;SF;37;2;9;1;5;1;2;0;4;4;1;1;0;0;1;6;
Brook Lopez;C;22;2;8;0;0;1;2;0;1;1;2;1;1;1;3;5;
Deron Williams;PG;35;4;13;2;8;4;5;1;4;5;7;4;1;3;4;14;
Bojan Bogdanovic;SG;41;8;11;4;5;2;2;2;1;3;1;1;0;2;3;22;
Mirza Teletovic;;21;3;7;1;3;4;6;0;4;4;1;0;2;1;2;11;
Jerome Jordan;;8;2;3;0;0;0;0;1;1;2;0;0;0;0;1;4;
Mason Plumlee;;14;1;5;0;0;0;5;5;2;7;2;1;0;0;0;2;
Jarrett Jack;;24;5;9;1;1;4;4;0;0;0;4;1;0;1;4;15;
Alan Anderson;;13;0;1;0;1;0;0;0;0;0;0;1;0;3;1;0;
