12-22;SAC-GS;108-128;
20-36;30-28;26-29;32-35;
SAC
Jason Thompson;PF;20;3;3;0;0;0;0;1;3;4;0;0;2;1;2;6;
Rudy Gay;SF;37;4;14;1;2;4;5;4;5;9;3;1;1;2;2;13;
DeMarcus Cousins;C;30;9;19;0;0;4;6;2;6;8;6;1;1;2;5;22;
Darren Collison;PG;32;7;14;2;4;1;2;0;2;2;5;2;0;4;2;17;
Ben McLemore;SG;33;4;8;3;6;0;0;0;2;2;3;1;0;1;3;11;
Derrick Williams;;17;1;6;0;1;1;2;0;0;0;0;0;0;0;0;3;
Carl Landry;;7;5;6;0;0;2;2;1;2;3;1;0;0;0;0;12;
Omri Casspi;;29;7;10;0;0;2;4;1;7;8;3;0;1;1;1;16;
Ray McCallum;;20;2;6;1;2;0;0;0;1;1;7;0;0;0;1;5;
Ramon Sessions;;6;0;1;0;0;0;0;0;1;1;1;0;0;2;0;0;
Nik Stauskas;;10;1;3;1;2;0;0;0;1;1;2;0;0;0;1;3;
GS
Harrison Barnes;SF;27;3;8;1;4;1;2;4;4;8;1;1;0;3;2;8;
Draymond Green;SF;26;2;5;0;2;2;3;0;8;8;4;3;2;1;2;6;
Festus Ezeli;C;18;7;11;0;0;1;2;3;3;6;0;0;2;3;4;15;
Stephen Curry;PG;26;5;12;1;5;1;1;0;2;2;11;3;0;1;1;12;
Klay Thompson;SG;28;10;16;2;4;3;3;0;2;2;3;1;0;1;0;25;
David Lee;;16;3;9;0;0;0;0;2;5;7;0;0;1;0;1;6;
Ognjen Kuzmic;;3;1;1;0;0;0;0;0;0;0;0;0;0;0;1;2;
Marreese Speights;;13;2;3;0;0;8;8;1;3;4;3;0;0;1;4;12;
Shaun Livingston;;28;2;5;0;0;2;2;0;3;3;5;0;1;2;1;6;
Justin Holiday;;20;7;12;3;7;1;1;0;3;3;3;0;0;0;0;18;
Leandro Barbosa;;5;1;1;0;0;2;2;0;1;1;1;0;0;0;0;4;
Andre Iguodala;;24;5;6;2;3;0;0;0;1;1;4;1;0;0;2;12;
Brandon Rush;;7;1;2;0;0;0;0;0;0;0;1;0;0;0;1;2;
