04-15;WSH-CLE;108-113;
28-20;28-33;23-21;22-27;7-12;
WSH
Kris Humphries;PF;29;4;7;0;1;4;4;3;2;5;2;0;0;0;1;12;
Rasual Butler;SF;45;7;19;3;8;0;0;1;6;7;2;2;1;0;0;17;
Otto Porter Jr.;SF;20;2;5;0;1;0;0;1;3;4;0;0;1;2;1;4;
Marcin Gortat;C;14;4;11;0;0;0;0;1;5;6;4;1;0;0;1;8;
Ramon Sessions;PG;37;4;8;2;2;4;6;0;2;2;6;0;0;1;1;14;
Martell Webster;;36;5;9;3;5;7;8;1;2;3;2;1;0;2;0;20;
DeJuan Blair;;24;5;10;0;0;0;0;3;4;7;0;3;0;2;5;10;
Kevin Seraphin;;39;6;13;0;0;0;1;3;9;12;2;1;3;5;3;12;
Will Bynum;;21;5;15;0;5;1;2;2;2;4;8;0;0;1;1;11;
CLE
Kevin Love;PF;18;6;12;5;6;2;2;0;3;3;0;0;0;1;0;19;
Timofey Mozgov;C;14;4;5;0;0;0;2;1;2;3;0;0;0;0;1;8;
Kyrie Irving;PG;18;4;9;1;3;0;0;0;2;2;7;1;0;2;0;9;
J.R. Smith;SG;9;0;5;0;3;0;0;0;0;0;3;0;0;1;0;0;
Mike Miller;SG;18;1;2;1;2;0;0;0;2;2;0;0;0;0;3;3;
James Jones;;12;1;4;1;2;0;0;1;0;1;0;0;0;0;3;3;
Brendan Haywood;;15;2;3;0;0;1;3;0;1;1;0;0;2;0;1;5;
Kendrick Perkins;;28;3;6;0;0;1;2;1;4;5;1;1;1;3;2;7;
Tristan Thompson;;22;4;7;0;0;4;4;3;5;8;2;0;1;1;1;12;
Shawn Marion;;33;4;10;0;1;0;0;4;5;9;1;1;0;0;0;8;
Iman Shumpert;;29;7;12;3;5;1;2;1;5;6;2;2;0;0;1;18;
Matthew Dellavedova;;33;6;11;4;5;2;2;0;3;3;12;2;0;3;2;18;
Joe Harris;;17;1;5;1;3;0;0;0;1;1;1;0;0;5;3;3;
