01-13;SA-WSH;93-101;
24-31;24-20;24-24;21-26;
SA
Tim Duncan;PF;26;5;14;0;0;1;2;3;9;12;3;1;1;1;2;11;
Austin Daye;SF;7;2;6;1;3;0;0;0;2;2;0;0;0;0;1;5;
Tiago Splitter;C;28;4;6;0;0;2;4;2;1;3;3;0;1;0;2;10;
Tony Parker;PG;31;7;18;0;2;0;0;0;0;0;2;0;0;2;0;14;
Danny Green;SG;34;4;16;2;10;0;0;1;3;4;2;0;1;0;2;10;
Jeff Ayres;;18;4;5;0;0;1;1;0;4;4;0;1;0;0;1;9;
Kyle Anderson;;1;0;0;0;0;0;0;1;0;1;1;0;0;0;0;0;
Matt Bonner;;7;0;2;0;1;0;0;0;0;0;1;0;0;0;1;0;
Boris Diaw;;18;4;8;0;1;0;1;0;2;2;3;1;0;0;1;8;
Patty Mills;;25;4;8;4;6;0;0;0;2;2;1;0;0;0;1;12;
Cory Joseph;;24;2;5;0;0;2;2;1;1;2;5;0;1;0;3;6;
Manu Ginobili;;23;2;8;2;6;2;2;0;2;2;5;0;0;4;3;8;
WSH
Nene Hilario;PF;24;2;9;0;0;3;3;1;9;10;0;1;0;3;2;7;
Paul Pierce;SF;27;4;8;3;4;2;2;0;2;2;2;0;0;3;2;13;
Marcin Gortat;C;28;3;6;0;0;1;2;0;11;11;0;0;0;1;1;7;
John Wall;PG;36;9;15;2;3;5;6;0;1;1;8;0;2;3;0;25;
Bradley Beal;SG;37;4;10;0;1;5;6;2;3;5;3;2;2;2;2;13;
Kris Humphries;;24;5;10;0;0;0;0;2;6;8;1;1;1;0;2;10;
Martell Webster;;8;0;1;0;0;0;0;0;0;0;1;0;0;0;1;0;
Rasual Butler;;25;3;7;1;4;0;0;1;2;3;1;0;1;2;2;7;
Kevin Seraphin;;20;6;8;0;0;5;5;2;6;8;1;0;1;1;2;17;
Andre Miller;;12;1;1;0;0;0;0;0;0;0;3;0;0;0;0;2;
