03-10;NY-UTAH;82-87;
20-24;15-19;30-22;17-22;
NY
Lou Amundson;PF;16;3;5;0;0;2;3;3;0;3;0;1;2;0;3;8;
Lance Thomas;SF;24;0;4;0;1;1;2;1;0;1;0;1;0;1;3;1;
Andrea Bargnani;C;33;9;19;0;1;2;2;0;3;3;1;0;0;1;1;20;
Alexey Shved;PG;41;6;12;4;7;5;5;0;10;10;7;1;2;2;5;21;
Langston Galloway;PG;29;2;10;0;2;0;0;0;0;0;4;0;0;3;4;4;
Jason Smith;;18;0;6;0;0;2;2;0;1;1;2;0;0;2;0;2;
Cleanthony Early;;15;2;4;1;1;0;0;0;3;3;1;0;0;2;2;5;
Travis Wear;;11;0;2;0;0;0;0;0;0;0;1;0;0;0;0;0;
Cole Aldrich;;29;7;12;0;0;3;3;4;9;13;0;1;1;0;3;17;
Shane Larkin;;23;2;5;0;1;0;0;0;4;4;1;1;0;1;1;4;
UTAH
Derrick Favors;PF;35;11;17;0;0;7;9;2;10;12;0;2;0;1;4;29;
Rudy Gobert;C;38;4;8;0;0;2;5;2;12;14;1;3;4;1;1;10;
Trey Burke;PG;28;1;11;0;3;3;6;0;5;5;2;0;0;2;1;5;
Elijah Millsap;SG;14;0;1;0;0;2;2;0;0;0;1;0;0;3;5;2;
Dante Exum;SG;37;3;5;2;4;0;0;0;1;1;4;1;1;1;2;8;
Jerrelle Benimon;;2;0;0;0;0;0;0;1;2;3;0;0;0;1;0;0;
Trevor Booker;;17;1;3;0;0;0;0;1;0;1;1;0;0;0;0;2;
Joe Ingles;;36;4;8;1;3;3;3;0;3;3;5;1;0;2;2;12;
Jeremy Evans;;4;0;0;0;0;0;0;0;0;0;0;0;0;0;3;0;
Bryce Cotton;;4;0;1;0;1;2;2;0;0;0;1;0;0;0;0;2;
Rodney Hood;;25;6;16;3;7;2;2;0;1;1;1;1;0;0;3;17;
