03-20;BOS-SA;89-101;
19-32;23-24;21-28;26-17;
BOS
Brandon Bass;PF;19;5;7;0;0;0;0;2;2;4;1;0;0;0;1;10;
Tyler Zeller;C;23;2;7;0;0;1;2;3;6;9;2;0;0;2;3;5;
Avery Bradley;PG;29;7;15;1;4;1;1;1;2;3;1;2;1;2;3;16;
Marcus Smart;PG;23;3;9;1;3;3;3;0;0;0;4;1;0;1;4;10;
Evan Turner;SG;33;7;11;1;2;2;4;0;1;1;4;0;0;4;4;17;
Shavlik Randolph;;1;0;0;0;0;0;0;0;2;2;0;0;0;0;0;0;
Jonas Jerebko;;27;1;7;1;3;4;4;4;8;12;0;2;0;3;1;7;
Gerald Wallace;;15;3;5;0;0;0;1;2;3;5;1;0;0;0;1;6;
Luigi Datome;;6;0;2;0;1;0;0;0;1;1;0;0;0;2;0;0;
Jae Crowder;;32;5;14;1;5;3;5;1;5;6;1;2;1;0;1;14;
Kelly Olynyk;;16;0;6;0;1;0;0;0;0;0;2;2;0;0;1;0;
Phil Pressey;;18;2;5;0;1;0;0;1;3;4;3;1;0;1;0;4;
SA
Tim Duncan;PF;20;5;5;0;0;0;0;1;5;6;3;2;1;1;1;10;
Kawhi Leonard;SF;31;8;14;2;5;4;4;0;7;7;2;3;0;0;0;22;
Tiago Splitter;C;25;8;10;0;0;2;3;2;4;6;3;2;0;0;2;18;
Tony Parker;PG;27;5;8;0;0;5;6;0;0;0;7;0;0;6;2;15;
Danny Green;SG;34;2;10;0;4;6;6;2;6;8;4;2;2;0;0;10;
Kyle Anderson;;1;0;0;0;0;0;0;0;0;0;0;0;0;0;0;0;
Reggie Williams;;9;1;2;0;0;0;0;0;2;2;2;0;0;1;3;2;
Marco Belinelli;;24;2;10;1;4;0;0;0;5;5;1;0;0;2;3;5;
Aron Baynes;;17;2;4;0;0;0;0;1;4;5;0;0;1;0;1;4;
Matt Bonner;;5;0;1;0;1;1;2;0;2;2;0;0;0;0;0;1;
Boris Diaw;;26;3;7;1;4;2;2;1;3;4;4;0;0;3;1;9;
Patty Mills;;20;2;10;1;5;0;0;0;0;0;5;2;0;0;1;5;
Cory Joseph;;1;0;0;0;0;0;0;0;0;0;0;0;0;0;0;0;
