02-21;OKC-CHA;110-103;
28-30;31-26;27-27;24-20;
OKC
Serge Ibaka;PF;33;8;14;0;2;0;0;3;9;12;1;1;3;3;3;16;
Kyle Singler;SF;18;2;6;2;4;0;0;1;1;2;1;0;1;0;0;6;
Enes Kanter;C;32;4;9;0;0;2;6;5;8;13;2;0;0;0;5;10;
Russell Westbrook;PG;35;12;27;0;3;9;9;2;5;7;10;1;0;6;2;33;
Andre Roberson;SG;15;1;2;0;1;0;0;0;3;3;0;0;0;2;1;2;
Mitch McGary;;15;4;7;0;0;1;1;5;5;10;1;2;2;1;2;9;
Nick Collison;;16;2;2;0;0;3;3;2;4;6;1;2;0;1;1;7;
D.J. Augustin;;23;3;9;2;3;4;5;0;3;3;2;0;0;0;2;12;
Dion Waiters;;32;4;15;0;4;2;2;0;2;2;1;1;1;1;2;10;
Anthony Morrow;;21;2;4;1;1;0;0;1;0;1;2;0;0;0;2;5;
CHA
Cody Zeller;PF;20;5;9;0;0;3;4;1;3;4;3;1;4;0;1;13;
Michael Kidd-Gilchrist;SF;29;8;14;0;0;4;4;2;2;4;0;3;0;0;2;20;
Al Jefferson;C;34;9;18;1;1;1;1;4;8;12;1;0;0;0;3;20;
Mo Williams;PG;38;8;17;5;10;3;3;2;2;4;12;1;0;5;2;24;
Gerald Henderson;SG;33;2;10;0;2;2;2;0;6;6;7;0;0;1;1;6;
Jason Maxiell;;14;1;3;0;0;1;2;0;1;1;0;0;4;1;2;3;
Marvin Williams;;28;3;8;1;5;1;2;1;6;7;0;3;0;0;4;8;
Jeff Taylor;;3;0;1;0;1;0;0;0;0;0;0;0;0;1;0;0;
Brian Roberts;;13;2;4;0;2;0;0;0;0;0;1;0;2;1;3;4;
Lance Stephenson;;27;2;9;0;3;1;2;1;2;3;4;1;0;0;0;5;
