11-01;MIA-PHI;114-96;
32-30;28-24;27-29;27-13;
MIA
Luol Deng;SF;29;7;11;1;3;0;1;2;2;4;2;2;0;1;0;15;
Shawne Williams;SF;29;5;9;3;5;2;2;0;4;4;4;1;0;1;4;15;
Chris Bosh;C;33;9;17;2;5;10;11;3;5;8;4;2;0;3;2;30;
Norris Cole;PG;27;4;7;2;4;0;0;0;1;1;4;2;0;0;1;10;
Dwyane Wade;SG;33;4;18;0;1;1;3;1;2;3;10;3;0;6;1;9;
Josh McRoberts;;11;1;3;0;1;1;2;0;3;3;0;0;0;2;3;3;
Chris Andersen;;17;0;2;0;0;0;0;1;2;3;0;0;0;0;2;0;
James Ennis;;8;2;3;1;1;0;0;1;1;2;1;0;0;0;1;5;
Justin Hamilton;;6;1;1;0;0;0;0;1;1;2;0;0;0;1;0;2;
Mario Chalmers;;25;6;9;2;2;6;10;0;2;2;4;4;0;0;1;20;
Shabazz Napier;;20;2;3;1;2;0;0;0;3;3;4;2;0;1;4;5;
Andre Dawkins;;2;0;0;0;0;0;0;0;0;0;0;0;0;1;1;0;
PHI
Luc Richard Mbah a Moute;PF;19;4;10;0;2;1;2;3;4;7;3;1;0;6;3;9;
Henry Sims;C;28;4;9;0;0;1;2;1;3;4;2;0;1;0;1;9;
Nerlens Noel;C;25;1;4;0;0;0;0;0;5;5;3;1;1;3;1;2;
Tony Wroten;SG;33;6;11;1;4;8;11;0;3;3;10;1;1;4;1;21;
Hollis Thompson;SG;32;4;8;2;5;0;0;0;1;1;2;0;3;2;2;10;
Malcolm Thomas;;19;4;4;0;0;0;0;0;9;9;0;0;0;0;2;8;
Brandon Davies;;24;7;9;1;2;3;4;0;3;3;0;3;0;3;3;18;
Chris Johnson;;21;2;4;1;3;0;0;0;2;2;0;3;0;2;5;5;
Alexey Shved;;15;1;4;1;4;3;3;0;1;1;6;0;0;2;0;6;
K.J. McDaniels;;21;2;4;1;3;3;4;0;1;1;2;0;3;2;3;8;
JaKarr Sampson;;2;0;0;0;0;0;0;0;1;1;0;0;1;0;0;0;
