03-16;BKN-MIN;122-106;
33-29;34-26;31-24;24-27;
BKN
Thaddeus Young;SF;33;8;17;0;0;3;4;2;1;3;2;2;0;3;1;19;
Joe Johnson;SF;25;10;14;2;5;0;0;1;4;5;3;2;0;0;1;22;
Brook Lopez;C;22;7;8;0;0;2;3;6;2;8;0;1;1;1;1;16;
Deron Williams;PG;22;3;9;0;2;2;2;0;1;1;7;1;0;1;1;8;
Markel Brown;SG;27;1;4;0;0;0;0;1;3;4;1;1;0;1;3;2;
Cory Jefferson;;15;2;6;0;0;0;2;1;0;1;0;0;0;1;4;4;
Jerome Jordan;;2;1;1;0;0;0;0;0;0;0;0;0;0;1;0;2;
Mason Plumlee;;24;2;2;0;0;2;2;0;9;9;0;0;0;0;2;6;
Jarrett Jack;;24;6;10;0;1;4;4;1;4;5;5;0;1;4;0;16;
Darius Morris;;2;0;0;0;0;0;0;1;0;1;1;0;0;0;0;0;
Bojan Bogdanovic;;27;10;15;1;3;0;0;0;4;4;2;1;0;2;0;21;
Alan Anderson;;17;2;4;2;2;0;0;0;2;2;0;0;0;0;2;6;
MIN
Adreian Payne;PF;24;3;8;0;0;0;0;0;5;5;2;1;0;1;5;6;
Andrew Wiggins;SF;38;5;13;0;1;3;4;4;2;6;3;0;0;3;1;13;
Gorgui Dieng;C;39;4;7;0;0;3;4;2;3;5;4;2;4;1;3;11;
Zach LaVine;PG;31;8;15;4;6;0;0;0;2;2;3;1;0;6;2;20;
Kevin Martin;SG;32;7;16;3;5;6;6;1;2;3;6;0;0;4;2;23;
Chase Budinger;;26;8;10;2;3;0;0;1;3;4;2;1;0;0;0;18;
Justin Hamilton;;33;6;14;0;0;3;3;2;4;6;2;1;2;0;1;15;
Lorenzo Brown;;18;0;5;0;0;0;0;3;2;5;5;0;1;1;1;0;
