12-03;DET-BOS;102-109;
23-21;20-21;15-19;30-27;14-21;
DET
Josh Smith;SF;28;4;15;0;0;4;6;2;9;11;3;1;1;3;6;12;
Kyle Singler;SF;24;1;7;1;4;0;0;2;2;4;1;0;0;0;1;3;
Andre Drummond;C;42;12;18;0;0;3;8;7;7;14;0;4;5;2;6;27;
Brandon Jennings;PG;39;0;11;0;6;1;2;2;2;4;12;0;0;2;1;1;
Kentavious Caldwell-Pope;SG;41;6;15;3;8;0;0;1;5;6;1;2;0;1;3;15;
Jonas Jerebko;;4;0;1;0;1;0;0;0;1;1;0;0;0;0;1;0;
Greg Monroe;;32;9;17;0;0;11;11;1;6;7;0;0;1;2;2;29;
Cartier Martin;;12;2;3;2;3;0;0;0;3;3;0;0;0;0;1;6;
Caron Butler;;29;3;9;2;4;0;0;0;2;2;0;0;0;0;2;8;
D.J. Augustin;;14;0;6;0;1;1;2;1;2;3;3;0;0;1;0;1;
BOS
Jared Sullinger;PF;30;5;12;2;4;2;2;0;8;8;2;2;1;0;5;14;
Jeff Green;SF;36;8;22;6;10;10;10;0;5;5;1;0;1;2;0;32;
Tyler Zeller;C;27;4;6;0;0;0;0;4;6;10;0;0;1;0;3;8;
Rajon Rondo;PG;34;1;6;0;1;0;0;1;2;3;8;3;0;4;1;2;
Avery Bradley;PG;26;2;5;2;3;0;0;0;0;0;0;0;0;0;0;6;
Brandon Bass;;21;2;9;0;0;5;6;1;4;5;1;0;0;0;1;9;
Gerald Wallace;;9;1;1;0;0;0;0;0;0;0;0;0;0;1;1;2;
Kelly Olynyk;;27;8;13;2;4;2;5;0;7;7;4;2;3;2;5;20;
Phil Pressey;;17;3;5;1;2;0;0;0;3;3;4;1;0;0;2;7;
Marcus Smart;;5;0;3;0;3;0;0;0;0;0;2;0;0;0;2;0;
Marcus Thornton;;6;0;3;0;1;0;0;0;1;1;1;0;0;0;0;0;
Evan Turner;;27;3;8;0;2;3;4;2;5;7;5;0;0;3;1;9;
