03-13;DET-POR;99-118;
24-35;22-29;32-31;21-23;
DET
Greg Monroe;PF;32;7;13;0;0;5;5;1;3;4;4;3;0;2;1;19;
Caron Butler;SF;19;4;4;3;3;0;0;0;1;1;0;0;0;0;1;11;
Andre Drummond;C;34;8;17;0;0;0;2;9;8;17;0;0;0;0;4;16;
Reggie Jackson;PG;28;5;13;1;3;0;0;1;2;3;10;0;0;1;2;11;
Kentavious Caldwell-Pope;SG;26;6;14;0;4;0;0;0;2;2;1;0;0;0;1;12;
Anthony Tolliver;;22;1;6;0;4;0;0;0;2;2;0;1;0;1;2;2;
Cartier Martin;;5;2;4;0;2;0;0;0;2;2;0;0;0;0;0;4;
Tayshaun Prince;;21;2;5;1;1;0;0;0;0;0;3;0;1;0;1;5;
Shawne Williams;;4;0;1;0;1;0;0;0;0;0;1;1;0;1;0;0;
Joel Anthony;;4;0;0;0;0;0;0;0;0;0;0;0;1;0;0;0;
Spencer Dinwiddie;;16;2;6;1;4;0;0;0;3;3;2;0;0;1;1;5;
John Lucas III;;4;0;0;0;0;0;0;0;1;1;1;0;0;0;0;0;
Jodie Meeks;;25;4;8;1;3;5;5;0;1;1;1;0;0;0;1;14;
POR
LaMarcus Aldridge;PF;28;9;16;1;1;3;3;2;5;7;1;0;0;2;2;22;
Nicolas Batum;SF;30;1;4;0;1;2;2;0;8;8;2;0;0;1;1;4;
Robin Lopez;C;26;5;8;0;0;1;1;3;1;4;1;1;2;1;1;11;
Damian Lillard;PG;29;9;12;5;7;5;6;0;2;2;9;0;0;1;0;28;
Arron Afflalo;SG;27;5;9;2;4;3;3;0;4;4;1;0;0;1;1;15;
Allen Crabbe;;4;0;1;0;1;0;0;0;1;1;1;0;0;0;0;0;
Dorell Wright;;17;2;3;0;1;0;0;0;4;4;1;1;0;0;0;4;
Meyers Leonard;;20;6;7;2;3;1;1;0;7;7;0;0;0;1;3;15;
Joel Freeland;;3;0;1;0;0;0;0;0;0;0;0;0;0;0;0;0;
Chris Kaman;;18;7;10;0;0;0;1;2;4;6;1;0;0;1;1;14;
Steve Blake;;15;0;0;0;0;0;0;0;0;0;7;0;0;0;0;0;
C.J. McCollum;;22;2;9;1;3;0;0;0;0;0;4;0;0;2;3;5;
