04-10;PHX-NO;75-90;
21-27;20-20;19-23;15-20;
PHX
Brandan Wright;PF;28;3;5;0;1;0;0;1;5;6;2;1;2;0;2;6;
Markieff Morris;PF;29;5;12;0;0;2;2;3;8;11;1;0;0;2;3;12;
Marcus Morris;PF;29;3;14;2;6;0;0;1;8;9;1;1;0;0;2;8;
P.J. Tucker;SF;33;4;10;2;4;2;2;1;3;4;1;1;0;1;4;12;
Eric Bledsoe;PG;39;7;19;2;6;3;4;0;2;2;7;1;1;4;1;19;
Earl Barron;;9;1;2;0;0;0;0;0;1;1;1;0;1;1;2;2;
T.J. Warren;;29;4;11;0;2;0;0;3;1;4;2;1;0;0;1;8;
Reggie Bullock;;8;0;1;0;1;1;2;0;1;1;0;1;0;0;0;1;
Archie Goodwin;;22;1;4;0;2;0;0;1;4;5;1;3;0;2;3;2;
Jerel McNeal;;2;0;1;0;0;0;0;0;0;0;1;0;0;0;0;0;
Gerald Green;;12;2;6;1;3;0;0;0;0;0;1;0;0;0;0;5;
NO
Anthony Davis;PF;23;7;12;0;0;5;11;1;8;9;4;1;1;0;0;19;
Omer Asik;C;22;1;5;0;0;1;2;6;12;18;2;0;0;0;0;3;
Eric Gordon;SG;35;6;14;2;5;1;1;1;0;1;3;0;1;1;3;15;
Tyreke Evans;SG;27;6;14;0;1;2;2;1;3;4;6;1;2;4;1;14;
Quincy Pondexter;SG;27;1;7;1;5;0;0;1;4;5;1;0;0;0;0;3;
Ryan Anderson;;18;1;7;1;3;0;0;1;2;3;0;0;2;1;1;3;
Dante Cunningham;;31;6;8;0;0;0;0;2;7;9;1;0;3;0;2;12;
Luke Babbitt;;3;0;0;0;0;0;0;0;0;0;0;0;1;0;0;0;
Alexis Ajinca;;11;3;4;0;0;1;2;1;2;3;1;1;1;2;0;7;
Norris Cole;;24;5;6;1;2;1;1;0;3;3;6;0;2;1;1;12;
Jimmer Fredette;;1;0;0;0;0;0;0;0;0;0;0;0;0;0;1;0;
Jrue Holiday;;16;1;7;0;3;0;0;1;0;1;5;1;0;2;3;2;
Toney Douglas;;1;0;0;0;0;0;0;0;0;0;0;0;0;0;0;0;
