03-30;SAC-MEM;83-97;
20-24;23-32;21-19;19-22;
SAC
Jason Thompson;PF;29;2;8;0;0;0;0;1;5;6;2;0;1;2;4;4;
Rudy Gay;SF;29;10;18;2;3;2;2;1;3;4;2;1;1;1;1;24;
Reggie Evans;C;18;3;4;0;0;1;2;3;4;7;1;1;0;1;3;7;
Ray McCallum;PG;29;4;9;0;2;4;7;1;3;4;3;0;0;2;1;12;
Ben McLemore;SG;30;3;9;1;4;1;1;0;3;3;0;0;0;1;2;8;
Derrick Williams;;24;4;14;0;3;2;4;2;3;5;0;0;0;1;1;10;
David Wear;;2;0;0;0;0;0;0;1;0;1;1;0;0;0;0;0;
Carl Landry;;14;3;6;0;0;1;2;2;2;4;0;0;0;2;0;7;
Omri Casspi;;18;3;6;1;2;0;0;0;0;0;2;1;0;0;1;7;
Ryan Hollins;;5;0;0;0;0;0;0;0;0;0;0;0;0;0;3;0;
Andre Miller;;19;0;4;0;0;0;0;0;2;2;2;0;0;2;2;0;
Nik Stauskas;;24;1;3;1;2;1;2;1;4;5;3;1;1;0;1;4;
MEM
Zach Randolph;PF;30;5;12;0;1;5;6;2;5;7;3;1;0;3;4;15;
Jeff Green;SF;33;6;11;2;5;2;3;0;4;4;4;1;1;0;2;16;
Marc Gasol;C;27;4;11;0;0;0;0;5;6;11;6;3;1;4;5;8;
Mike Conley;PG;34;6;14;2;6;4;6;1;3;4;2;1;2;1;2;18;
Courtney Lee;SG;31;5;10;0;4;0;0;0;1;1;1;0;1;2;1;10;
JaMychal Green;;4;1;2;0;0;0;0;0;0;0;0;0;0;0;0;2;
Kosta Koufos;;24;3;6;0;0;2;2;5;7;12;0;0;3;2;3;8;
Beno Udrih;;17;3;6;1;1;0;0;0;2;2;3;0;1;0;1;7;
Vince Carter;;25;3;8;3;6;0;0;1;1;2;1;1;1;1;1;9;
Nick Calathes;;15;2;3;0;0;0;0;0;2;2;3;0;1;0;2;4;
