03-16;TOR-IND;117-98;
29-24;29-30;30-27;29-17;
TOR
Amir Johnson;PF;29;3;7;1;1;4;5;2;7;9;1;0;1;3;3;11;
Terrence Ross;SF;21;3;6;3;4;0;0;0;1;1;0;0;0;1;3;9;
Jonas Valanciunas;C;26;7;10;0;0;0;1;5;7;12;0;0;2;0;2;14;
Kyle Lowry;PG;38;7;13;5;8;1;3;0;11;11;10;3;0;3;4;20;
DeMar DeRozan;SG;37;6;19;0;0;10;11;0;3;3;3;0;0;1;2;22;
Tyler Hansbrough;;19;1;1;0;0;3;4;0;1;1;0;0;0;0;3;5;
Patrick Patterson;;22;1;1;0;0;2;2;0;7;7;2;0;0;0;4;4;
Greivis Vasquez;;25;3;8;2;4;0;0;0;2;2;3;0;1;2;3;8;
Louis Williams;;23;8;17;1;6;7;7;0;3;3;0;0;0;1;0;24;
Landry Fields;;1;0;0;0;0;0;0;0;2;2;0;0;0;0;0;0;
IND
David West;PF;30;3;8;0;0;1;1;1;8;9;3;0;0;0;1;7;
Solomon Hill;SF;35;4;8;0;2;3;4;0;4;4;4;2;1;1;5;11;
Roy Hibbert;C;29;5;13;0;0;7;8;2;5;7;1;0;2;0;4;17;
George Hill;PG;34;9;15;1;3;4;5;0;2;2;2;1;0;1;5;23;
C.J. Miles;SG;25;4;12;1;7;3;4;0;2;2;1;2;1;0;3;12;
Luis Scola;;16;1;3;0;0;0;0;0;4;4;3;0;0;0;1;2;
Lavoy Allen;;2;0;0;0;0;0;0;0;2;2;0;0;0;0;0;0;
Chris Copeland;;2;0;2;0;2;0;0;0;0;0;0;0;0;0;0;0;
Damjan Rudez;;2;0;0;0;0;0;0;0;0;0;0;0;0;0;0;0;
Ian Mahinmi;;16;0;2;0;0;0;0;0;3;3;0;0;0;0;1;0;
Donald Sloan;;2;0;1;0;1;0;0;0;0;0;0;0;0;0;0;0;
Rodney Stuckey;;28;9;16;0;2;2;2;0;1;1;4;1;0;1;1;20;
C.J. Watson;;19;3;8;0;2;0;1;1;1;2;3;1;0;1;1;6;
