03-25;IND-WSH;103-101;
14-20;28-24;28-32;33-25;
IND
David West;PF;29;5;9;0;0;0;2;2;9;11;3;1;0;1;3;10;
Solomon Hill;SF;32;3;8;2;3;5;6;0;6;6;3;0;0;2;2;13;
Roy Hibbert;C;17;0;6;0;0;0;0;1;4;5;2;0;0;1;1;0;
George Hill;PG;43;12;24;0;4;5;5;2;5;7;9;1;1;4;3;29;
C.J. Miles;SG;31;5;10;3;8;3;4;1;0;1;0;1;0;0;3;16;
Luis Scola;;11;0;2;0;0;2;4;0;1;1;0;0;0;0;2;2;
Lavoy Allen;;24;4;5;0;0;0;0;1;5;6;1;1;1;0;5;8;
Damjan Rudez;;20;4;9;3;7;0;0;1;0;1;1;0;0;1;1;11;
Ian Mahinmi;;15;1;1;0;0;1;4;1;2;3;0;0;0;0;2;3;
C.J. Watson;;19;4;11;1;4;2;3;0;2;2;2;3;0;1;1;11;
WSH
Nene Hilario;PF;28;3;8;0;0;4;6;1;4;5;0;0;0;2;2;10;
Paul Pierce;SF;23;1;4;1;1;1;2;0;5;5;1;0;0;0;2;4;
Marcin Gortat;C;30;7;10;0;0;2;2;1;6;7;0;1;2;2;1;16;
John Wall;PG;41;11;21;2;4;10;11;0;4;4;6;2;1;2;5;34;
Bradley Beal;SG;11;2;5;1;2;0;0;0;0;0;2;1;0;1;0;5;
Drew Gooden;;17;2;4;0;0;0;0;2;2;4;0;0;0;0;4;4;
Otto Porter Jr.;;0;0;0;0;0;0;0;0;0;0;0;0;0;0;0;0;
Martell Webster;;28;1;6;0;2;4;6;1;5;6;1;2;0;1;1;6;
Rasual Butler;;23;3;6;1;3;3;4;0;6;6;0;0;0;1;2;10;
Kevin Seraphin;;21;2;6;0;0;1;1;1;6;7;1;0;1;1;4;5;
Ramon Sessions;;19;1;5;0;2;5;6;0;2;2;2;0;0;0;2;7;
