02-21;TOR-HOU;76-98;
18-20;18-20;17-28;23-30;
TOR
Amir Johnson;PF;19;0;2;0;0;0;0;0;7;7;1;2;0;3;4;0;
James Johnson;PF;35;10;16;1;2;6;8;0;5;5;0;4;4;2;1;27;
Jonas Valanciunas;C;25;3;5;0;0;5;5;2;5;7;0;3;0;1;3;11;
Kyle Lowry;PG;37;2;13;0;7;7;10;0;1;1;4;0;0;7;5;11;
DeMar DeRozan;SG;38;4;14;0;0;2;3;0;3;3;3;3;1;5;4;10;
Patrick Patterson;;24;2;7;1;4;0;0;2;2;4;0;1;0;1;1;5;
Tyler Hansbrough;;8;0;1;0;0;0;0;0;3;3;0;1;0;0;1;0;
Terrence Ross;;21;2;9;0;1;2;2;1;3;4;2;1;0;2;2;6;
Lucas Nogueira;;3;0;1;0;0;0;0;1;0;1;0;0;0;0;0;0;
Greg Stiemsma;;2;0;0;0;0;0;0;0;0;0;0;0;0;0;0;0;
Chuck Hayes;;3;0;1;0;0;0;0;0;1;1;0;0;0;0;1;0;
Greivis Vasquez;;22;2;7;2;4;0;0;1;2;3;2;2;0;2;2;6;
Landry Fields;;4;0;1;0;0;0;0;0;0;0;0;0;0;0;0;0;
HOU
Donatas Motiejunas;PF;31;5;12;0;2;2;2;3;8;11;2;3;2;3;3;12;
Trevor Ariza;SF;28;3;9;1;4;2;2;1;3;4;1;1;0;2;1;9;
Joey Dorsey;C;16;3;4;0;0;0;0;0;2;2;0;2;0;0;3;6;
Patrick Beverley;PG;25;1;8;1;6;0;0;1;3;4;2;4;0;3;4;3;
James Harden;SG;29;5;12;2;6;8;10;0;5;5;7;2;0;5;2;20;
Terrence Jones;;24;3;9;0;1;5;8;4;5;9;1;0;3;1;3;11;
Kostas Papanikolaou;;5;0;1;0;1;0;0;0;0;0;1;0;0;1;0;0;
Josh Smith;;21;3;7;2;5;0;2;0;5;5;3;0;3;5;1;8;
Pablo Prigioni;;4;0;0;0;0;0;0;0;0;0;1;0;0;0;0;0;
K.J. McDaniels;;4;0;2;0;1;0;0;0;0;0;0;0;0;0;0;0;
Corey Brewer;;35;12;19;0;2;2;3;2;8;10;2;5;0;3;3;26;
Jason Terry;;19;0;1;0;1;3;4;0;2;2;2;0;1;0;3;3;
