12-04;NO-GS;85-112;
28-22;12-31;26-27;19-32;
NO
Anthony Davis;PF;38;14;19;0;0;2;4;3;12;15;3;2;3;2;2;30;
Luke Babbitt;SF;19;2;3;1;2;0;0;0;3;3;0;1;0;0;1;5;
Omer Asik;C;30;4;8;0;0;1;2;4;11;15;1;0;0;2;1;9;
Jrue Holiday;PG;33;5;15;0;2;2;2;2;1;3;8;1;0;4;2;12;
Tyreke Evans;SG;36;4;15;1;3;2;3;0;3;3;5;2;1;7;2;11;
Dante Cunningham;;12;1;6;0;0;0;0;1;2;3;0;1;0;1;2;2;
Ryan Anderson;;26;2;9;0;5;0;0;0;0;0;1;1;0;1;0;4;
John Salmons;;21;2;4;1;2;0;0;0;3;3;2;0;0;0;2;5;
Jeff Withey;;2;0;0;0;0;0;0;0;2;2;0;0;0;0;0;0;
Jimmer Fredette;;2;0;2;0;0;0;0;0;0;0;0;0;0;0;0;0;
Austin Rivers;;23;3;8;0;1;1;2;0;0;0;3;0;0;0;3;7;
GS
Harrison Barnes;SF;40;7;12;0;1;3;4;5;5;10;1;0;0;1;0;17;
Draymond Green;SF;32;6;13;2;5;0;0;5;9;14;2;0;1;2;3;14;
Andrew Bogut;C;29;4;9;0;0;0;0;4;7;11;1;0;4;1;2;8;
Stephen Curry;PG;31;8;17;3;6;0;0;0;3;3;11;4;1;2;0;19;
Klay Thompson;SG;33;8;16;5;8;2;4;1;3;4;5;2;1;2;0;23;
Festus Ezeli;;2;0;0;0;0;1;4;0;0;0;0;0;0;0;0;1;
Marreese Speights;;17;5;14;0;0;2;2;2;4;6;1;1;1;1;1;12;
Shaun Livingston;;17;2;6;0;0;0;0;1;2;3;6;1;0;0;0;4;
Justin Holiday;;2;1;1;0;0;0;0;0;0;0;0;0;0;0;0;2;
Leandro Barbosa;;13;3;6;0;1;0;0;0;1;1;1;1;0;0;1;6;
Andre Iguodala;;23;3;6;0;1;0;3;0;4;4;3;2;0;0;1;6;
