01-14;SA-CHA;98-93;
22-18;35-27;19-23;22-25;
SA
Tim Duncan;PF;31;6;13;0;0;2;2;2;8;10;3;2;3;2;3;14;
Austin Daye;SF;6;1;3;0;1;0;0;0;2;2;0;0;0;0;1;2;
Matt Bonner;C;29;3;5;2;3;0;0;1;7;8;3;0;4;1;4;8;
Tony Parker;PG;23;5;12;0;1;0;0;1;2;3;5;0;0;2;2;10;
Danny Green;SG;36;6;11;3;7;3;3;1;2;3;3;1;1;2;4;18;
Boris Diaw;;18;0;5;0;0;1;2;0;2;2;1;0;1;1;0;1;
Tiago Splitter;;17;3;4;0;0;3;4;0;4;4;2;0;1;0;4;9;
Patty Mills;;25;2;9;0;1;1;1;1;4;5;3;0;0;0;2;5;
Cory Joseph;;30;1;9;0;2;2;2;0;2;2;5;1;1;0;4;4;
Manu Ginobili;;24;10;14;3;6;4;6;0;3;3;2;3;0;4;3;27;
CHA
Cody Zeller;PF;32;4;9;0;0;0;0;0;10;10;4;0;0;0;2;8;
Michael Kidd-Gilchrist;SF;27;2;8;0;0;4;4;1;4;5;2;0;0;1;1;8;
Bismack Biyombo;C;29;4;6;0;0;4;9;7;8;15;0;0;5;0;2;12;
Kemba Walker;PG;35;9;24;1;4;9;10;1;0;1;3;0;3;4;1;28;
Gerald Henderson;SG;30;4;12;0;1;3;4;1;3;4;2;1;1;2;3;11;
Jason Maxiell;;18;1;4;0;0;1;2;4;1;5;0;2;1;0;0;3;
Marvin Williams;;17;0;2;0;2;0;0;0;4;4;0;1;0;2;4;0;
Brian Roberts;;13;2;4;0;1;0;0;0;0;0;2;0;0;0;1;4;
P.J. Hairston;;21;4;9;3;5;0;0;1;2;3;0;0;0;0;1;11;
Lance Stephenson;;18;3;8;0;0;2;6;0;1;1;2;0;0;1;3;8;
