10-31;CLE-CHI;114-108;
28-27;30-25;20-17;20-29;16-10;
CLE
Kevin Love;PF;41;5;17;1;6;5;6;2;14;16;1;4;0;0;2;16;
LeBron James;SF;42;14;30;1;3;7;9;1;7;8;5;4;1;3;1;36;
Anderson Varejao;C;28;4;8;0;0;2;2;3;3;6;1;0;0;1;2;10;
Kyrie Irving;PG;35;6;17;1;3;10;10;0;1;1;3;0;0;4;4;23;
Dion Waiters;SG;26;3;10;0;0;3;4;1;2;3;1;0;0;1;2;9;
Tristan Thompson;;36;7;13;0;0;2;2;12;1;13;2;0;2;0;2;16;
Matthew Dellavedova;;30;0;3;0;2;0;0;0;1;1;4;0;1;0;3;0;
Joe Harris;;0;0;0;0;0;0;0;0;0;0;0;0;0;0;0;0;
Shawn Marion;;15;2;5;0;0;0;0;1;2;3;1;0;0;0;1;4;
Mike Miller;;12;0;1;0;1;0;0;0;1;1;0;0;0;0;1;0;
CHI
Pau Gasol;PF;37;6;18;0;0;3;3;1;8;9;3;0;6;3;0;15;
Mike Dunleavy;SF;40;5;10;4;7;0;0;0;9;9;8;1;2;3;5;14;
Joakim Noah;C;37;3;7;0;0;2;2;2;11;13;4;0;3;4;6;8;
Derrick Rose;PG;25;8;16;2;6;2;3;3;1;4;4;0;0;2;1;20;
Kirk Hinrich;SG;34;7;11;3;5;3;5;1;1;2;1;2;0;1;3;20;
Taj Gibson;;28;5;9;0;0;0;0;3;0;3;2;0;1;1;5;10;
Nikola Mirotic;;4;0;0;0;0;0;0;0;0;0;0;0;0;0;1;0;
Tony Snell;;23;3;8;2;5;2;2;1;0;1;1;0;1;1;3;10;
Doug McDermott;;17;0;3;0;3;0;0;0;0;0;0;0;1;0;1;0;
Aaron Brooks;;20;4;8;2;5;1;2;0;1;1;2;1;0;4;3;11;
