02-20;NO-ORL;84-95;
20-19;27-24;24-30;13-22;
NO
Dante Cunningham;PF;17;3;4;0;0;0;0;1;1;2;0;1;1;1;0;6;
Anthony Davis;PF;38;5;15;0;0;3;4;3;8;11;1;0;2;4;1;13;
Omer Asik;C;20;3;5;0;0;0;0;0;4;4;1;1;1;0;1;6;
Eric Gordon;SG;37;4;8;3;5;0;0;0;5;5;4;0;0;3;3;11;
Tyreke Evans;SG;36;4;13;0;5;6;8;0;8;8;10;0;0;2;3;14;
Ryan Anderson;;27;4;11;1;6;4;6;1;2;3;1;2;1;0;0;13;
Luke Babbitt;;9;2;3;0;0;0;0;0;1;1;0;1;0;0;0;4;
Jeff Withey;;1;0;0;0;0;0;0;0;0;0;0;0;0;0;0;0;
Alexis Ajinca;;10;1;3;0;0;0;0;0;1;1;1;0;1;0;0;2;
Jimmer Fredette;;15;0;3;0;1;2;2;1;1;2;2;0;0;0;1;2;
Quincy Pondexter;;29;3;4;1;2;6;8;1;2;3;1;1;0;1;2;13;
ORL
Channing Frye;PF;18;1;6;0;4;0;0;0;2;2;0;1;0;1;4;2;
Nikola Vucevic;C;37;9;19;0;0;0;0;5;8;13;1;1;1;2;4;18;
Elfrid Payton;PG;32;4;7;0;0;2;4;2;5;7;11;0;0;0;3;10;
Evan Fournier;SG;39;7;16;2;6;0;0;0;6;6;3;0;0;0;1;16;
Victor Oladipo;SG;31;11;18;0;4;0;0;0;2;2;2;1;1;2;3;22;
Aaron Gordon;;7;1;2;0;0;0;0;0;2;2;0;0;1;1;1;2;
Andrew Nicholson;;21;2;6;1;2;1;2;0;0;0;0;0;0;1;1;6;
Kyle O'Quinn;;1;0;0;0;0;0;0;0;1;1;0;0;0;0;0;0;
Dewayne Dedmon;;19;3;4;0;0;0;0;1;2;3;1;1;0;1;2;6;
Luke Ridnour;;11;2;4;0;1;0;0;0;1;1;1;0;0;1;0;4;
Willie Green;;24;4;6;1;1;0;0;1;4;5;3;0;0;0;2;9;
