12-16;GS-MEM;98-105;
30-24;19-33;20-23;29-25;
GS
Harrison Barnes;SF;31;4;7;1;3;2;2;2;6;8;0;0;1;2;1;11;
Draymond Green;SF;36;2;11;0;4;0;0;3;7;10;6;1;5;3;3;4;
Festus Ezeli;C;13;1;3;0;0;1;2;2;3;5;0;0;1;1;4;3;
Stephen Curry;PG;39;9;25;1;10;0;0;0;7;7;6;4;0;3;2;19;
Klay Thompson;SG;40;8;16;4;5;2;2;0;2;2;0;1;1;2;1;22;
Marreese Speights;;26;7;14;0;0;4;4;5;3;8;0;0;2;1;5;18;
Shaun Livingston;;23;5;9;0;0;2;2;2;1;3;3;0;1;2;2;12;
Andre Iguodala;;32;3;10;3;9;0;0;1;5;6;3;3;0;0;1;9;
MEM
Zach Randolph;PF;26;8;12;0;0;1;2;4;6;10;0;0;0;3;1;17;
Tony Allen;SF;21;1;7;0;0;0;0;3;4;7;2;2;0;0;1;2;
Marc Gasol;C;35;11;21;0;0;2;4;2;5;7;3;0;1;1;2;24;
Mike Conley;PG;32;6;18;0;4;5;5;0;0;0;5;4;0;3;4;17;
Courtney Lee;SG;31;1;4;0;1;3;3;0;7;7;2;0;0;1;2;5;
Jon Leuer;;19;4;6;0;1;3;3;0;4;4;0;0;0;1;4;11;
Tayshaun Prince;;23;1;6;1;1;0;0;0;3;3;3;0;1;0;1;3;
Kosta Koufos;;13;2;2;0;0;0;0;0;5;5;0;2;2;1;0;4;
Beno Udrih;;16;3;4;0;0;0;0;0;1;1;8;1;0;0;0;6;
Vince Carter;;24;5;12;4;7;2;2;1;3;4;1;0;0;2;1;16;
