11-30;MEM-SAC;97-85;
28-20;30-22;16-23;23-20;
MEM
Zach Randolph;PF;34;8;16;0;0;6;10;2;10;12;4;3;0;0;3;22;
Tony Allen;SF;29;5;7;0;0;3;7;3;0;3;2;4;0;4;5;13;
Marc Gasol;C;31;6;11;0;0;6;6;0;6;6;5;1;1;1;5;18;
Mike Conley;PG;31;4;11;1;3;1;2;1;2;3;6;1;0;3;3;10;
Courtney Lee;SG;32;5;9;0;2;1;1;1;0;1;1;1;0;1;1;11;
Jon Leuer;;15;4;7;0;0;0;1;1;4;5;1;1;1;1;2;8;
Jarnell Stokes;;1;0;0;0;0;0;0;0;0;0;0;0;0;0;0;0;
Kosta Koufos;;15;0;3;0;0;0;0;2;2;4;1;1;2;1;1;0;
Beno Udrih;;17;3;6;0;1;1;1;0;0;0;2;1;0;0;2;7;
Vince Carter;;14;2;7;2;6;0;0;0;1;1;1;0;0;1;1;6;
Nick Calathes;;1;0;0;0;0;0;0;0;0;0;1;0;0;1;0;0;
Quincy Pondexter;;19;1;2;0;1;0;0;0;0;0;1;0;0;0;4;2;
SAC
Jason Thompson;PF;20;1;2;0;0;0;0;0;2;2;1;0;1;2;6;2;
Rudy Gay;SF;33;7;14;0;1;6;7;1;3;4;3;1;0;4;2;20;
Ryan Hollins;C;17;0;0;0;0;0;1;0;1;1;0;0;1;1;1;0;
Darren Collison;PG;38;6;14;0;3;4;7;0;7;7;7;4;1;5;0;16;
Ben McLemore;SG;41;7;13;1;3;3;4;0;2;2;2;1;0;3;3;18;
Eric Moreland;;1;0;0;0;0;0;0;0;1;1;0;0;0;0;1;0;
Carl Landry;;23;3;6;0;0;0;0;1;3;4;1;0;0;4;5;6;
Omri Casspi;;15;2;4;0;1;2;2;0;1;1;0;0;0;0;0;6;
Reggie Evans;;35;7;10;0;0;3;6;9;11;20;1;1;1;2;4;17;
Ray McCallum;;1;0;0;0;0;0;0;0;0;0;0;0;0;0;0;0;
Ramon Sessions;;10;0;3;0;0;0;0;0;0;0;1;0;0;2;3;0;
Nik Stauskas;;7;0;4;0;3;0;0;0;0;0;0;0;0;0;0;0;
