03-16;OKC-DAL;115-119;
29-27;34-26;29-39;23-27;
OKC
Enes Kanter;C;37;7;12;0;0;5;5;4;9;13;0;0;1;2;3;19;
Steven Adams;C;30;5;8;0;0;5;6;5;3;8;0;0;0;3;6;15;
Russell Westbrook;PG;36;7;17;1;4;9;10;1;7;8;12;4;1;7;6;24;
Dion Waiters;SG;36;6;16;1;5;2;4;0;3;3;3;1;0;2;3;15;
Andre Roberson;SG;12;1;1;1;1;0;0;0;1;1;0;1;0;2;4;3;
Mitch McGary;;17;5;11;0;0;2;4;4;9;13;0;0;1;1;2;12;
Nick Collison;;11;0;0;0;0;3;4;2;0;2;1;0;0;0;1;3;
Kyle Singler;;10;1;3;1;2;2;2;1;1;2;0;0;0;0;5;5;
D.J. Augustin;;24;3;11;0;7;0;0;0;5;5;2;1;0;1;0;6;
Anthony Morrow;;26;5;11;3;7;0;0;0;4;4;1;1;1;3;4;13;
DAL
Dirk Nowitzki;PF;27;8;18;4;7;2;2;0;4;4;2;0;0;0;4;22;
Chandler Parsons;SF;38;10;14;3;5;8;9;0;4;4;0;2;0;3;4;31;
Tyson Chandler;C;34;1;4;0;0;3;6;4;3;7;1;2;2;0;4;5;
Rajon Rondo;PG;33;5;8;1;2;0;0;1;3;4;13;1;0;4;3;11;
Monta Ellis;SG;37;8;20;0;3;8;11;0;5;5;3;3;0;4;5;24;
Charlie Villanueva;;19;4;8;2;5;0;0;1;4;5;0;0;0;1;3;10;
Richard Jefferson;;11;0;2;0;1;3;4;0;1;1;0;1;0;0;1;3;
Amar'e Stoudemire;;14;5;9;0;0;0;1;2;3;5;1;0;0;0;2;10;
J.J. Barea;;18;1;5;0;2;1;2;0;2;2;7;0;0;0;1;3;
Devin Harris;;8;0;1;0;0;0;0;0;0;0;0;0;0;0;0;0;
