03-09;GS-PHX;98-80;
25-19;21-27;30-15;22-19;
GS
Harrison Barnes;SF;32;3;8;0;2;3;3;2;2;4;1;0;0;1;2;9;
Draymond Green;SF;34;3;13;2;6;3;4;2;8;10;0;3;1;3;2;11;
Andrew Bogut;C;23;1;1;0;0;0;0;1;6;7;2;1;1;1;4;2;
Stephen Curry;PG;36;14;24;7;13;1;2;3;3;6;5;4;0;4;3;36;
Klay Thompson;SG;31;8;19;4;8;5;5;0;2;2;3;0;1;2;1;25;
Festus Ezeli;;15;1;3;0;0;1;1;1;7;8;0;0;1;1;1;3;
Marreese Speights;;4;0;1;0;0;0;0;0;2;2;2;0;0;0;0;0;
Shaun Livingston;;25;3;6;0;0;1;2;0;2;2;4;0;2;1;4;7;
Justin Holiday;;3;0;2;0;1;0;0;0;0;0;0;0;0;1;0;0;
Leandro Barbosa;;8;0;3;0;0;0;0;0;0;0;0;0;0;0;0;0;
Andre Iguodala;;29;2;3;0;1;1;2;0;7;7;0;3;2;4;4;5;
PHX
Markieff Morris;PF;26;1;8;0;1;2;2;0;4;4;3;3;0;3;4;4;
P.J. Tucker;SF;35;3;7;0;1;2;4;3;2;5;0;1;0;1;1;8;
Alex Len;C;28;3;6;0;0;4;4;0;11;11;0;0;1;4;4;10;
Eric Bledsoe;PG;36;6;11;2;3;5;6;0;2;2;3;2;0;6;3;19;
Brandon Knight;PG;13;5;9;2;2;1;1;1;0;1;0;1;0;0;1;13;
Marcus Morris;;28;1;7;0;2;0;0;0;6;6;2;1;0;1;1;2;
Brandan Wright;;15;3;8;0;0;1;1;1;3;4;1;1;0;0;3;7;
Earl Barron;;3;0;2;0;0;0;0;0;0;0;0;0;0;0;0;0;
T.J. Warren;;24;5;9;0;0;1;1;1;1;2;1;0;0;1;0;11;
Archie Goodwin;;8;1;3;0;0;2;2;0;1;1;1;0;0;0;1;4;
Reggie Bullock;;3;0;1;0;0;0;0;0;0;0;0;0;0;0;0;0;
Marcus Thornton;;3;0;0;0;0;0;0;0;0;0;0;2;0;0;0;0;
Gerald Green;;18;1;6;0;2;0;2;0;1;1;2;0;0;2;1;2;
