01-16;ATL-TOR;110-89;
24-19;28-19;33-30;25-21;
ATL
Paul Millsap;PF;33;6;9;2;2;2;2;1;7;8;4;3;2;3;3;16;
DeMarre Carroll;SF;30;5;10;3;6;0;0;0;3;3;3;1;1;1;2;13;
Al Horford;C;28;8;8;0;0;6;7;0;5;5;5;0;1;0;0;22;
Jeff Teague;PG;25;6;12;1;2;0;0;0;5;5;9;2;1;1;3;13;
Kyle Korver;SG;29;4;6;3;5;0;0;0;1;1;2;1;0;5;1;11;
Elton Brand;;4;0;1;0;0;0;0;0;0;0;1;0;0;0;1;0;
Mike Scott;;13;1;3;0;2;2;2;0;1;1;1;0;0;1;0;4;
Mike Muscala;;6;2;3;0;1;0;0;1;0;1;0;0;0;1;0;4;
Pero Antic;;16;1;3;1;2;0;0;0;0;0;0;0;0;2;3;3;
Thabo Sefolosha;;17;2;3;1;2;0;0;1;4;5;1;0;0;0;1;5;
Shelvin Mack;;5;0;2;0;0;0;0;1;0;1;0;0;0;0;0;0;
Dennis Schroder;;18;4;6;0;0;1;1;0;0;0;4;0;0;1;0;9;
Kent Bazemore;;15;3;3;1;1;3;4;0;2;2;0;0;1;2;3;10;
TOR
Amir Johnson;PF;23;3;6;1;1;1;2;1;4;5;0;0;0;4;4;8;
Terrence Ross;SF;26;1;8;1;4;2;2;1;1;2;1;0;0;0;0;5;
Jonas Valanciunas;C;23;1;4;0;0;2;2;4;2;6;0;0;0;1;0;4;
Kyle Lowry;PG;32;5;13;0;6;1;2;1;2;3;5;2;0;2;3;11;
DeMar DeRozan;SG;32;11;18;1;2;2;4;0;3;3;2;2;0;4;1;25;
Tyler Hansbrough;;16;2;6;0;2;0;0;1;1;2;0;2;1;1;0;4;
James Johnson;;27;7;11;0;0;3;3;1;5;6;3;1;2;3;4;17;
Patrick Patterson;;20;0;3;0;3;2;2;1;2;3;1;0;0;0;1;2;
Greivis Vasquez;;21;3;7;2;4;0;0;0;1;1;6;0;0;1;3;8;
Louis Williams;;21;2;6;1;3;0;0;2;2;4;2;0;0;1;0;5;
