03-10;ORL-IND;86-118;
28-26;19-33;23-27;16-32;
ORL
Tobias Harris;SF;30;8;17;1;4;5;6;2;4;6;0;2;0;2;2;22;
Nikola Vucevic;C;28;6;10;0;0;1;2;1;4;5;2;2;0;1;1;13;
Dewayne Dedmon;C;17;3;4;0;0;0;0;2;6;8;0;0;1;1;3;6;
Elfrid Payton;PG;32;5;13;0;0;4;6;2;1;3;6;1;1;2;3;14;
Victor Oladipo;SG;32;4;12;1;3;4;4;0;3;3;2;3;3;1;3;13;
Aaron Gordon;;12;1;4;0;0;0;0;2;0;2;0;0;0;0;0;2;
Andrew Nicholson;;13;0;7;0;1;0;0;1;1;2;0;1;2;0;0;0;
Kyle O'Quinn;;7;3;5;0;0;0;0;3;1;4;0;0;0;1;0;6;
Channing Frye;;19;1;5;1;3;0;0;0;1;1;0;0;0;0;3;3;
Maurice Harkless;;16;1;6;0;1;0;2;4;0;4;2;0;0;1;1;2;
Luke Ridnour;;20;0;5;0;3;0;0;2;1;3;3;0;0;1;1;0;
Willie Green;;9;1;2;1;1;0;0;0;1;1;0;0;0;0;0;3;
Ben Gordon;;6;1;2;0;1;0;0;0;3;3;0;0;0;0;0;2;
IND
David West;PF;22;1;3;0;0;2;2;0;4;4;0;1;1;1;1;4;
Damjan Rudez;SF;27;6;8;5;7;0;0;0;0;0;5;0;0;2;0;17;
Solomon Hill;SF;28;4;11;1;4;0;0;0;2;2;6;0;0;3;3;9;
Roy Hibbert;C;15;1;1;0;0;0;0;2;2;4;1;0;1;0;1;2;
George Hill;PG;25;5;14;2;8;1;2;0;1;1;6;1;0;1;3;13;
Shayne Whittington;;5;2;4;0;0;0;0;0;2;2;0;0;0;0;1;4;
Luis Scola;;20;6;8;0;0;3;3;3;7;10;0;1;0;1;2;15;
Lavoy Allen;;5;1;3;0;0;0;0;2;2;4;2;0;0;1;0;2;
Chris Copeland;;5;0;1;0;1;0;0;0;0;0;1;0;0;0;0;0;
Ian Mahinmi;;28;3;6;0;0;0;0;2;8;10;3;0;1;0;1;6;
Donald Sloan;;5;0;1;0;0;0;0;0;2;2;1;0;0;0;1;0;
Rodney Stuckey;;31;13;19;6;9;2;2;1;5;6;7;1;1;1;2;34;
C.J. Watson;;23;3;6;3;5;3;3;1;3;4;5;2;1;3;0;12;
