01-12;NO-BOS;100-108;
22-22;27-27;27-23;24-36;
NO
Dante Cunningham;PF;36;2;3;0;0;0;0;2;3;5;1;0;0;0;2;4;
Anthony Davis;PF;40;10;23;0;0;14;15;3;6;9;4;0;3;0;5;34;
Omer Asik;C;25;1;4;0;0;3;4;6;6;12;3;1;0;2;3;5;
Jrue Holiday;PG;16;2;5;0;1;0;0;1;3;4;2;2;1;5;1;4;
Eric Gordon;SG;36;7;12;3;5;4;4;2;0;2;3;1;0;4;4;21;
Ryan Anderson;;27;2;8;2;5;2;2;1;3;4;2;2;1;3;4;8;
Luke Babbitt;;4;0;1;0;1;0;0;0;1;1;0;0;0;0;1;0;
John Salmons;;6;0;0;0;0;0;0;0;0;0;0;0;0;0;1;0;
Jeff Withey;;2;0;1;0;0;0;0;0;0;0;0;0;1;0;0;0;
Jimmer Fredette;;12;0;3;0;0;5;6;0;0;0;2;1;0;1;0;5;
Tyreke Evans;;35;7;15;1;3;4;6;1;7;8;3;0;0;3;2;19;
BOS
Jared Sullinger;PF;32;9;17;1;4;8;9;6;4;10;3;1;1;1;1;27;
Jae Crowder;SF;36;9;14;2;4;2;2;0;3;3;3;4;2;0;2;22;
Tyler Zeller;C;21;1;9;0;0;0;0;2;2;4;2;0;1;1;3;2;
Avery Bradley;PG;32;3;10;1;4;3;4;2;2;4;3;0;0;2;3;10;
Evan Turner;SG;25;4;8;1;3;1;2;1;6;7;5;1;0;2;1;10;
Brandon Bass;;24;4;10;1;2;3;3;2;3;5;1;0;0;1;1;12;
Gerald Wallace;;3;0;0;0;0;1;2;2;0;2;0;0;0;1;0;1;
Kelly Olynyk;;14;1;3;0;0;0;0;2;2;4;1;1;1;2;5;2;
Marcus Smart;;30;3;7;1;3;0;0;0;3;3;6;1;0;0;5;7;
James Young;;10;1;2;0;1;0;0;0;2;2;0;0;0;1;0;2;
Marcus Thornton;;14;2;8;1;3;8;9;0;0;0;0;0;0;0;2;13;
