04-10;MIN-LAL;98-106;
21-30;26-22;24-28;27-26;
MIN
Adreian Payne;PF;29;5;8;0;1;4;6;2;5;7;2;1;0;2;4;14;
Andrew Wiggins;SF;42;7;15;0;0;15;16;4;6;10;6;2;0;3;1;29;
Justin Hamilton;C;24;2;4;0;0;2;2;1;3;4;0;1;3;0;4;6;
Zach LaVine;PG;32;6;12;2;5;4;4;0;5;5;4;0;0;2;1;18;
Kevin Martin;SG;26;2;8;0;0;2;2;0;2;2;0;0;0;3;0;6;
Chase Budinger;;32;3;10;0;2;2;2;1;2;3;1;0;0;1;3;8;
Robbie Hummel;;24;3;6;1;3;0;0;0;4;4;0;0;0;0;3;7;
Arinze Onuaku;;0;0;0;0;0;0;0;0;0;0;0;0;0;0;0;0;
Lorenzo Brown;;30;4;11;0;4;2;2;1;3;4;4;3;0;1;4;10;
LAL
Ryan Kelly;PF;38;7;12;5;6;2;2;0;4;4;7;1;0;1;5;21;
Tarik Black;PF;28;8;9;0;0;2;4;3;7;10;1;1;0;1;4;18;
Wesley Johnson;SF;42;4;11;2;8;0;0;3;5;8;4;0;1;4;5;10;
Jordan Clarkson;PG;40;8;18;1;3;1;2;3;3;6;9;4;0;2;1;18;
Jabari Brown;SG;38;6;14;0;4;8;12;0;3;3;7;0;0;2;4;20;
Ed Davis;;18;3;5;0;0;1;2;4;5;9;0;0;1;0;1;7;
Robert Sacre;;13;3;7;0;0;1;2;1;4;5;1;0;0;1;2;7;
Dwight Buycks;;25;2;7;1;2;0;0;0;1;1;6;0;0;1;0;5;
