01-17;POR-MEM;98-102;
23-30;19-30;28-18;28-24;
POR
LaMarcus Aldridge;PF;39;11;22;1;1;9;10;3;6;9;2;1;3;2;5;32;
Nicolas Batum;SF;31;1;6;1;3;0;0;1;1;2;3;1;1;1;1;3;
Chris Kaman;C;30;2;9;0;0;0;0;7;4;11;0;1;1;0;4;4;
Damian Lillard;PG;41;9;26;3;10;2;3;3;3;6;6;2;0;2;2;23;
Wesley Matthews;SG;39;9;18;7;14;0;0;0;4;4;1;0;0;0;2;25;
Thomas Robinson;;4;1;2;0;0;2;2;1;0;1;0;0;0;0;0;4;
Dorell Wright;;15;0;2;0;2;0;0;0;2;2;0;0;0;0;1;0;
Meyers Leonard;;18;1;4;0;3;0;0;0;4;4;0;0;0;2;5;2;
Steve Blake;;17;2;4;1;3;0;0;0;1;1;8;1;0;0;1;5;
C.J. McCollum;;6;0;0;0;0;0;0;0;0;0;0;1;0;0;1;0;
MEM
Zach Randolph;PF;38;6;13;0;0;8;10;3;12;15;2;0;0;5;4;20;
Tony Allen;SF;18;1;4;0;1;0;0;0;2;2;0;1;0;1;3;2;
Marc Gasol;C;40;7;14;0;0;1;2;2;6;8;6;0;3;0;3;15;
Beno Udrih;PG;29;7;7;0;0;3;4;0;7;7;3;0;1;3;1;17;
Courtney Lee;SG;33;6;13;4;6;1;2;0;2;2;3;0;0;2;2;17;
Jeff Green;;30;6;14;3;5;2;2;3;2;5;1;1;0;0;0;17;
Kosta Koufos;;18;3;4;0;0;0;0;2;5;7;1;0;0;3;2;6;
Nick Calathes;;18;1;3;0;0;0;0;0;2;2;4;2;0;0;2;2;
Vince Carter;;15;2;5;1;3;1;4;1;1;2;1;0;0;0;1;6;
