02-24;IND-OKC;92-105;
20-30;22-18;27-32;23-25;
IND
David West;PF;26;5;13;0;0;1;2;2;4;6;2;0;0;1;2;11;
Solomon Hill;SF;24;4;8;2;3;1;2;0;3;3;3;0;0;0;1;11;
Roy Hibbert;C;25;3;8;0;0;0;0;3;7;10;0;0;1;2;3;6;
George Hill;PG;29;5;12;1;5;2;2;0;2;2;8;3;0;1;2;13;
C.J. Miles;SG;27;9;14;2;5;1;1;1;1;2;0;1;0;2;2;21;
Luis Scola;;20;4;9;0;1;1;2;1;4;5;1;1;0;1;0;9;
Lavoy Allen;;5;1;1;0;0;0;0;0;2;2;2;0;1;0;0;2;
Chris Copeland;;5;1;1;1;1;0;0;0;1;1;0;0;1;0;2;3;
Damjan Rudez;;18;1;6;1;5;0;0;0;2;2;1;0;0;0;0;3;
Ian Mahinmi;;16;2;3;0;0;1;2;1;4;5;0;0;0;0;3;5;
Donald Sloan;;5;0;0;0;0;0;0;0;2;2;0;0;0;1;0;0;
Rodney Stuckey;;26;2;8;1;2;0;0;1;3;4;5;0;0;3;2;5;
C.J. Watson;;14;1;5;1;4;0;0;0;4;4;4;0;0;2;0;3;
OKC
Serge Ibaka;PF;29;9;11;1;1;4;4;2;8;10;0;0;3;3;4;23;
Kyle Singler;SF;19;0;4;0;3;0;0;0;0;0;2;0;1;1;0;0;
Enes Kanter;C;23;6;10;0;0;3;4;2;3;5;0;0;0;0;2;15;
Russell Westbrook;PG;28;8;19;1;3;3;3;0;11;11;10;1;0;5;1;20;
Andre Roberson;SG;17;1;1;0;0;0;0;0;3;3;1;2;1;0;2;2;
Mitch McGary;;19;2;7;0;0;5;5;3;5;8;0;2;2;0;3;9;
Nick Collison;;20;2;6;0;0;1;2;3;5;8;1;3;1;0;1;5;
Perry Jones;;5;0;1;0;0;0;0;1;1;2;0;1;0;0;0;0;
D.J. Augustin;;25;1;6;1;4;0;0;0;2;2;7;1;0;1;0;3;
Jeremy Lamb;;5;1;4;0;1;0;0;0;1;1;0;0;0;0;0;2;
Dion Waiters;;29;5;18;4;9;0;0;1;1;2;1;0;0;0;2;14;
Anthony Morrow;;21;5;9;2;3;0;0;3;2;5;1;0;0;0;1;12;
