04-08;TOR-CHA;92-74;
20-15;27-16;22-14;23-29;
TOR
Tyler Hansbrough;PF;37;4;9;0;0;4;4;5;7;12;0;0;2;0;3;12;
Terrence Ross;SF;23;3;7;3;5;0;0;0;1;1;2;2;0;1;2;9;
Jonas Valanciunas;C;17;1;3;0;0;0;0;1;7;8;2;1;2;1;4;2;
Greivis Vasquez;PG;36;6;13;4;6;0;0;0;5;5;4;0;0;1;3;16;
DeMar DeRozan;SG;34;6;16;0;3;6;7;1;1;2;7;0;3;1;0;18;
James Johnson;;23;5;7;0;0;1;4;1;6;7;1;0;0;3;2;11;
Patrick Patterson;;31;3;7;2;5;0;0;1;8;9;0;0;2;0;3;8;
Bruno Caboclo;;1;0;0;0;0;0;0;0;0;0;0;0;0;1;0;0;
Greg Stiemsma;;1;0;0;0;0;0;0;0;0;0;0;0;0;0;0;0;
Chuck Hayes;;9;0;0;0;0;0;0;0;1;1;2;0;0;0;2;0;
Landry Fields;;1;0;0;0;0;0;0;0;0;0;0;0;0;0;0;0;
Louis Williams;;26;5;15;3;8;3;4;0;2;2;2;2;0;1;0;16;
CHA
Marvin Williams;PF;25;0;5;0;2;1;2;0;8;8;3;2;1;2;2;1;
Jeff Taylor;SF;18;3;6;2;3;0;0;0;2;2;0;0;0;0;3;8;
Bismack Biyombo;C;30;2;4;0;0;2;2;3;4;7;0;0;3;0;2;6;
Kemba Walker;PG;31;5;13;1;4;4;4;1;3;4;3;1;0;1;0;15;
Gerald Henderson;SG;28;4;13;0;1;1;3;0;0;0;3;0;0;2;1;9;
Noah Vonleh;;23;1;7;1;1;0;0;2;4;6;0;0;1;0;1;3;
Jason Maxiell;;18;2;3;0;0;0;0;2;0;2;0;1;0;0;1;4;
Brian Roberts;;17;4;7;2;2;0;0;1;0;1;3;0;0;1;1;10;
Mo Williams;;20;4;13;2;3;0;0;0;1;1;3;0;0;1;1;10;
Troy Daniels;;6;1;2;1;1;0;0;0;0;0;0;0;0;0;0;3;
P.J. Hairston;;24;2;8;1;5;0;0;0;4;4;0;0;0;1;3;5;
