12-10;NY-SA;95-109;
26-29;26-27;21-38;22-15;
NY
Quincy Acy;SF;25;3;6;0;0;2;2;0;5;5;1;0;0;0;3;8;
Amar'e Stoudemire;C;17;4;6;0;0;0;0;1;1;2;1;0;0;1;4;8;
Jose Calderon;PG;25;1;4;0;0;0;0;0;4;4;3;0;0;0;2;2;
Iman Shumpert;SG;30;2;6;0;1;4;5;3;2;5;6;0;0;5;1;8;
Tim Hardaway Jr.;SG;29;9;18;4;7;1;2;1;2;3;2;1;0;2;2;23;
Jason Smith;;19;5;10;0;0;4;4;0;1;1;1;0;0;1;4;14;
Travis Wear;;20;3;5;0;1;0;0;1;1;2;1;0;0;0;3;6;
Samuel Dalembert;;15;1;4;0;0;0;0;2;4;6;0;1;1;2;1;2;
Cole Aldrich;;16;4;7;0;0;2;2;1;4;5;1;1;0;3;1;10;
Shane Larkin;;25;2;3;0;0;2;2;1;2;3;4;0;0;1;3;6;
Pablo Prigioni;;20;3;7;2;6;0;0;0;0;0;2;1;0;2;1;8;
SA
Kyle Anderson;SF;23;4;5;1;2;0;0;1;4;5;3;2;0;0;0;9;
Matt Bonner;C;22;4;5;1;1;1;2;0;1;1;3;0;0;0;1;10;
Aron Baynes;C;22;1;4;0;0;8;8;2;3;5;0;0;1;2;5;10;
Cory Joseph;PG;35;4;9;0;0;1;2;1;4;5;6;0;0;1;1;9;
Danny Green;SG;33;3;10;1;6;6;7;0;2;2;2;2;0;0;1;13;
Jeff Ayres;;19;5;5;0;0;1;2;3;3;6;0;1;0;1;2;11;
Marco Belinelli;;30;6;13;3;3;7;7;0;4;4;3;2;0;1;2;22;
Austin Daye;;21;4;11;2;5;0;0;0;3;3;0;1;0;1;1;10;
Boris Diaw;;26;5;9;2;2;0;0;1;2;3;4;2;1;2;2;12;
Tiago Splitter;;8;1;2;0;0;1;2;0;1;1;1;0;2;1;1;3;
