01-09;ATL-DET;106-103;
31-22;33-23;26-30;16-28;
ATL
Paul Millsap;PF;31;5;12;1;3;6;8;1;6;7;3;1;0;6;2;17;
DeMarre Carroll;SF;32;5;8;2;4;1;3;1;3;4;0;1;0;0;0;13;
Al Horford;C;36;9;21;0;1;1;3;2;14;16;4;0;1;2;2;19;
Jeff Teague;PG;35;4;9;0;2;6;8;0;3;3;11;0;0;3;1;14;
Kyle Korver;SG;33;4;8;3;3;0;0;0;4;4;0;0;0;1;2;11;
Elton Brand;;10;0;3;0;0;0;0;0;2;2;1;0;1;0;0;0;
Mike Scott;;20;2;7;1;5;0;0;2;5;7;4;0;0;0;0;5;
Thabo Sefolosha;;15;5;5;2;2;0;0;0;2;2;1;0;0;0;2;12;
Dennis Schroder;;13;3;5;0;1;2;2;0;1;1;2;0;0;1;3;8;
Kent Bazemore;;16;3;4;1;2;0;0;0;3;3;1;1;1;1;1;7;
DET
Greg Monroe;PF;37;5;14;0;0;5;5;3;9;12;2;3;0;2;1;15;
Kyle Singler;SF;26;6;12;3;6;1;2;3;3;6;5;0;0;0;1;16;
Andre Drummond;C;17;2;6;0;0;0;2;2;3;5;1;2;0;0;2;4;
Brandon Jennings;PG;28;6;14;2;6;0;0;1;3;4;8;1;0;1;2;14;
Kentavious Caldwell-Pope;SG;35;8;23;4;16;0;1;0;6;6;0;1;1;0;0;20;
Jonas Jerebko;;15;1;4;0;3;2;2;1;4;5;3;1;0;0;1;4;
Anthony Tolliver;;18;5;8;3;6;2;2;0;1;1;0;0;2;2;6;15;
Caron Butler;;10;2;3;1;2;0;0;1;1;2;0;0;0;0;1;5;
Joel Anthony;;9;0;0;0;0;0;0;0;2;2;0;0;0;0;3;0;
D.J. Augustin;;20;0;0;0;0;4;4;0;0;0;5;1;0;1;1;4;
Jodie Meeks;;25;3;12;0;4;0;0;0;3;3;0;0;0;1;1;6;
