01-23;TOR-PHI;91-86;
22-30;26-11;15-21;28-24;
TOR
Amir Johnson;PF;17;1;5;0;0;0;0;3;1;4;1;0;0;3;2;2;
Jonas Valanciunas;C;26;3;5;0;0;5;7;0;3;3;0;2;3;1;4;11;
Kyle Lowry;PG;36;5;14;3;7;8;8;1;4;5;5;3;0;1;0;21;
Greivis Vasquez;PG;33;6;11;0;4;0;0;1;4;5;4;0;0;2;4;12;
DeMar DeRozan;SG;29;4;14;0;2;0;0;1;0;1;1;1;0;3;1;8;
Tyler Hansbrough;;15;0;2;0;0;1;2;1;4;5;0;0;0;2;4;1;
James Johnson;;9;3;3;0;0;0;0;0;3;3;0;0;0;1;0;6;
Patrick Patterson;;30;6;10;2;4;0;1;6;7;13;3;2;0;0;1;14;
Terrence Ross;;21;2;5;1;3;0;0;0;2;2;2;0;2;0;0;5;
Louis Williams;;25;3;11;0;4;5;6;0;1;1;3;3;0;1;1;11;
PHI
Luc Richard Mbah a Moute;PF;34;4;8;1;3;1;1;3;2;5;2;1;1;2;0;10;
Robert Covington;SF;35;5;15;4;11;4;4;1;5;6;0;2;2;4;2;18;
Nerlens Noel;C;33;5;12;0;0;2;2;5;9;14;1;2;0;2;5;12;
Michael Carter-Williams;PG;36;4;8;1;2;3;4;1;6;7;9;4;1;4;3;12;
K.J. McDaniels;SG;30;6;13;2;7;0;0;2;3;5;5;0;1;1;3;14;
Jerami Grant;;23;1;4;0;1;2;4;2;3;5;2;0;0;2;3;4;
Henry Sims;;19;4;11;0;1;3;3;1;3;4;0;0;0;2;2;11;
JaKarr Sampson;;4;0;1;0;0;0;0;0;0;0;0;0;0;0;0;0;
Hollis Thompson;;13;1;3;1;3;0;0;0;2;2;0;0;1;0;1;3;
Larry Drew II;;14;1;6;0;1;0;0;0;0;0;2;0;0;1;0;2;
