03-10;CLE-DAL;127-94;
26-31;41-22;32-23;28-18;
CLE
Kevin Love;PF;33;9;17;2;6;1;2;2;12;14;2;0;1;3;2;21;
LeBron James;SF;29;10;14;4;6;3;5;0;7;7;8;1;1;2;3;27;
Timofey Mozgov;C;33;5;10;0;0;7;8;2;2;4;1;1;2;0;3;17;
Kyrie Irving;PG;35;6;13;1;2;9;10;1;4;5;5;2;0;3;1;22;
J.R. Smith;SG;29;8;14;5;8;0;0;2;6;8;2;1;0;0;3;21;
James Jones;;12;2;5;2;5;0;0;1;1;2;0;0;0;1;2;6;
Kendrick Perkins;;7;2;3;0;0;0;0;0;1;1;0;0;0;0;1;4;
Tristan Thompson;;12;0;0;0;0;0;0;0;1;1;0;0;1;2;4;0;
Iman Shumpert;;32;2;6;1;3;2;2;2;2;4;6;6;0;1;4;7;
Matthew Dellavedova;;15;0;2;0;0;2;2;2;0;2;1;0;0;0;3;2;
Joe Harris;;5;0;3;0;2;0;0;0;2;2;0;0;0;0;2;0;
DAL
Dirk Nowitzki;PF;29;3;10;1;3;6;7;2;2;4;1;1;1;2;4;13;
Chandler Parsons;SF;32;7;12;3;4;1;2;1;4;5;1;0;1;4;1;18;
Tyson Chandler;C;23;1;4;0;0;7;8;6;4;10;0;1;1;1;3;9;
Rajon Rondo;PG;24;2;6;0;1;0;0;0;1;1;3;1;0;2;2;4;
Monta Ellis;SG;32;8;18;0;4;1;2;1;2;3;4;2;1;0;1;17;
Charlie Villanueva;;8;0;4;0;3;1;4;0;1;1;0;0;0;1;1;1;
Al-Farouq Aminu;;7;0;3;0;0;0;0;1;2;3;0;0;0;1;2;0;
Richard Jefferson;;20;2;4;0;1;1;2;1;4;5;1;0;0;2;5;5;
Bernard James;;5;1;1;0;0;0;0;0;1;1;0;0;1;1;0;2;
Amar'e Stoudemire;;20;7;11;0;0;1;2;2;1;3;0;0;0;1;1;15;
J.J. Barea;;14;0;3;0;1;2;2;0;3;3;5;0;0;1;0;2;
Raymond Felton;;5;0;1;0;1;1;2;0;2;2;1;0;1;0;0;1;
Devin Harris;;21;2;4;1;2;2;2;1;0;1;2;1;0;0;2;7;
