01-13;DAL-SAC;108-104;
29-33;31-30;20-20;19-16;9-5;
DAL
Dirk Nowitzki;PF;38;5;13;1;3;4;4;1;3;4;0;2;1;0;4;15;
Chandler Parsons;SF;37;6;16;1;5;0;0;3;4;7;2;1;0;4;2;13;
Tyson Chandler;C;44;6;8;0;0;4;6;3;14;17;1;0;1;0;5;16;
Rajon Rondo;PG;38;10;16;1;2;0;3;2;3;5;7;4;0;3;5;21;
Monta Ellis;SG;40;11;23;2;3;4;5;2;2;4;10;4;1;2;5;28;
Greg Smith;;6;1;2;0;0;1;2;1;1;2;0;0;0;1;1;3;
Charlie Villanueva;;6;0;2;0;2;0;0;0;0;0;0;0;1;0;0;0;
Al-Farouq Aminu;;5;0;1;0;0;0;0;0;1;1;0;0;0;0;1;0;
Richard Jefferson;;14;0;4;0;2;0;0;0;0;0;1;0;0;0;1;0;
J.J. Barea;;15;1;6;0;1;1;1;0;2;2;1;0;0;0;0;3;
Devin Harris;;22;3;9;1;6;2;2;0;2;2;1;1;0;0;1;9;
SAC
Jason Thompson;PF;20;2;3;0;0;2;4;2;5;7;1;0;1;1;4;6;
Rudy Gay;SF;10;1;1;0;0;2;2;0;2;2;2;0;0;0;0;4;
DeMarcus Cousins;C;40;11;21;0;0;10;10;3;13;16;9;2;1;9;6;32;
Darren Collison;PG;45;6;20;0;6;6;8;2;5;7;3;3;0;3;2;18;
Ben McLemore;SG;39;2;8;0;5;4;4;0;1;1;4;0;0;3;3;8;
Derrick Williams;;36;5;12;0;2;2;4;1;9;10;2;2;0;1;2;12;
Carl Landry;;31;7;10;0;0;0;0;2;8;10;0;0;0;0;3;14;
Ray McCallum;;25;3;8;0;2;0;0;2;3;5;1;0;0;2;3;6;
Nik Stauskas;;19;1;3;1;3;1;2;0;1;1;0;0;0;1;3;4;
