03-04;PHX-ORL;105-100;
22-25;21-27;34-17;28-31;
PHX
Markieff Morris;PF;35;11;17;0;2;1;2;1;5;6;2;0;0;2;4;23;
P.J. Tucker;SF;36;7;10;1;2;4;5;1;4;5;0;3;1;1;2;19;
Alex Len;C;22;1;5;0;0;0;0;2;2;4;0;0;0;3;3;2;
Eric Bledsoe;PG;38;3;7;1;1;6;6;1;6;7;9;3;1;7;3;13;
Brandon Knight;PG;39;7;15;4;9;10;12;0;1;1;7;3;0;3;1;28;
Marcus Morris;;20;2;8;1;3;2;2;0;4;4;0;0;0;1;1;7;
Brandan Wright;;23;2;6;0;0;0;0;2;1;3;2;1;1;0;1;4;
T.J. Warren;;10;2;5;0;0;0;0;2;0;2;0;0;0;0;0;4;
Archie Goodwin;;10;1;4;1;3;0;0;0;0;0;1;0;0;2;0;3;
Marcus Thornton;;8;1;2;0;1;0;0;0;2;2;1;0;0;0;0;2;
ORL
Tobias Harris;SF;36;5;8;1;3;0;0;0;4;4;2;0;1;1;1;11;
Nikola Vucevic;C;30;8;16;0;0;2;2;1;4;5;2;3;1;1;1;18;
Dewayne Dedmon;C;21;3;3;0;0;2;3;2;6;8;0;1;1;0;5;8;
Elfrid Payton;PG;33;4;11;0;1;1;2;2;2;4;10;5;0;5;4;9;
Victor Oladipo;SG;43;15;25;4;8;4;4;1;3;4;3;3;0;7;4;38;
Aaron Gordon;;11;0;1;0;0;0;0;1;3;4;1;1;0;0;0;0;
Andrew Nicholson;;18;3;6;0;0;2;2;1;4;5;1;0;1;1;0;8;
Channing Frye;;15;1;4;0;2;2;2;0;4;4;0;0;1;1;4;4;
Maurice Harkless;;12;0;2;0;2;0;0;0;1;1;1;0;0;0;1;0;
Willie Green;;18;1;8;0;2;0;0;1;2;3;1;0;0;3;4;2;
Ben Gordon;;4;1;3;0;2;0;0;0;0;0;0;0;0;1;2;2;
