11-07;DAL-UTAH;105-82;
24-17;28-27;26-18;27-20;
DAL
Dirk Nowitzki;PF;28;11;18;5;8;0;0;0;10;10;2;1;0;0;3;27;
Chandler Parsons;SF;28;1;11;0;4;3;4;2;1;3;0;2;0;0;1;5;
Tyson Chandler;C;30;6;9;0;0;3;3;4;9;13;0;0;1;3;2;15;
Jameer Nelson;PG;24;4;8;2;5;0;0;1;1;2;3;1;0;0;1;10;
Monta Ellis;SG;30;5;12;0;1;3;3;1;0;1;6;3;0;0;4;13;
Greg Smith;;3;0;1;0;0;0;0;0;0;0;0;0;0;0;1;0;
Charlie Villanueva;;5;1;3;1;2;0;0;0;1;1;0;0;0;1;0;3;
Brandan Wright;;26;6;11;0;0;0;0;3;2;5;0;0;2;1;1;12;
Jae Crowder;;4;1;2;0;1;0;0;0;0;0;0;0;0;0;1;2;
Al-Farouq Aminu;;19;1;2;0;0;0;0;1;1;2;2;0;0;0;5;2;
Richard Jefferson;;6;0;1;0;1;0;0;0;1;1;0;2;0;0;0;0;
J.J. Barea;;18;4;8;0;1;0;0;1;1;2;4;1;0;1;0;8;
Devin Harris;;20;2;2;1;1;3;4;0;2;2;6;2;0;2;3;8;
UTAH
Derrick Favors;PF;26;2;4;0;0;2;2;2;5;7;1;0;1;3;3;6;
Gordon Hayward;SF;29;3;9;2;7;4;4;0;5;5;4;0;1;0;0;12;
Enes Kanter;C;27;4;10;0;1;0;0;3;7;10;0;0;0;4;3;8;
Trey Burke;PG;27;4;12;3;8;0;0;0;2;2;3;1;0;3;0;11;
Alec Burks;PG;32;5;11;1;2;3;4;0;2;2;3;0;0;4;4;14;
Trevor Booker;;12;2;4;0;1;3;3;1;0;1;0;0;0;2;0;7;
Steve Novak;;4;0;1;0;1;0;0;0;1;1;0;0;0;0;0;0;
Joe Ingles;;16;1;3;0;2;0;0;2;1;3;0;0;0;1;1;2;
Jeremy Evans;;4;0;1;0;0;0;0;0;0;0;0;0;0;0;0;0;
Rudy Gobert;;24;3;4;0;0;2;4;1;2;3;3;2;4;2;2;8;
Ian Clark;;8;1;1;1;1;0;0;0;2;2;0;0;0;1;0;3;
Rodney Hood;;6;0;1;0;1;0;0;0;3;3;0;1;0;0;0;0;
Dante Exum;;27;4;7;2;4;1;2;0;2;2;5;0;0;1;4;11;
