04-01;SAC-HOU;111-115;
25-35;30-23;31-39;25-18;
SAC
Carl Landry;PF;21;5;10;0;0;0;0;2;2;4;0;0;2;0;1;10;
Omri Casspi;SF;38;8;17;0;2;2;2;2;5;7;4;3;0;5;4;18;
DeMarcus Cousins;C;39;11;25;0;0;2;6;6;15;21;10;3;6;5;4;24;
Ray McCallum;PG;35;5;6;2;3;2;4;0;3;3;6;1;0;4;2;14;
Ben McLemore;SG;31;6;10;2;3;0;0;0;4;4;2;1;1;2;2;14;
Jason Thompson;;21;7;9;0;0;2;2;7;3;10;2;1;0;1;4;16;
Derrick Williams;;21;4;11;2;2;0;2;2;3;5;2;0;0;1;0;10;
David Wear;;5;0;2;0;1;0;0;1;0;1;0;0;0;0;1;0;
Andre Miller;;13;0;0;0;0;0;0;0;0;0;3;0;0;1;1;0;
Nik Stauskas;;17;2;6;1;3;0;0;0;2;2;1;0;0;2;3;5;
HOU
Terrence Jones;PF;32;6;10;2;3;2;6;3;4;7;3;1;7;2;2;16;
Trevor Ariza;SF;38;8;16;6;14;0;0;0;3;3;2;3;0;3;2;22;
Joey Dorsey;C;32;3;8;0;1;1;2;7;4;11;2;1;0;1;4;7;
Jason Terry;SG;21;3;10;1;7;0;0;0;2;2;2;1;0;2;1;7;
James Harden;SG;38;16;25;8;9;11;13;2;6;8;6;3;0;7;1;51;
Josh Smith;;21;1;3;0;1;0;0;0;4;4;1;0;3;1;2;2;
Clint Capela;;10;2;3;0;0;0;2;2;1;3;0;0;3;0;2;4;
Pablo Prigioni;;27;1;4;1;3;1;2;0;2;2;7;4;0;0;2;4;
Corey Brewer;;21;1;10;0;2;0;0;0;2;2;1;1;0;1;1;2;
