02-11;HOU-LAC;95-110;
26-26;30-28;23-26;16-30;
HOU
Donatas Motiejunas;PF;27;5;11;0;3;2;2;1;3;4;0;0;1;2;3;12;
Trevor Ariza;SF;37;4;13;1;9;4;4;1;6;7;3;1;1;2;5;13;
Joey Dorsey;C;13;1;1;0;0;0;0;1;0;1;0;0;0;0;4;2;
Patrick Beverley;PG;32;3;11;3;9;0;0;3;3;6;6;0;0;2;5;9;
James Harden;SG;36;3;12;0;7;3;5;0;5;5;6;3;0;5;4;9;
Kostas Papanikolaou;;20;1;5;0;3;2;2;1;1;2;4;1;1;1;1;4;
Josh Smith;;31;8;17;2;7;3;5;7;6;13;4;1;2;3;5;21;
Clint Capela;;2;0;0;0;0;0;0;0;2;2;0;0;0;0;0;0;
Isaiah Canaan;;2;0;1;0;1;0;0;0;0;0;0;0;0;0;0;0;
Nick Johnson;;2;0;0;0;0;0;0;0;0;0;0;0;0;0;0;0;
Corey Brewer;;23;8;15;2;5;4;4;0;1;1;1;0;0;2;4;22;
Jason Terry;;14;1;1;1;1;0;0;0;0;0;2;0;1;0;2;3;
LAC
Spencer Hawes;PF;19;5;9;0;3;2;3;1;2;3;1;0;0;0;4;12;
Matt Barnes;SF;36;4;8;0;3;2;2;1;8;9;2;4;0;4;2;10;
DeAndre Jordan;C;43;6;8;0;0;12;26;8;12;20;2;3;2;2;4;24;
Chris Paul;PG;37;4;14;1;5;3;4;0;6;6;12;2;0;5;4;12;
J.J. Redick;SG;37;9;16;2;5;0;0;0;3;3;4;0;0;1;3;20;
Glen Davis;;17;3;5;0;0;2;2;2;2;4;0;1;1;1;4;8;
Hedo Turkoglu;;4;0;0;0;0;0;0;0;0;0;0;0;0;0;1;0;
Austin Rivers;;14;2;6;0;2;0;0;0;1;1;1;1;0;1;0;4;
Jamal Crawford;;32;6;15;1;4;7;8;0;3;3;3;2;0;1;2;20;
