12-29;MIL-CHA;104-94;
25-18;24-14;19-29;15-22;21-11;
MIL
Johnny O'Bryant III;PF;10;1;1;0;0;0;0;0;1;1;1;0;0;0;0;2;
Giannis Antetokounmpo;SF;35;7;8;0;0;2;3;0;8;8;4;0;3;1;2;16;
Zaza Pachulia;C;28;6;7;0;0;3;4;0;4;4;1;0;1;3;3;15;
Brandon Knight;PG;36;8;19;2;5;0;0;1;3;4;4;4;0;8;4;18;
Khris Middleton;SG;30;4;10;0;3;0;0;0;5;5;0;0;1;0;4;8;
Jared Dudley;;35;5;10;2;4;5;5;1;8;9;2;1;0;0;1;17;
John Henson;;21;4;6;0;0;3;3;0;4;4;0;0;5;0;2;11;
Kendall Marshall;;18;1;3;0;0;0;0;0;0;0;6;2;0;2;2;2;
Jerryd Bayless;;18;1;8;0;3;0;0;0;2;2;1;1;0;2;4;2;
O.J. Mayo;;34;3;13;2;6;5;6;0;5;5;2;0;0;3;3;13;
CHA
Cody Zeller;PF;32;2;3;0;0;2;4;1;4;5;1;3;2;2;2;6;
Michael Kidd-Gilchrist;SF;26;5;10;0;0;0;0;1;2;3;2;1;0;2;2;10;
Al Jefferson;C;28;3;12;0;0;0;0;1;7;8;5;1;0;3;4;6;
Kemba Walker;PG;49;7;22;2;8;12;13;0;1;1;4;2;4;5;2;28;
Gerald Henderson;SG;39;7;13;1;3;4;4;0;4;4;5;2;1;1;2;19;
Marvin Williams;;36;3;8;2;3;0;0;1;13;14;3;3;0;1;2;8;
Bismack Biyombo;;8;0;2;0;0;0;2;3;2;5;0;0;2;1;1;0;
Brian Roberts;;20;3;7;1;4;0;0;0;2;2;0;1;0;2;1;7;
P.J. Hairston;;12;1;5;1;3;0;0;0;2;2;0;0;0;0;1;3;
Gary Neal;;15;2;8;0;4;3;3;2;2;4;0;0;0;0;3;7;
