12-31;NY-LAC;78-99;
21-29;19-21;18-24;20-25;
NY
Jason Smith;PF;24;1;5;0;0;1;2;3;7;10;3;0;0;0;5;3;
Carmelo Anthony;SF;29;7;18;1;2;4;6;1;4;5;1;0;0;1;0;19;
Cole Aldrich;C;31;4;9;0;0;0;0;0;5;5;5;1;1;0;3;8;
Jose Calderon;PG;29;2;5;0;1;0;0;0;2;2;4;1;0;2;2;4;
Tim Hardaway Jr.;SG;20;2;7;1;5;0;0;0;0;0;0;0;1;2;1;5;
Quincy Acy;;19;3;5;0;1;2;2;0;3;3;0;0;0;0;2;8;
Travis Wear;;2;0;1;0;0;0;0;0;0;0;0;0;0;0;0;0;
Andrea Bargnani;;20;4;11;0;0;1;2;2;2;4;2;0;0;0;2;9;
Shane Larkin;;21;3;7;0;1;0;0;1;3;4;5;3;0;1;2;6;
Pablo Prigioni;;29;3;6;1;4;2;2;0;6;6;2;1;0;1;1;9;
J.R. Smith;;17;3;10;1;3;0;1;0;1;1;2;0;0;0;1;7;
LAC
Blake Griffin;PF;35;6;16;0;0;1;3;0;7;7;11;0;0;0;1;13;
Matt Barnes;SF;28;3;7;3;6;0;0;1;4;5;0;2;1;0;2;9;
DeAndre Jordan;C;25;6;6;0;0;2;7;2;10;12;0;2;1;0;4;14;
Chris Paul;PG;28;2;11;1;4;0;0;1;2;3;8;0;0;3;1;5;
J.J. Redick;SG;32;7;13;4;8;2;3;0;4;4;1;0;0;2;1;20;
Glen Davis;;11;0;4;0;0;2;2;1;4;5;1;0;0;0;0;2;
Spencer Hawes;;23;4;7;2;3;0;0;0;7;7;2;1;0;1;2;10;
Ekpe Udoh;;2;0;0;0;0;0;0;0;0;0;0;0;0;0;0;0;
Jordan Farmar;;20;3;5;3;5;2;2;0;1;1;1;0;1;0;1;11;
Jared Cunningham;;4;1;1;0;0;0;0;0;1;1;0;0;0;1;0;2;
Reggie Bullock;;11;0;2;0;1;0;0;0;5;5;1;0;0;1;0;0;
Jamal Crawford;;21;4;10;2;7;3;3;0;0;0;3;1;0;2;1;13;
