01-10;BOS-TOR;96-109;
26-19;17-28;22-35;31-27;
BOS
Jared Sullinger;PF;28;6;13;1;4;0;0;1;9;10;2;1;0;1;3;13;
Jae Crowder;SF;22;3;5;0;0;1;4;1;2;3;2;0;1;2;1;7;
Tyler Zeller;C;22;3;9;0;0;0;0;1;4;5;0;0;0;0;2;6;
Avery Bradley;PG;34;6;15;2;5;3;4;0;1;1;2;2;0;1;2;17;
Evan Turner;SG;27;2;9;0;1;0;0;2;4;6;5;0;0;3;3;4;
Brandon Bass;;19;5;10;0;0;0;1;2;4;6;4;1;0;2;4;10;
Kelly Olynyk;;27;8;11;2;4;5;6;1;4;5;2;2;1;4;2;23;
Phil Pressey;;16;1;3;0;1;2;2;0;1;1;1;0;0;1;1;4;
Marcus Smart;;29;5;7;1;3;1;3;1;2;3;2;1;0;3;3;12;
James Young;;6;0;0;0;0;0;0;0;1;1;2;0;1;0;0;0;
Marcus Thornton;;10;0;1;0;0;0;0;0;2;2;1;0;0;1;0;0;
TOR
Amir Johnson;PF;27;6;10;1;1;2;2;2;2;4;0;1;2;2;5;15;
James Johnson;PF;36;7;12;0;0;1;2;3;7;10;4;0;2;2;3;15;
Terrence Ross;SF;21;2;9;2;4;0;0;0;1;1;2;0;0;1;2;6;
Jonas Valanciunas;C;26;7;11;0;0;1;1;3;4;7;2;0;3;1;3;15;
Kyle Lowry;PG;38;7;17;3;8;2;2;1;4;5;7;3;0;3;2;19;
Patrick Patterson;;25;4;7;2;4;0;0;2;7;9;3;1;2;0;0;10;
Tyler Hansbrough;;18;0;3;0;0;4;4;4;2;6;0;1;1;0;4;4;
Greivis Vasquez;;19;2;6;2;4;0;0;0;4;4;2;0;0;2;0;6;
Louis Williams;;30;6;16;3;9;4;8;0;2;2;3;2;0;2;1;19;
