02-23;SA-UTAH;81-90;
22-28;18-19;24-26;17-17;
SA
Tim Duncan;PF;28;7;14;0;0;0;1;5;5;10;0;0;3;2;4;14;
Kawhi Leonard;SF;25;3;6;0;1;2;5;1;3;4;2;3;1;3;2;8;
Aron Baynes;C;25;2;8;0;0;0;2;4;2;6;0;0;0;1;2;4;
Tony Parker;PG;21;2;9;1;2;0;0;0;1;1;4;0;0;4;4;5;
Danny Green;SG;20;1;4;0;2;0;0;0;7;7;0;0;0;3;2;2;
Jeff Ayres;;5;1;2;0;0;0;0;1;1;2;0;0;0;0;0;2;
Reggie Williams;;9;1;2;0;1;0;0;0;2;2;1;0;0;1;1;2;
Marco Belinelli;;24;2;7;1;5;2;2;1;1;2;2;1;0;0;1;7;
Boris Diaw;;24;5;9;3;4;0;0;0;2;2;2;2;1;1;0;13;
Tiago Splitter;;7;1;2;0;0;0;0;0;0;0;0;0;1;0;1;2;
Patty Mills;;10;1;1;0;0;2;2;0;0;0;0;1;0;0;1;4;
Cory Joseph;;21;3;6;0;0;4;5;0;4;4;3;0;0;3;1;10;
Manu Ginobili;;20;3;9;0;4;2;4;0;4;4;3;0;1;4;2;8;
UTAH
Derrick Favors;PF;31;6;15;0;0;2;4;4;6;10;1;3;1;0;3;14;
Gordon Hayward;SF;33;4;15;0;2;10;11;0;3;3;3;1;0;3;3;18;
Joe Ingles;SF;27;4;7;2;3;0;0;0;3;3;3;3;0;1;4;10;
Rudy Gobert;C;31;3;6;0;0;1;2;3;11;14;1;2;3;1;1;7;
Dante Exum;SG;21;2;3;1;1;0;0;0;1;1;2;2;0;2;4;5;
Trevor Booker;;24;3;8;0;1;1;2;1;5;6;0;0;1;2;1;7;
Jeremy Evans;;6;0;0;0;0;0;0;1;2;3;0;0;0;0;0;0;
Trey Burke;;28;9;17;1;3;4;4;0;1;1;2;0;0;2;2;23;
Elijah Millsap;;27;2;8;0;3;0;0;2;5;7;2;3;0;2;5;4;
Rodney Hood;;12;1;4;0;2;0;0;0;1;1;0;0;0;0;1;2;
