12-21;PHI-ORL;96-88;
23-20;14-22;27-18;32-28;
PHI
Luc Richard Mbah a Moute;PF;27;4;9;1;4;0;0;1;3;4;0;1;0;3;3;9;
Robert Covington;SF;40;4;11;1;5;2;3;2;8;10;2;1;2;1;1;11;
Nerlens Noel;C;32;5;13;0;0;3;3;4;8;12;1;1;1;3;2;13;
Michael Carter-Williams;PG;36;7;12;1;2;6;8;0;4;4;6;1;1;6;5;21;
JaKarr Sampson;SG;17;2;5;1;1;0;0;2;0;2;0;0;0;2;1;5;
Jerami Grant;;16;1;4;0;1;4;4;1;1;2;0;1;1;0;0;6;
Henry Sims;;21;5;11;0;2;2;2;3;9;12;2;0;0;0;2;12;
K.J. McDaniels;;20;4;6;1;2;0;0;2;3;5;2;0;1;1;5;9;
Tony Wroten;;31;3;11;1;6;3;5;0;1;1;7;3;0;3;0;10;
ORL
Kyle O'Quinn;PF;26;3;7;1;2;1;2;3;3;6;2;1;4;2;1;8;
Tobias Harris;SF;38;7;21;2;7;1;1;2;2;4;4;2;0;2;2;17;
Nikola Vucevic;C;38;8;14;0;0;3;6;5;12;17;4;2;1;1;2;19;
Elfrid Payton;PG;35;0;7;0;1;1;2;1;4;5;6;1;0;2;4;1;
Victor Oladipo;SG;39;10;16;1;5;2;2;0;3;3;3;3;0;2;2;23;
Channing Frye;;18;2;4;0;0;0;0;1;2;3;0;1;1;0;3;4;
Maurice Harkless;;3;0;1;0;1;0;0;0;1;1;0;0;0;0;1;0;
Dewayne Dedmon;;6;0;1;0;0;0;0;1;1;2;0;0;0;2;1;0;
Luke Ridnour;;6;0;2;0;1;0;0;0;0;0;1;1;0;0;1;0;
Ben Gordon;;3;0;0;0;0;0;0;0;0;0;0;0;0;0;0;0;
Evan Fournier;;27;5;11;3;6;3;7;0;2;2;1;0;0;3;5;16;
