12-23;POR-OKC;115-111;
19-26;35-17;19-30;25-25;17-13;
POR
LaMarcus Aldridge;PF;45;9;28;0;1;7;8;3;6;9;1;0;1;4;3;25;
Allen Crabbe;SF;24;2;4;1;3;0;0;0;4;4;2;2;1;0;2;5;
Joel Freeland;C;24;1;5;0;0;2;2;1;4;5;0;1;0;1;2;4;
Damian Lillard;PG;46;11;21;8;12;10;11;1;5;6;11;2;0;2;1;40;
Wesley Matthews;SG;42;8;15;5;8;1;1;0;2;2;2;1;0;1;2;22;
Thomas Robinson;;8;0;2;0;0;0;0;0;6;6;0;0;0;1;0;0;
Dorell Wright;;8;1;1;0;0;0;0;1;2;3;0;0;0;0;0;2;
Chris Kaman;;22;3;8;0;0;0;0;3;6;9;1;0;0;4;3;6;
Steve Blake;;35;1;4;1;4;2;2;0;1;1;5;0;0;1;5;5;
C.J. McCollum;;12;2;3;2;3;0;0;0;1;1;0;0;0;0;2;6;
OKC
Serge Ibaka;PF;33;7;14;2;3;0;0;2;5;7;0;0;4;2;6;16;
Perry Jones;SF;25;0;5;0;2;0;0;0;3;3;0;1;0;2;4;0;
Steven Adams;C;23;3;4;0;0;1;1;4;7;11;0;0;1;1;3;7;
Russell Westbrook;PG;39;16;34;1;5;7;9;5;5;10;6;3;0;2;6;40;
Andre Roberson;SG;21;1;5;0;2;0;0;0;1;1;2;0;0;0;1;2;
Nick Collison;;20;4;4;0;0;1;1;1;3;4;1;2;0;0;2;9;
Kendrick Perkins;;24;2;4;0;0;0;0;1;5;6;0;0;0;1;3;4;
Ish Smith;;14;1;5;0;0;0;0;0;1;1;5;0;0;0;3;2;
Reggie Jackson;;37;8;17;1;2;4;4;0;9;9;4;1;0;2;0;21;
Jeremy Lamb;;0;0;0;0;0;0;0;0;0;0;0;0;0;0;0;0;
Anthony Morrow;;30;4;9;2;5;0;0;0;1;1;2;1;0;1;0;10;
