04-11;MEM-LAC;86-94;
21-26;28-26;19-17;18-25;
MEM
Zach Randolph;PF;39;8;19;0;0;5;6;4;9;13;5;3;0;4;4;21;
Jeff Green;SF;41;5;16;1;6;4;6;1;4;5;4;0;1;4;3;15;
Marc Gasol;C;10;1;3;0;0;0;0;0;2;2;2;1;1;0;0;2;
Beno Udrih;PG;29;6;9;0;0;2;2;0;2;2;3;1;0;4;1;14;
Courtney Lee;SG;38;4;6;1;1;2;3;0;2;2;4;0;0;1;2;11;
JaMychal Green;;17;2;3;0;0;0;0;0;2;2;1;2;1;0;2;4;
Kosta Koufos;;17;4;7;0;0;0;2;2;5;7;0;0;0;1;3;8;
Nick Calathes;;23;3;7;0;1;0;1;2;2;4;3;0;0;2;2;6;
Jordan Adams;;7;0;1;0;0;0;0;1;2;3;0;0;0;0;1;0;
Vince Carter;;20;1;6;0;1;3;4;1;2;3;2;1;1;2;2;5;
LAC
Blake Griffin;PF;38;6;21;0;1;6;6;3;5;8;6;2;1;5;3;18;
Matt Barnes;SF;35;4;8;0;4;1;2;1;4;5;2;1;0;3;5;9;
DeAndre Jordan;C;37;6;7;0;0;4;5;6;10;16;0;3;2;0;3;16;
Chris Paul;PG;35;6;13;1;4;2;2;0;5;5;14;1;1;2;2;15;
J.J. Redick;SG;33;7;14;2;7;2;2;0;1;1;0;1;1;0;1;18;
Glen Davis;;11;0;4;0;1;0;0;0;2;2;0;0;0;1;1;0;
Spencer Hawes;;5;0;0;0;0;0;0;0;1;1;1;0;0;0;0;0;
Hedo Turkoglu;;13;1;4;1;4;0;2;0;2;2;0;1;0;2;1;3;
Austin Rivers;;14;2;6;0;1;0;0;2;1;3;0;1;0;0;2;4;
Jamal Crawford;;20;3;11;2;5;3;3;0;0;0;2;0;1;0;3;11;
