03-30;UTAH-MIN;104-84;
25-18;25-22;31-17;23-27;
UTAH
Trevor Booker;PF;33;7;11;1;2;2;2;5;8;13;1;0;2;3;2;17;
Gordon Hayward;SF;34;7;15;2;5;6;6;1;5;6;5;4;0;4;1;22;
Rudy Gobert;C;37;4;7;0;0;7;9;5;7;12;2;1;3;1;2;15;
Rodney Hood;SG;11;3;5;1;2;0;0;0;0;0;0;0;0;0;4;7;
Dante Exum;SG;25;1;6;1;6;0;0;0;1;1;0;0;0;3;1;3;
Joe Ingles;;25;3;4;2;3;0;0;0;1;1;4;0;1;0;2;8;
Jeremy Evans;;18;2;4;0;1;0;0;2;3;5;0;0;0;0;4;4;
Chris Johnson;;18;3;9;0;6;0;0;0;1;1;1;1;0;1;1;6;
Jack Cooley;;3;0;1;0;0;0;0;0;1;1;0;1;0;0;0;0;
Bryce Cotton;;2;0;0;0;0;0;0;0;0;0;0;0;0;0;0;0;
Trey Burke;;24;8;17;2;5;1;1;1;5;6;3;1;0;0;2;19;
Elijah Millsap;;10;1;3;1;3;0;0;0;1;1;2;0;0;0;3;3;
MIN
Adreian Payne;PF;32;0;7;0;0;0;0;2;3;5;2;1;0;4;1;0;
Andrew Wiggins;SF;38;5;15;0;0;7;9;2;3;5;2;1;0;3;2;17;
Justin Hamilton;C;25;3;6;0;0;5;5;1;3;4;1;0;1;1;3;11;
Lorenzo Brown;PG;30;3;7;1;1;0;0;1;0;1;6;1;2;1;1;7;
Zach LaVine;PG;43;7;19;1;6;6;7;2;3;5;6;1;1;2;4;21;
Anthony Bennett;;7;2;2;1;1;0;0;0;0;0;1;0;0;0;0;5;
Robbie Hummel;;29;3;9;1;4;2;2;0;7;7;1;0;0;0;3;9;
Chase Budinger;;35;5;11;2;4;2;4;2;5;7;2;1;0;1;3;14;
