01-22;BOS-POR;90-89;
23-19;21-23;23-30;23-17;
BOS
Jared Sullinger;PF;28;8;16;1;5;0;0;4;5;9;1;1;0;2;2;17;
Brandon Bass;PF;31;5;10;0;0;3;4;4;6;10;5;1;1;1;2;13;
Jae Crowder;SF;15;1;4;0;0;0;0;0;4;4;1;0;1;1;3;2;
Avery Bradley;PG;34;8;16;1;3;1;2;0;4;4;4;1;0;2;3;18;
Evan Turner;SG;31;4;9;2;4;0;0;0;6;6;8;1;0;4;1;10;
Tayshaun Prince;;24;4;5;1;1;0;0;0;3;3;1;1;0;1;0;9;
Tyler Zeller;;16;3;7;0;0;1;1;1;3;4;1;1;1;0;1;7;
Kelly Olynyk;;20;2;6;1;3;0;0;1;2;3;0;0;2;4;4;5;
Marcus Smart;;27;0;5;0;1;0;0;0;3;3;2;2;0;0;2;0;
Marcus Thornton;;14;4;9;1;2;0;0;0;1;1;0;0;0;1;1;9;
POR
Thomas Robinson;PF;28;4;7;0;0;1;3;6;6;12;1;1;2;1;3;9;
Nicolas Batum;SF;22;0;6;0;2;0;0;0;3;3;4;0;0;0;0;0;
Chris Kaman;C;29;6;11;0;0;1;2;3;6;9;1;0;0;2;1;13;
Damian Lillard;PG;35;8;23;2;5;3;3;2;4;6;7;1;0;1;2;21;
Wesley Matthews;SG;37;6;15;4;8;2;3;0;3;3;0;2;1;1;1;18;
Victor Claver;;12;2;3;1;2;0;0;0;2;2;0;0;1;1;1;5;
Dorell Wright;;10;0;3;0;2;1;2;0;1;1;0;2;1;0;0;1;
Meyers Leonard;;25;3;7;1;4;0;0;1;5;6;1;1;1;0;3;7;
Steve Blake;;17;0;2;0;2;3;3;1;2;3;1;0;0;1;1;3;
C.J. McCollum;;16;4;10;1;3;1;1;0;0;0;0;1;0;2;0;10;
Will Barton;;8;0;2;0;0;2;2;0;0;0;1;0;0;1;1;2;
