02-28;DET-WSH;95-99;
27-37;17-23;26-20;25-19;
DET
Greg Monroe;PF;33;8;15;0;0;5;6;3;7;10;0;1;1;6;2;21;
Tayshaun Prince;SF;24;4;4;0;0;0;1;0;2;2;0;2;0;1;0;8;
Andre Drummond;C;31;5;8;0;0;3;10;3;6;9;0;0;1;1;4;13;
Reggie Jackson;PG;23;4;12;1;4;0;0;1;2;3;7;3;0;2;3;9;
Kentavious Caldwell-Pope;SG;23;2;8;1;5;0;0;0;1;1;0;1;0;2;2;5;
Anthony Tolliver;;27;3;8;3;8;0;0;0;3;3;1;0;0;0;0;9;
Caron Butler;;24;1;2;0;1;0;0;1;4;5;1;0;0;0;4;2;
Shawne Williams;;5;0;1;0;1;0;0;0;0;0;1;0;0;0;2;0;
Spencer Dinwiddie;;25;8;14;1;4;3;3;1;3;4;8;1;0;3;4;20;
Jodie Meeks;;25;3;7;2;3;0;1;0;3;3;0;0;0;2;1;8;
WSH
Nene Hilario;PF;30;8;14;0;0;5;6;3;4;7;1;2;0;0;3;21;
Paul Pierce;SF;34;5;12;4;8;0;2;0;5;5;5;1;0;2;5;14;
Marcin Gortat;C;39;7;12;0;0;2;2;4;13;17;2;3;1;0;2;16;
John Wall;PG;38;8;14;0;3;6;7;1;0;1;6;2;0;5;1;22;
Bradley Beal;SG;33;2;10;1;4;3;4;2;4;6;5;3;0;2;2;8;
Drew Gooden;;20;4;8;1;2;0;0;1;1;2;0;1;1;0;1;9;
Otto Porter Jr.;;14;1;2;0;0;0;0;0;0;0;1;1;0;1;1;2;
Kevin Seraphin;;7;0;1;0;0;0;0;1;1;2;0;0;0;1;1;0;
Ramon Sessions;;10;1;3;0;1;2;2;0;1;1;1;0;0;1;0;4;
Garrett Temple;;16;1;2;1;2;0;2;0;2;2;0;1;0;0;0;3;
