03-13;GS-DEN;103-114;
26-34;28-28;29-20;20-32;
GS
David Lee;PF;31;4;12;0;0;5;6;1;3;4;3;1;1;0;3;13;
Harrison Barnes;SF;24;1;7;0;3;2;2;1;5;6;2;1;0;2;2;4;
Draymond Green;SF;20;5;10;0;3;2;2;0;6;6;2;0;0;2;3;12;
Shaun Livingston;PG;36;5;13;0;0;2;2;1;3;4;8;0;0;1;3;12;
Justin Holiday;SG;36;9;16;5;7;0;0;0;3;3;1;1;1;1;1;23;
James Michael McAdoo;;28;6;10;0;0;4;6;4;1;5;1;1;1;1;5;16;
Festus Ezeli;;17;4;6;0;0;1;2;2;4;6;1;1;4;0;3;9;
Leandro Barbosa;;25;5;13;3;4;1;2;0;0;0;9;0;0;1;3;14;
Brandon Rush;;23;0;5;0;2;0;0;0;1;1;2;0;3;0;2;0;
DEN
Kenneth Faried;PF;34;10;18;0;0;4;6;7;10;17;0;0;1;2;3;24;
Wilson Chandler;SF;32;5;9;0;1;0;2;0;3;3;5;0;0;0;3;10;
Danilo Gallinari;SF;34;7;16;1;3;9;11;2;5;7;1;1;0;0;4;24;
Jameer Nelson;PG;38;7;12;3;4;0;0;0;4;4;7;1;0;3;4;17;
Randy Foye;SG;35;6;12;4;9;4;4;0;3;3;8;1;1;1;1;20;
J.J. Hickson;;19;1;2;0;0;3;8;3;3;6;1;0;0;1;2;5;
Joffrey Lauvergne;;3;0;1;0;0;0;0;0;1;1;0;0;0;1;1;0;
Jusuf Nurkic;;9;1;1;0;0;2;2;1;3;4;0;0;1;2;2;4;
Erick Green;;9;2;4;0;0;0;0;0;1;1;0;1;0;1;2;4;
Will Barton;;20;2;4;0;0;2;4;0;4;4;1;0;0;2;0;6;
Gary Harris;;7;0;3;0;0;0;0;0;2;2;0;0;0;0;0;0;
