12-21;IND-MIN;100-96;
20-17;32-21;23-30;25-28;
IND
David West;PF;29;7;9;0;0;0;0;2;2;4;2;2;1;1;1;14;
Solomon Hill;SF;32;2;5;1;2;2;2;0;4;4;4;2;0;4;2;7;
Roy Hibbert;C;27;6;11;0;0;3;4;1;7;8;3;1;4;2;1;15;
Rodney Stuckey;PG;27;3;8;0;0;1;1;0;3;3;1;0;1;0;5;7;
C.J. Watson;PG;29;3;9;1;2;0;0;0;2;2;4;2;0;3;2;7;
Lavoy Allen;;19;1;4;0;0;0;0;3;2;5;2;1;0;1;1;2;
Luis Scola;;21;5;9;0;1;0;2;0;2;2;2;0;0;0;1;10;
Damjan Rudez;;5;0;1;0;0;0;0;0;1;1;0;0;0;1;0;0;
Donald Sloan;;19;5;10;0;3;0;0;0;1;1;7;1;0;1;1;10;
C.J. Miles;;32;10;18;4;11;4;5;2;4;6;0;0;0;0;3;28;
MIN
Thaddeus Young;SF;28;4;9;0;0;0;2;1;1;2;2;2;0;2;3;8;
Shabazz Muhammad;SF;37;8;18;0;1;5;6;2;4;6;2;2;0;3;2;21;
Andrew Wiggins;SF;32;2;8;0;0;1;2;3;6;9;1;1;0;1;3;5;
Gorgui Dieng;C;33;3;5;0;0;4;4;3;4;7;3;0;0;4;1;10;
Zach LaVine;PG;16;2;6;1;1;4;4;0;1;1;2;1;0;0;2;9;
Anthony Bennett;;13;0;1;0;0;0;0;0;4;4;0;0;0;1;0;0;
Chase Budinger;;27;6;10;1;2;0;0;0;4;4;2;1;0;1;0;13;
Jeff Adrien;;13;0;0;0;0;1;2;0;6;6;1;1;1;0;2;1;
Robbie Hummel;;9;1;3;1;2;2;2;0;1;1;0;0;0;1;3;5;
Mo Williams;;32;10;16;2;5;2;2;0;2;2;10;0;0;3;2;24;
Troy Daniels;;0;0;1;0;0;0;0;0;1;1;0;0;0;0;1;0;
