02-28;ATL-MIA;93-91;
17-12;26-21;21-20;29-38;
ATL
Elton Brand;PF;29;3;7;0;0;1;2;4;4;8;2;0;0;0;3;7;
Paul Millsap;PF;39;8;15;2;4;4;5;0;5;5;4;2;0;4;4;22;
Dennis Schroder;PG;35;5;14;1;1;5;6;2;2;4;10;2;0;5;0;16;
Kyle Korver;SG;36;2;9;2;7;1;1;0;6;6;3;4;1;2;4;7;
Kent Bazemore;SG;35;6;10;2;3;1;2;0;2;2;1;3;0;3;5;15;
Mike Muscala;;16;2;6;0;2;1;1;1;0;1;1;0;4;0;0;5;
Mike Scott;;16;4;5;0;1;1;2;1;2;3;1;0;0;0;1;9;
Shelvin Mack;;13;0;7;0;3;0;0;0;1;1;1;0;0;2;0;0;
John Jenkins;;22;4;6;3;4;1;1;0;7;7;0;1;0;2;2;12;
MIA
Luol Deng;SF;40;2;7;2;5;2;2;2;2;4;1;0;0;8;0;8;
Henry Walker;SF;26;3;16;2;11;2;2;0;2;2;1;0;0;2;3;10;
Hassan Whiteside;C;34;6;8;0;0;2;2;8;16;24;0;0;2;1;2;14;
Dwyane Wade;SG;31;9;17;0;1;4;4;1;3;4;4;3;0;4;1;22;
Goran Dragic;SG;35;2;7;0;2;2;2;1;2;3;6;2;0;3;1;6;
Udonis Haslem;;14;1;1;0;0;4;4;1;5;6;1;0;0;0;0;6;
Michael Beasley;;25;4;12;1;3;0;0;1;2;3;0;2;0;3;6;9;
Mario Chalmers;;35;5;13;2;4;4;5;0;1;1;4;5;1;2;3;16;
