12-27;NY-SAC;129-135;
27-38;31-29;22-22;37-28;12-18;
NY
Jason Smith;PF;30;4;9;0;0;4;4;4;1;5;2;1;0;1;4;12;
Carmelo Anthony;SF;46;13;29;2;7;8;9;3;8;11;6;1;0;3;3;36;
Cole Aldrich;C;24;8;9;0;0;2;2;3;4;7;1;1;2;1;6;18;
Jose Calderon;PG;44;4;12;1;3;0;0;1;3;4;9;1;0;2;3;9;
Tim Hardaway Jr.;SG;30;7;14;3;6;2;3;1;4;5;2;0;2;5;4;19;
Travis Wear;;15;2;4;0;0;0;0;0;2;2;0;0;1;0;0;4;
Samuel Dalembert;;19;5;9;0;0;1;4;3;1;4;0;0;4;0;5;11;
Shane Larkin;;35;4;8;0;3;6;6;0;4;4;4;5;1;1;2;14;
Pablo Prigioni;;23;1;3;0;1;4;4;1;0;1;6;1;0;2;2;6;
SAC
Jason Thompson;PF;17;1;3;0;0;1;2;0;4;4;0;1;0;0;2;3;
Rudy Gay;SF;43;12;21;2;7;3;3;0;2;2;3;2;2;4;4;29;
DeMarcus Cousins;C;32;14;27;1;1;10;11;3;8;11;4;0;2;5;5;39;
Darren Collison;PG;43;9;10;3;3;6;6;0;1;1;10;2;0;2;2;27;
Ben McLemore;SG;36;2;4;1;2;0;0;0;5;5;3;1;1;3;5;5;
Derrick Williams;;15;1;3;0;1;2;2;0;1;1;0;1;0;0;3;4;
Carl Landry;;11;1;6;0;0;0;0;3;2;5;1;0;0;1;1;2;
Omri Casspi;;4;0;1;0;0;1;3;0;1;1;0;0;0;0;1;1;
Reggie Evans;;16;1;2;0;0;2;2;2;1;3;0;1;0;0;2;4;
Ray McCallum;;30;5;8;0;0;0;0;2;2;4;2;0;1;2;0;10;
Nik Stauskas;;18;3;4;1;2;4;4;0;2;2;0;1;1;0;2;11;
