02-11;SA-DET;104-87;
20-12;28-27;34-24;22-24;
SA
Tim Duncan;PF;18;4;7;0;0;0;0;1;2;3;1;0;1;0;1;8;
Kawhi Leonard;SF;28;2;12;0;2;4;4;2;4;6;4;4;2;1;4;8;
Aron Baynes;C;24;6;8;0;0;0;0;1;3;4;0;0;0;0;1;12;
Tony Parker;PG;32;6;10;0;0;5;5;1;2;3;6;0;0;5;0;17;
Danny Green;SG;31;7;13;5;10;0;0;1;7;8;4;2;2;0;1;19;
Jeff Ayres;;2;1;1;0;0;0;0;0;0;0;0;0;0;0;1;2;
Marco Belinelli;;20;4;10;2;6;0;0;0;1;1;3;0;0;0;0;10;
Matt Bonner;;7;0;2;0;1;0;0;1;1;2;0;0;0;0;1;0;
Boris Diaw;;15;1;5;0;1;0;0;2;4;6;1;0;0;1;2;2;
Tiago Splitter;;17;3;6;0;0;0;0;3;4;7;1;0;0;1;2;6;
Patty Mills;;16;2;4;2;3;1;2;1;1;2;2;1;0;0;0;7;
Cory Joseph;;9;0;1;0;0;0;0;0;1;1;2;0;1;1;2;0;
Manu Ginobili;;22;6;9;1;4;0;0;1;1;2;2;1;0;1;1;13;
DET
Greg Monroe;PF;30;3;10;0;0;0;1;4;2;6;2;1;0;1;1;6;
Kyle Singler;SF;27;0;4;0;2;0;0;0;3;3;1;1;0;0;1;0;
Andre Drummond;C;34;4;10;0;0;2;6;4;5;9;0;0;2;0;4;10;
D.J. Augustin;PG;34;8;18;2;6;4;4;0;3;3;6;0;0;5;2;22;
Kentavious Caldwell-Pope;SG;36;7;15;2;5;4;4;0;3;3;0;0;1;1;3;20;
Anthony Tolliver;;19;3;5;3;3;0;0;1;3;4;0;0;0;1;1;9;
Jonas Jerebko;;13;1;2;0;0;0;0;0;6;6;0;0;1;0;0;2;
Luigi Datome;;2;0;1;0;1;0;0;0;0;0;0;0;0;0;0;0;
Joel Anthony;;2;0;0;0;0;2;2;0;0;0;0;0;0;0;1;2;
John Lucas III;;12;4;6;1;1;0;0;0;0;0;6;1;0;1;0;9;
Spencer Dinwiddie;;2;0;1;0;0;0;0;0;0;0;1;0;0;0;0;0;
Jodie Meeks;;30;3;9;1;3;0;0;1;1;2;1;1;0;1;1;7;
