11-29;DAL-PHI;110-103;
28-26;30-25;32-35;20-17;
DAL
Al-Farouq Aminu;SF;21;2;7;0;3;2;2;0;3;3;1;1;0;0;1;6;
Chandler Parsons;SF;36;7;19;3;10;0;0;1;5;6;5;0;0;1;1;17;
Tyson Chandler;C;32;7;9;0;0;6;7;7;6;13;3;4;0;1;2;20;
Devin Harris;PG;31;6;13;1;3;2;3;1;4;5;5;1;1;3;3;15;
Monta Ellis;SG;36;6;14;0;2;6;7;1;3;4;5;3;0;4;3;18;
Charlie Villanueva;;9;4;7;3;4;0;0;0;1;1;1;0;0;1;3;11;
Brandan Wright;;19;3;4;0;0;0;1;0;1;1;1;1;4;1;3;6;
Jae Crowder;;9;0;2;0;1;0;0;1;0;1;1;1;0;0;1;0;
Richard Jefferson;;26;3;6;1;3;3;6;1;1;2;3;0;0;0;1;10;
J.J. Barea;;23;2;8;0;4;3;4;1;3;4;3;2;0;1;4;7;
PHI
Luc Richard Mbah a Moute;PF;29;4;10;0;1;0;0;2;3;5;0;3;0;3;2;8;
Henry Sims;C;24;5;8;0;0;3;4;3;2;5;1;1;0;2;2;13;
Nerlens Noel;C;37;5;10;0;0;0;0;3;6;9;0;1;1;2;3;10;
Michael Carter-Williams;PG;35;4;13;0;3;10;12;2;8;10;16;1;0;5;4;18;
Hollis Thompson;SG;27;4;10;2;7;0;0;0;2;2;1;1;0;2;3;10;
Brandon Davies;;13;0;3;0;1;1;2;1;2;3;0;0;0;1;5;1;
Jerami Grant;;3;0;0;0;0;0;0;0;1;1;0;0;1;0;0;0;
Robert Covington;;13;1;5;0;2;2;2;1;0;1;1;0;0;0;1;4;
Alexey Shved;;26;5;9;2;4;6;8;0;4;4;5;2;0;4;3;18;
JaKarr Sampson;;1;0;0;0;0;0;0;1;1;2;1;0;0;0;0;0;
K.J. McDaniels;;32;8;17;2;3;3;3;9;4;13;1;1;2;5;3;21;
