12-10;POR-MIN;82-90;
16-20;20-24;15-22;31-24;
POR
LaMarcus Aldridge;PF;38;3;14;1;3;3;4;3;6;9;1;0;2;5;2;10;
Nicolas Batum;SF;40;1;6;1;5;2;2;0;3;3;6;2;4;2;3;5;
Robin Lopez;C;26;4;8;0;0;0;0;4;4;8;3;0;0;3;4;8;
Damian Lillard;PG;42;9;24;2;12;3;3;1;6;7;5;3;0;1;3;23;
Wesley Matthews;SG;35;7;13;4;10;0;0;0;2;2;0;1;0;2;6;18;
Thomas Robinson;;3;1;1;0;0;0;0;1;1;2;0;0;0;0;1;2;
Allen Crabbe;;10;2;3;2;3;0;0;0;0;0;0;0;0;0;3;6;
Dorell Wright;;5;0;1;0;1;2;2;0;0;0;0;0;0;0;0;2;
Joel Freeland;;5;0;0;0;0;0;0;0;0;0;1;0;0;0;0;0;
Chris Kaman;;18;4;9;0;0;0;1;2;5;7;2;0;4;5;1;8;
Steve Blake;;19;0;1;0;1;0;0;0;0;0;2;1;0;2;2;0;
MIN
Thaddeus Young;SF;36;6;20;0;5;1;1;2;3;5;3;3;0;2;2;13;
Andrew Wiggins;SF;44;9;16;0;2;5;10;3;7;10;4;2;0;3;1;23;
Gorgui Dieng;C;22;2;3;0;0;2;2;6;3;9;0;0;1;1;4;6;
Zach LaVine;PG;36;4;9;0;2;2;2;0;4;4;5;0;0;5;2;10;
Corey Brewer;SG;38;4;11;1;2;10;10;2;6;8;5;5;0;4;4;19;
Anthony Bennett;;10;0;1;0;0;0;0;0;3;3;1;0;0;1;2;0;
Shabazz Muhammad;;27;4;14;0;1;3;4;3;3;6;1;3;0;0;1;11;
Jeff Adrien;;26;3;7;0;0;2;4;4;7;11;2;0;2;2;3;8;
Robbie Hummel;;2;0;0;0;0;0;0;0;0;0;1;0;0;0;0;0;
