03-29;DET-MIA;102-109;
27-25;17-24;21-22;37-38;
DET
Anthony Tolliver;PF;28;3;6;1;4;0;0;0;2;2;4;1;0;1;2;7;
Caron Butler;SF;17;0;1;0;1;0;0;0;0;0;2;0;0;0;2;0;
Andre Drummond;C;39;14;17;0;0;4;7;5;9;14;2;1;2;0;3;32;
Reggie Jackson;PG;36;12;17;3;4;4;8;3;3;6;9;0;0;4;4;31;
Kentavious Caldwell-Pope;SG;41;4;15;0;6;1;2;0;4;4;1;2;0;4;4;9;
Tayshaun Prince;;24;2;8;1;3;1;1;1;3;4;2;0;0;1;3;6;
Shawne Williams;;7;0;3;0;1;2;2;1;1;2;0;0;0;0;0;2;
Joel Anthony;;9;1;3;0;0;0;0;3;1;4;0;0;3;0;0;2;
Spencer Dinwiddie;;12;0;5;0;1;2;2;0;1;1;1;0;0;1;1;2;
Jodie Meeks;;28;4;8;3;5;0;0;0;0;0;3;1;0;0;1;11;
MIA
Udonis Haslem;PF;35;8;13;0;1;2;2;7;6;13;2;1;0;2;4;18;
Luol Deng;SF;18;1;5;0;1;2;2;0;2;2;1;1;0;1;0;4;
Henry Walker;SF;34;2;5;2;4;0;0;0;5;5;1;1;0;1;3;6;
Dwyane Wade;SG;36;14;27;0;1;12;13;3;3;6;4;1;0;1;0;40;
Goran Dragic;SG;35;4;10;1;3;1;2;0;2;2;5;0;1;3;3;10;
James Ennis;;24;5;7;2;2;4;6;3;3;6;1;0;0;1;3;16;
Michael Beasley;;7;2;6;0;0;0;0;0;1;1;1;0;0;0;1;4;
Mario Chalmers;;30;3;7;2;6;3;4;1;8;9;4;0;0;1;2;11;
Tyler Johnson;;20;0;2;0;0;0;0;0;2;2;1;0;0;0;0;0;
