03-02;PHX-MIA;98-115;
24-23;24-39;26-23;24-30;
PHX
Markieff Morris;PF;22;6;10;1;2;0;3;2;3;5;1;0;0;3;2;13;
P.J. Tucker;SF;41;8;13;1;6;3;4;5;9;14;3;0;0;5;4;20;
Alex Len;C;27;4;9;0;0;2;2;3;8;11;1;2;0;0;3;10;
Eric Bledsoe;PG;34;6;10;1;3;7;11;0;4;4;3;1;0;1;3;20;
Brandon Knight;PG;40;3;12;2;7;5;6;0;1;1;7;1;1;5;3;13;
Marcus Morris;;32;3;12;1;7;4;8;3;3;6;2;1;0;2;4;11;
Brandan Wright;;3;0;0;0;0;0;0;0;0;0;0;1;1;0;0;0;
Earl Barron;;2;0;0;0;0;0;0;0;0;0;0;0;0;0;1;0;
T.J. Warren;;15;1;2;0;0;0;0;0;1;1;0;0;0;0;0;2;
Archie Goodwin;;5;0;1;0;0;2;2;1;0;1;0;0;0;1;2;2;
Marcus Thornton;;5;1;2;0;0;2;2;0;0;0;0;1;0;1;1;4;
Gerald Green;;15;1;7;1;6;0;0;0;0;0;0;0;0;1;4;3;
MIA
Udonis Haslem;PF;20;0;0;0;0;3;4;0;4;4;0;0;0;0;3;3;
Luol Deng;SF;38;4;11;2;6;2;4;1;3;4;1;0;0;0;1;12;
Hassan Whiteside;C;26;8;12;0;0;1;3;6;4;10;0;2;2;2;1;17;
Dwyane Wade;SG;33;7;19;0;1;2;4;0;4;4;9;4;0;4;3;16;
Goran Dragic;SG;15;5;9;2;2;9;9;2;2;4;1;1;0;1;5;21;
Chris Andersen;;14;0;0;0;0;1;2;1;3;4;0;0;1;0;0;1;
Henry Walker;;12;0;0;0;0;0;0;0;4;4;1;0;0;0;5;0;
James Ennis;;1;0;0;0;0;0;0;0;1;1;0;0;0;0;0;0;
Michael Beasley;;26;6;10;0;0;0;0;1;5;6;1;1;1;1;4;12;
Shabazz Napier;;3;0;0;0;0;0;0;0;0;0;1;0;0;1;0;0;
Mario Chalmers;;24;3;8;0;2;1;1;0;3;3;4;2;0;2;4;7;
Tyler Johnson;;26;10;13;3;3;3;3;1;0;1;1;4;0;3;4;26;
Zoran Dragic;;2;0;0;0;0;0;0;0;0;0;0;0;0;0;1;0;
