11-28;CHI-BOS;109-102;
24-35;30-25;31-31;24-11;
CHI
Pau Gasol;PF;34;6;19;0;0;3;4;3;12;15;1;0;0;2;2;15;
Mike Dunleavy;SF;27;1;5;0;2;2;3;1;3;4;0;0;0;1;4;4;
Joakim Noah;C;35;4;12;0;0;7;8;7;7;14;6;0;6;3;4;15;
Derrick Rose;PG;28;9;18;2;6;1;2;1;3;4;4;0;1;1;2;21;
Jimmy Butler;SG;41;6;15;0;3;10;12;2;1;3;1;1;0;3;2;22;
Nikola Mirotic;;27;4;6;1;1;4;4;3;5;8;2;2;5;1;2;13;
Tony Snell;;4;0;2;0;0;0;0;0;0;0;0;0;0;0;1;0;
Doug McDermott;;2;0;0;0;0;1;2;0;0;0;0;0;0;0;0;1;
Aaron Brooks;;15;6;12;1;4;2;2;0;1;1;3;0;0;1;2;15;
Kirk Hinrich;;27;1;1;1;1;0;0;1;2;3;1;2;1;1;2;3;
BOS
Jared Sullinger;PF;33;9;19;4;9;1;3;2;8;10;0;1;1;1;3;23;
Jeff Green;SF;26;5;9;0;2;0;0;1;3;4;2;0;0;1;6;10;
Kelly Olynyk;C;19;1;8;0;2;2;2;2;1;3;1;0;0;1;5;4;
Rajon Rondo;PG;33;4;13;0;1;0;2;1;6;7;9;1;0;2;2;8;
Avery Bradley;PG;33;7;12;2;4;2;2;0;1;1;2;1;1;1;2;18;
Brandon Bass;;27;5;11;0;1;6;9;4;5;9;1;1;0;2;3;16;
Tyler Zeller;;17;2;3;0;0;2;2;0;4;4;1;0;0;1;4;6;
Phil Pressey;;15;0;3;0;2;0;0;1;1;2;2;0;0;0;2;0;
Marcus Thornton;;15;0;3;0;1;4;4;0;0;0;0;1;0;0;1;4;
Evan Turner;;23;4;11;0;0;5;5;1;1;2;2;2;0;4;2;13;
