04-09;POR-GS;105-116;
27-30;27-27;30-27;21-32;
POR
LaMarcus Aldridge;PF;35;11;24;2;3;3;3;2;4;6;4;1;2;2;0;27;
Nicolas Batum;SF;41;3;9;1;3;0;0;3;7;10;8;1;1;0;1;7;
Robin Lopez;C;23;4;7;0;0;2;2;3;4;7;1;0;1;1;1;10;
Damian Lillard;PG;38;9;22;1;9;1;2;0;6;6;8;0;0;2;2;20;
Arron Afflalo;SG;27;4;6;0;0;0;0;0;1;1;0;1;0;0;2;8;
Allen Crabbe;;14;2;2;1;1;0;0;0;1;1;1;0;0;1;1;5;
Meyers Leonard;;8;2;2;0;0;0;0;1;5;6;1;0;0;0;1;4;
Chris Kaman;;10;2;6;0;0;0;1;1;1;2;1;0;0;1;0;4;
Steve Blake;;14;1;6;1;5;0;0;0;0;0;3;1;0;1;2;3;
C.J. McCollum;;31;8;14;1;3;0;0;1;1;2;1;2;1;1;2;17;
GS
Harrison Barnes;SF;29;5;6;0;1;2;2;1;6;7;4;1;0;2;1;12;
Draymond Green;SF;36;5;11;1;4;0;0;4;10;14;3;1;2;1;3;11;
Andrew Bogut;C;32;5;6;0;0;0;0;2;5;7;4;0;0;0;0;10;
Stephen Curry;PG;35;17;23;8;13;3;3;1;1;2;10;0;0;4;2;45;
Klay Thompson;SG;36;10;21;3;5;3;4;0;4;4;2;1;1;2;3;26;
David Lee;;5;0;2;0;0;0;0;0;1;1;0;0;0;0;1;0;
James Michael McAdoo;;0;0;0;0;0;0;0;0;0;0;0;0;0;0;0;0;
Marreese Speights;;8;2;3;0;0;0;0;1;0;1;2;1;0;0;1;4;
Shaun Livingston;;16;1;6;0;0;0;0;0;2;2;0;0;0;2;1;2;
Justin Holiday;;10;1;4;0;1;0;0;0;1;1;0;0;1;1;0;2;
Andre Iguodala;;27;2;8;0;2;0;0;0;2;2;2;1;1;1;0;4;
Brandon Rush;;6;0;0;0;0;0;0;0;3;3;0;1;0;0;0;0;
