03-21;BKN-IND;123-111;
31-29;32-27;25-31;35-24;
BKN
Thaddeus Young;SF;27;3;6;0;1;0;0;0;7;7;3;0;0;1;3;6;
Joe Johnson;SF;26;6;12;0;2;2;2;1;2;3;0;0;0;0;1;14;
Brook Lopez;C;31;11;14;0;0;4;5;0;4;4;0;0;4;1;3;26;
Deron Williams;PG;24;7;15;2;4;1;2;0;1;1;6;1;0;0;2;17;
Markel Brown;SG;15;0;1;0;0;2;2;0;0;0;0;0;0;0;0;2;
Cory Jefferson;;13;1;1;0;0;1;2;1;2;3;0;0;0;0;2;3;
Mason Plumlee;;16;4;4;0;0;2;4;1;4;5;0;0;0;2;1;10;
Jarrett Jack;;24;2;7;0;0;9;9;0;1;1;8;0;0;0;1;13;
Bojan Bogdanovic;;29;8;8;3;3;2;3;0;5;5;0;0;0;2;1;21;
Alan Anderson;;34;4;7;1;2;2;2;0;6;6;4;3;0;2;4;11;
IND
David West;PF;28;6;9;0;0;1;2;2;2;4;4;0;0;1;1;13;
Solomon Hill;SF;35;7;16;2;4;1;2;2;4;6;2;0;1;0;2;17;
Roy Hibbert;C;27;7;14;0;0;2;2;1;5;6;2;0;1;2;3;16;
George Hill;PG;32;8;15;0;2;2;3;1;3;4;9;0;0;1;6;18;
C.J. Miles;SG;33;5;11;4;8;0;0;0;6;6;0;0;0;2;1;14;
Luis Scola;;20;6;7;0;0;5;7;1;4;5;0;0;0;0;4;17;
Damjan Rudez;;11;3;4;2;2;0;0;0;0;0;0;1;0;0;2;8;
Ian Mahinmi;;20;3;5;0;0;0;0;4;3;7;1;1;0;0;3;6;
Rodney Stuckey;;13;0;3;0;1;2;2;0;0;0;1;0;0;1;0;2;
C.J. Watson;;20;0;6;0;6;0;0;0;1;1;3;1;0;2;1;0;
