04-04;WSH-MEM;92-83;
29-18;20-20;22-21;21-24;
WSH
Drew Gooden;PF;30;6;10;3;5;1;1;1;2;3;2;1;0;0;1;16;
Otto Porter Jr.;SF;29;3;7;1;3;0;0;2;4;6;0;3;0;2;2;7;
Marcin Gortat;C;31;2;5;0;0;2;2;1;7;8;1;1;0;0;4;6;
John Wall;PG;36;7;15;1;3;3;3;0;6;6;14;0;0;5;0;18;
Bradley Beal;SG;40;10;21;0;6;0;0;1;4;5;2;1;0;3;3;20;
Kris Humphries;;18;1;4;0;1;0;2;0;3;3;1;1;0;0;1;2;
Rasual Butler;;19;4;9;2;3;0;0;0;2;2;0;0;0;1;2;10;
Kevin Seraphin;;17;2;2;0;0;0;0;1;4;5;1;0;0;2;4;4;
Ramon Sessions;;20;3;6;1;1;2;2;0;2;2;3;2;0;2;1;9;
MEM
Zach Randolph;PF;32;3;5;0;0;0;0;1;9;10;1;0;0;3;2;6;
Jeff Green;SF;29;3;7;0;1;3;4;1;3;4;3;0;0;0;0;9;
Marc Gasol;C;36;7;13;0;1;4;6;1;10;11;2;0;0;2;2;18;
Mike Conley;PG;32;5;15;0;5;4;4;0;0;0;8;0;1;2;0;14;
Courtney Lee;SG;35;4;9;0;2;0;0;0;1;1;4;2;0;2;4;8;
JaMychal Green;;8;2;4;0;0;0;0;3;0;3;1;0;0;1;1;4;
Kosta Koufos;;12;2;3;0;0;0;1;1;2;3;0;0;1;2;2;4;
Beno Udrih;;18;2;7;0;1;2;2;0;3;3;2;0;0;2;1;6;
Vince Carter;;19;2;6;1;2;0;0;1;3;4;1;0;0;1;1;5;
Nick Calathes;;6;1;4;0;1;0;0;0;1;1;0;0;0;0;1;2;
Jordan Adams;;13;3;8;0;2;1;1;1;0;1;1;0;1;0;1;7;
