03-15;POR-TOR;113-97;
33-31;31-22;27-26;22-18;
POR
LaMarcus Aldridge;PF;35;9;14;0;1;6;8;0;10;10;5;0;0;0;0;24;
Nicolas Batum;SF;34;3;5;2;2;2;2;2;2;4;12;3;0;1;2;10;
Robin Lopez;C;29;5;8;0;0;1;4;2;4;6;1;0;3;1;1;11;
Damian Lillard;PG;35;10;20;2;8;1;2;0;4;4;5;2;0;3;2;23;
Arron Afflalo;SG;31;5;14;4;6;0;0;0;1;1;0;0;0;1;2;14;
Allen Crabbe;;2;0;1;0;1;0;0;0;0;0;0;0;0;0;1;0;
Alonzo Gee;;2;0;1;0;0;0;0;0;0;0;0;0;0;0;0;0;
Dorell Wright;;11;3;3;1;1;0;0;0;1;1;0;1;0;1;1;7;
Meyers Leonard;;8;0;3;0;2;0;0;0;3;3;0;0;0;1;0;0;
Chris Kaman;;17;3;4;0;0;0;0;2;1;3;2;0;2;0;2;6;
Steve Blake;;21;3;6;3;6;0;0;1;3;4;1;0;0;2;1;9;
C.J. McCollum;;16;4;7;1;2;0;0;0;1;1;1;0;0;0;3;9;
TOR
Amir Johnson;PF;32;5;10;0;0;0;0;3;4;7;1;0;0;1;3;10;
Terrence Ross;SF;25;1;6;1;3;0;0;0;1;1;1;0;0;1;3;3;
Jonas Valanciunas;C;22;7;7;0;0;0;0;3;6;9;1;0;1;1;2;14;
Kyle Lowry;PG;35;3;11;1;5;3;3;0;4;4;6;1;0;4;4;10;
DeMar DeRozan;SG;35;9;18;0;1;4;5;1;7;8;2;1;0;2;1;22;
Tyler Hansbrough;;13;2;2;0;0;4;5;0;3;3;0;1;0;2;1;8;
James Johnson;;13;1;1;0;0;0;0;1;2;3;1;0;1;3;3;2;
Patrick Patterson;;24;3;5;1;2;0;0;1;4;5;2;0;0;0;3;7;
Greg Stiemsma;;2;0;0;0;0;0;2;0;2;2;0;0;0;0;0;0;
Greivis Vasquez;;18;4;9;2;5;0;0;0;0;0;3;1;1;1;2;10;
Louis Williams;;20;2;8;0;2;7;8;0;0;0;3;1;0;0;0;11;
Landry Fields;;2;0;1;0;0;0;0;0;0;0;0;0;0;0;0;0;
