11-03;SAC-DEN;110-105;
19-22;32-24;28-31;31-28;
SAC
Jason Thompson;PF;23;2;5;0;0;0;0;4;6;10;1;0;0;1;4;4;
Rudy Gay;SF;23;4;13;0;1;6;7;2;2;4;3;1;1;3;1;14;
DeMarcus Cousins;C;25;6;13;0;0;7;9;1;4;5;1;2;1;1;3;19;
Darren Collison;PG;30;5;9;0;0;11;13;1;3;4;6;1;0;1;1;21;
Ben McLemore;SG;19;2;5;1;3;0;0;0;5;5;0;0;1;2;3;5;
Derrick Williams;;10;1;4;0;1;3;4;1;3;4;1;1;0;1;1;5;
Carl Landry;;23;7;12;0;0;0;0;1;0;1;1;1;0;2;4;14;
Omri Casspi;;27;3;7;0;1;3;4;1;0;1;4;0;1;1;2;9;
Reggie Evans;;23;1;2;0;0;0;0;3;11;14;0;2;1;0;4;2;
Ray McCallum;;14;2;5;0;2;0;0;0;0;0;1;0;0;0;1;4;
Ramon Sessions;;21;1;6;1;1;10;10;0;2;2;3;0;0;3;1;13;
Nik Stauskas;;2;0;0;0;0;0;0;0;0;0;0;0;0;0;3;0;
DEN
Kenneth Faried;PF;38;5;13;0;0;0;0;4;6;10;4;1;0;2;3;10;
Wilson Chandler;SF;31;5;15;1;8;3;3;1;3;4;0;0;1;2;4;14;
Timofey Mozgov;C;16;5;7;0;0;0;0;1;5;6;0;0;1;3;5;10;
Ty Lawson;PG;35;1;8;0;1;7;8;2;0;2;12;1;0;1;1;9;
Arron Afflalo;SG;31;4;13;1;5;7;7;0;2;2;2;0;0;0;2;16;
Darrell Arthur;;16;2;4;1;2;5;6;1;5;6;1;1;0;0;4;10;
Alonzo Gee;;6;1;2;0;0;0;1;1;0;1;0;0;0;1;3;2;
Danilo Gallinari;;14;0;6;0;3;0;0;0;2;2;0;0;0;1;1;0;
Jusuf Nurkic;;8;1;5;0;0;1;2;3;2;5;0;0;1;3;3;3;
JaVale McGee;;14;6;9;0;0;4;4;2;2;4;0;0;4;1;4;16;
Nate Robinson;;13;4;5;1;1;1;2;0;0;0;1;1;0;1;3;10;
Randy Foye;;18;2;6;1;4;0;0;0;0;0;2;0;0;0;2;5;
