11-15;IND-CHI;99-90;
23-20;23-22;23-23;30-25;
IND
Luis Scola;PF;30;10;12;0;0;1;4;2;9;11;0;1;2;2;3;21;
Chris Copeland;SF;39;5;11;3;4;0;0;0;0;0;1;1;0;5;4;13;
Solomon Hill;SF;33;6;14;1;3;8;9;4;8;12;1;1;0;1;2;21;
Roy Hibbert;C;35;4;11;0;0;0;0;0;7;7;5;1;3;3;4;8;
Donald Sloan;PG;25;2;6;1;2;1;1;0;1;1;7;0;0;1;1;6;
Lavoy Allen;;18;1;5;0;0;2;2;1;3;4;2;0;1;0;0;4;
Damjan Rudez;;24;1;5;0;4;1;2;1;2;3;0;0;0;1;2;3;
Ian Mahinmi;;13;1;2;0;0;0;0;2;3;5;0;0;0;0;5;2;
A.J. Price;;24;7;11;2;5;5;7;0;3;3;2;1;0;1;1;21;
CHI
Pau Gasol;PF;34;4;15;0;0;4;4;4;2;6;1;0;3;0;3;12;
Mike Dunleavy;SF;27;2;7;0;3;0;0;0;6;6;1;0;0;1;2;4;
Joakim Noah;C;32;3;4;0;0;1;2;1;3;4;6;0;2;0;2;7;
Kirk Hinrich;SG;32;7;17;1;4;0;0;0;2;2;7;1;0;3;3;15;
Jimmy Butler;SG;41;10;17;1;2;11;14;2;4;6;1;2;1;1;0;32;
Taj Gibson;;25;1;6;0;0;0;0;2;4;6;0;2;0;2;3;2;
Nikola Mirotic;;5;1;3;0;2;0;1;0;0;0;0;0;1;0;1;2;
Tony Snell;;12;1;4;1;3;0;0;1;0;1;1;0;0;0;1;3;
Doug McDermott;;14;3;4;1;1;0;0;0;1;1;0;1;0;3;1;7;
Aaron Brooks;;18;3;6;0;2;0;2;0;2;2;1;0;0;3;3;6;
