11-12;UTAH-ATL;97-100;
32-32;22-25;34-25;9-18;
UTAH
Derrick Favors;PF;36;9;11;0;0;2;4;3;3;6;3;2;2;3;3;20;
Gordon Hayward;SF;32;5;16;1;2;0;3;0;7;7;1;2;0;1;3;11;
Enes Kanter;C;29;7;11;2;4;0;0;2;3;5;2;1;1;0;1;16;
Alec Burks;PG;37;9;15;1;5;3;3;0;2;2;3;1;0;3;2;22;
Trey Burke;PG;35;5;15;1;5;0;0;0;3;3;11;3;0;2;3;11;
Trevor Booker;;19;5;7;0;1;0;1;2;1;3;2;1;1;1;1;10;
Joe Ingles;;17;0;2;0;2;0;0;0;0;0;4;1;0;0;0;0;
Steve Novak;;0;0;0;0;0;0;0;0;0;0;0;0;0;0;0;0;
Rudy Gobert;;12;1;2;0;1;1;1;1;2;3;0;1;3;1;0;3;
Dante Exum;;19;1;5;0;2;0;0;0;1;1;2;0;1;0;4;2;
Ian Clark;;4;1;2;0;1;0;0;0;0;0;0;0;0;0;0;2;
ATL
Paul Millsap;PF;40;13;23;4;8;0;0;6;11;17;3;2;2;2;2;30;
Thabo Sefolosha;SF;35;5;8;0;1;0;1;1;4;5;1;1;0;1;1;10;
Al Horford;C;29;4;10;0;0;0;0;3;1;4;1;0;1;2;1;8;
Jeff Teague;PG;34;7;12;0;1;6;8;0;2;2;8;3;0;4;2;20;
Kyle Korver;SG;38;5;10;4;7;3;3;1;9;10;6;0;0;2;1;17;
Mike Muscala;;8;1;3;0;0;2;2;1;1;2;0;0;1;0;2;4;
Pero Antic;;19;2;5;1;3;1;2;1;4;5;0;0;0;2;0;6;
Shelvin Mack;;10;0;1;0;0;0;0;0;1;1;1;0;0;1;0;0;
Dennis Schroder;;18;2;4;0;0;1;2;0;0;0;3;0;0;3;0;5;
Kent Bazemore;;9;0;0;0;0;0;0;0;0;0;0;2;0;1;3;0;
