12-12;DET-PHX;105-103;
28-28;27-24;20-24;30-27;
DET
Greg Monroe;PF;25;3;9;0;0;6;7;2;6;8;0;0;0;2;0;12;
Josh Smith;SF;34;5;14;1;4;1;4;1;10;11;3;2;2;4;2;12;
Andre Drummond;C;30;10;14;0;0;3;4;7;7;14;1;1;1;1;3;23;
Brandon Jennings;PG;29;4;13;0;2;0;0;0;1;1;4;1;0;3;0;8;
Kentavious Caldwell-Pope;SG;30;5;9;2;4;2;2;1;4;5;1;3;0;3;4;14;
Jonas Jerebko;;14;2;2;0;0;0;0;0;1;1;0;0;0;1;1;4;
Caron Butler;;21;2;6;0;3;0;0;1;2;3;1;0;0;1;4;4;
Kyle Singler;;12;1;2;1;1;2;2;0;2;2;0;1;0;0;1;5;
D.J. Augustin;;24;4;5;0;1;3;4;0;1;1;6;2;0;2;2;11;
Jodie Meeks;;22;4;10;0;0;4;4;1;0;1;1;1;0;1;1;12;
PHX
Markieff Morris;PF;32;7;13;1;2;2;2;2;6;8;2;2;0;3;1;17;
P.J. Tucker;SF;33;5;11;2;4;4;5;3;6;9;3;3;0;1;2;16;
Miles Plumlee;C;27;5;8;0;0;0;1;3;3;6;0;2;2;1;2;10;
Eric Bledsoe;PG;31;6;9;2;3;2;2;1;4;5;2;1;1;2;2;16;
Goran Dragic;SG;32;8;12;1;3;1;2;1;4;5;5;2;0;6;4;18;
Marcus Morris;;21;3;9;1;4;3;3;0;1;1;1;0;0;0;2;10;
Anthony Tolliver;;4;1;2;1;2;0;0;0;0;0;0;0;0;0;0;3;
Alex Len;;12;0;1;0;1;0;0;0;0;0;0;1;1;2;3;0;
Isaiah Thomas;;28;3;11;1;6;3;4;0;2;2;2;0;0;1;4;10;
Gerald Green;;21;1;7;1;6;0;0;0;1;1;1;0;1;1;4;3;
