02-06;NY-BKN;88-92;
21-29;24-24;25-15;18-24;
NY
Lou Amundson;PF;23;3;5;0;0;0;0;2;3;5;1;0;0;0;3;6;
Jason Smith;PF;22;3;10;0;1;2;2;2;2;4;0;1;0;0;2;8;
Carmelo Anthony;SF;37;6;23;0;5;9;11;2;5;7;3;2;0;3;2;21;
Jose Calderon;PG;33;6;11;3;4;0;0;0;4;4;7;1;0;0;3;15;
Langston Galloway;PG;36;4;11;1;7;0;1;3;8;11;4;1;0;0;3;9;
Lance Thomas;;29;7;13;0;0;0;0;1;0;1;2;1;0;0;3;14;
Amar'e Stoudemire;;18;3;4;0;0;3;3;1;2;3;2;1;0;2;3;9;
Cole Aldrich;;9;0;2;0;0;0;0;1;0;1;1;0;2;0;0;0;
Shane Larkin;;17;0;3;0;2;0;0;1;3;4;3;1;1;0;2;0;
Tim Hardaway Jr.;;15;2;7;2;5;0;0;0;0;0;0;0;0;0;1;6;
BKN
Kevin Garnett;PF;22;6;10;0;0;0;0;1;8;9;2;0;3;1;3;12;
Joe Johnson;SF;36;5;10;1;3;2;2;1;10;11;2;1;0;1;3;13;
Mason Plumlee;C;17;1;4;0;0;3;4;1;5;6;1;0;0;1;1;5;
Jarrett Jack;PG;42;7;12;1;1;5;5;0;2;2;8;0;0;4;0;20;
Alan Anderson;SG;33;3;5;1;3;0;1;0;4;4;2;0;0;1;5;7;
Cory Jefferson;;0;0;0;0;0;0;0;0;0;0;0;0;0;0;1;0;
Brook Lopez;;33;11;18;0;0;0;2;5;4;9;2;0;6;3;3;22;
Deron Williams;;26;2;9;0;2;1;4;1;3;4;6;0;1;2;2;5;
Bojan Bogdanovic;;31;2;6;0;2;4;4;1;1;2;0;0;0;1;1;8;
