03-09;WSH-CHA;95-69;
36-21;20-25;21-14;18-9;
WSH
Nene Hilario;PF;19;4;5;0;0;1;1;0;1;1;0;2;0;3;4;9;
Paul Pierce;SF;18;4;7;1;3;0;0;0;5;5;1;0;0;0;0;9;
Marcin Gortat;C;28;9;11;0;0;2;2;2;5;7;0;2;0;0;1;20;
John Wall;PG;29;7;11;1;2;0;0;0;5;5;9;3;1;3;1;15;
Bradley Beal;SG;31;7;16;0;2;0;0;1;4;5;3;1;0;2;1;14;
Drew Gooden;;24;1;5;0;2;0;0;0;6;6;3;0;1;0;3;2;
Otto Porter Jr.;;23;4;10;0;2;0;0;3;3;6;1;1;1;2;0;8;
Rasual Butler;;5;0;1;0;0;0;0;0;1;1;0;0;1;0;0;0;
Kevin Seraphin;;20;6;9;0;0;0;0;2;5;7;0;1;0;0;4;12;
DeJuan Blair;;5;0;2;0;0;0;0;0;2;2;0;0;0;0;1;0;
Ramon Sessions;;19;2;5;0;0;0;0;0;3;3;3;0;0;2;1;4;
Garrett Temple;;19;0;3;0;3;2;2;0;1;1;1;0;0;1;3;2;
CHA
Cody Zeller;PF;7;0;1;0;0;0;0;0;1;1;0;0;2;0;2;0;
Michael Kidd-Gilchrist;SF;30;2;5;0;0;3;4;3;3;6;1;0;1;1;1;7;
Al Jefferson;C;29;7;14;0;0;0;0;2;3;5;1;1;1;2;2;14;
Mo Williams;PG;33;6;18;1;10;6;7;0;0;0;7;1;0;3;1;19;
Gerald Henderson;SG;25;2;5;0;0;0;0;0;3;3;0;0;0;2;1;4;
Noah Vonleh;;5;0;1;0;0;0;0;0;1;1;0;0;1;0;0;0;
Jason Maxiell;;15;1;3;0;0;2;2;1;2;3;0;0;2;0;0;4;
Marvin Williams;;20;2;4;2;3;0;0;0;5;5;0;0;0;0;0;6;
Jeff Taylor;;5;0;2;0;0;0;0;0;1;1;0;0;0;1;0;0;
Bismack Biyombo;;19;1;3;0;0;1;3;2;7;9;0;1;1;3;1;3;
Brian Roberts;;24;0;10;0;5;0;0;0;1;1;1;0;0;0;0;0;
Troy Daniels;;6;0;2;0;2;0;0;0;0;0;0;0;0;0;1;0;
Lance Stephenson;;24;4;9;1;2;3;4;0;2;2;3;1;0;3;2;12;
