03-20;MEM-DAL;112-101;
25-18;19-19;39-31;29-33;
MEM
Zach Randolph;PF;34;8;13;0;0;5;6;0;4;4;5;0;0;2;3;21;
Tony Allen;SF;32;5;8;0;0;3;8;3;4;7;1;2;0;1;2;13;
Marc Gasol;C;25;6;10;0;0;3;3;0;10;10;2;1;1;3;6;15;
Mike Conley;PG;26;4;9;2;3;4;5;0;0;0;3;0;0;3;4;14;
Courtney Lee;SG;32;1;4;1;2;2;4;0;3;3;1;0;0;1;4;5;
JaMychal Green;;1;0;0;0;0;0;0;0;0;0;0;0;0;0;0;0;
Jeff Green;;27;5;11;2;6;3;3;0;3;3;0;1;2;1;4;15;
Kosta Koufos;;19;3;4;0;0;0;0;2;4;6;1;1;0;1;2;6;
Beno Udrih;;23;5;8;0;0;2;3;0;1;1;3;1;0;2;3;12;
Vince Carter;;22;4;10;3;7;0;0;1;3;4;3;1;0;1;2;11;
Jordan Adams;;1;0;0;0;0;0;0;0;0;0;0;0;0;0;0;0;
DAL
Dirk Nowitzki;PF;30;4;14;1;2;7;8;1;5;6;1;0;0;0;6;16;
Chandler Parsons;SF;35;4;11;1;4;3;6;1;4;5;2;0;0;2;2;12;
Tyson Chandler;C;36;4;4;0;0;1;4;5;8;13;1;1;3;4;3;9;
Rajon Rondo;PG;30;4;8;0;2;2;2;1;5;6;4;2;0;4;2;10;
Monta Ellis;SG;34;3;9;1;2;5;6;0;0;0;2;1;0;3;4;12;
Charlie Villanueva;;11;5;9;2;6;0;0;0;1;1;1;0;0;1;2;12;
Al-Farouq Aminu;;19;1;2;0;1;0;2;0;2;2;0;2;0;0;4;2;
Bernard James;;1;0;0;0;0;0;0;0;0;0;0;0;0;0;0;0;
Amar'e Stoudemire;;7;2;4;0;0;0;0;1;3;4;0;0;0;2;3;4;
J.J. Barea;;16;1;8;0;2;4;4;0;0;0;0;0;0;1;1;6;
Raymond Felton;;1;1;1;0;0;0;0;0;0;0;0;0;0;0;0;2;
Devin Harris;;21;5;6;3;3;3;4;0;4;4;3;0;0;0;2;16;
