12-12;NY-BOS;101-95;
26-19;25-27;24-23;26-26;
NY
Quincy Acy;SF;17;0;1;0;0;0;0;1;3;4;3;2;0;1;1;0;
Carmelo Anthony;SF;39;9;20;0;3;4;4;0;5;5;3;1;3;2;3;22;
Amar'e Stoudemire;C;26;9;16;0;0;2;2;3;4;7;1;1;1;3;4;20;
Jose Calderon;PG;33;4;10;1;2;0;0;1;2;3;7;3;0;1;2;9;
Iman Shumpert;SG;17;2;3;1;1;0;2;0;0;0;3;2;0;0;2;5;
Jason Smith;;17;5;7;0;0;2;2;2;3;5;1;2;0;2;3;12;
Samuel Dalembert;;22;2;3;0;0;2;2;1;4;5;1;2;1;0;2;6;
Shane Larkin;;22;2;3;1;2;0;0;0;4;4;4;0;0;3;2;5;
Pablo Prigioni;;14;2;5;1;4;1;2;2;0;2;2;0;0;1;1;6;
Tim Hardaway Jr.;;32;5;13;2;4;4;4;1;4;5;1;0;0;0;0;16;
BOS
Jared Sullinger;PF;21;0;6;0;2;0;0;2;2;4;1;1;0;1;3;0;
Jeff Green;SF;38;9;20;4;8;6;7;0;6;6;2;0;0;2;2;28;
Tyler Zeller;C;25;9;14;0;0;1;2;4;2;6;2;0;2;1;1;19;
Rajon Rondo;PG;32;1;3;0;1;0;0;0;7;7;10;1;0;2;1;2;
Evan Turner;SG;36;6;11;0;2;1;1;0;2;2;1;0;0;5;5;13;
Dwight Powell;;0;0;0;0;0;0;0;0;0;0;0;0;0;0;0;0;
Brandon Bass;;21;2;9;0;0;1;1;3;1;4;2;0;0;0;1;5;
Gerald Wallace;;6;1;2;0;0;0;0;1;1;2;1;0;0;1;0;2;
Kelly Olynyk;;21;4;10;1;4;2;4;1;3;4;2;1;1;2;2;11;
Phil Pressey;;15;0;0;0;0;2;2;1;2;3;5;0;0;1;2;2;
Marcus Smart;;4;0;0;0;0;0;0;0;2;2;1;0;0;0;0;0;
Marcus Thornton;;22;5;10;2;5;1;1;0;1;1;1;0;0;2;1;13;
