01-31;OKC-MEM;74-85;
20-25;20-20;22-23;12-17;
OKC
Serge Ibaka;PF;30;4;10;1;3;4;4;4;6;10;0;1;1;1;2;13;
Kevin Durant;SF;37;5;16;0;5;5;6;0;7;7;4;1;0;4;0;15;
Steven Adams;C;22;3;4;0;0;0;2;2;0;2;1;0;2;1;3;6;
Russell Westbrook;PG;32;5;16;1;3;3;4;1;5;6;5;0;0;3;4;14;
Andre Roberson;SG;14;1;1;1;1;0;0;0;2;2;0;0;0;0;1;3;
Nick Collison;;17;1;3;0;0;0;0;2;1;3;0;0;0;1;1;2;
Perry Jones;;2;0;0;0;0;0;0;0;0;0;0;0;0;0;0;0;
Kendrick Perkins;;20;0;3;0;0;0;0;1;4;5;2;0;1;0;2;0;
Reggie Jackson;;16;2;4;0;1;2;2;0;3;3;2;1;0;3;2;6;
Anthony Morrow;;18;2;6;1;2;0;0;1;1;2;0;0;0;0;2;5;
Jeremy Lamb;;2;1;1;1;1;0;0;0;0;0;0;0;0;0;0;3;
Dion Waiters;;30;3;14;1;4;0;0;1;6;7;1;2;0;4;2;7;
MEM
Zach Randolph;PF;37;8;20;0;0;5;6;10;8;18;3;0;1;3;4;21;
Jeff Green;SF;35;4;12;0;4;0;0;1;1;2;2;0;1;1;3;8;
Marc Gasol;C;32;5;14;0;0;5;5;2;10;12;5;2;1;0;3;15;
Mike Conley;PG;29;4;12;2;5;0;0;2;0;2;3;0;0;3;1;10;
Courtney Lee;SG;28;3;6;1;2;0;0;0;2;2;1;2;0;0;2;7;
Jon Leuer;;11;3;7;0;0;0;0;0;3;3;0;0;1;0;2;6;
Tony Allen;;26;2;5;0;0;4;6;2;3;5;2;3;0;2;2;8;
Kosta Koufos;;15;2;7;0;0;0;0;2;5;7;0;1;0;2;1;4;
Beno Udrih;;18;1;4;0;0;0;0;1;2;3;4;1;0;0;0;2;
Nick Calathes;;9;2;4;0;0;0;0;0;0;0;2;2;1;0;0;4;
Jordan Adams;;1;0;0;0;0;0;0;0;0;0;0;0;0;0;0;0;
