12-26;MIL-ATL;107-77;
24-22;34-20;23-16;26-19;
MIL
Johnny O'Bryant III;PF;21;5;9;0;0;2;4;1;3;4;0;0;0;0;1;12;
Giannis Antetokounmpo;SF;30;2;10;0;1;3;4;0;5;5;5;0;2;3;2;7;
Zaza Pachulia;C;26;6;9;0;0;2;2;1;7;8;2;3;0;2;3;14;
Brandon Knight;PG;28;5;11;2;6;4;4;1;4;5;3;2;1;3;0;16;
Kendall Marshall;PG;25;2;6;0;2;0;0;0;0;0;5;2;0;1;2;4;
Jared Dudley;;24;10;10;4;4;0;0;1;3;4;2;4;0;1;3;24;
John Henson;;18;1;2;0;0;3;4;1;4;5;2;2;2;2;3;5;
Nate Wolters;;4;0;0;0;0;0;0;0;2;2;2;0;0;0;0;0;
Jerryd Bayless;;26;3;7;1;3;5;5;0;1;1;4;0;1;0;1;12;
Khris Middleton;;17;1;7;0;1;0;0;0;1;1;0;2;0;1;2;2;
O.J. Mayo;;20;5;8;1;2;0;0;1;4;5;3;0;0;2;2;11;
ATL
Paul Millsap;PF;30;8;10;1;1;5;6;3;8;11;2;2;1;4;0;22;
DeMarre Carroll;SF;24;0;6;0;5;0;0;1;3;4;0;1;0;3;3;0;
Al Horford;C;25;5;9;0;0;3;4;0;5;5;2;0;2;3;1;13;
Jeff Teague;PG;24;5;10;0;3;2;2;0;0;0;4;3;1;3;4;12;
Kyle Korver;SG;28;1;8;1;6;0;0;0;3;3;4;0;0;2;2;3;
Elton Brand;;8;0;1;0;0;0;0;1;0;1;0;1;0;0;1;0;
Mike Scott;;14;2;4;1;1;0;0;1;2;3;0;0;0;1;0;5;
Mike Muscala;;5;2;2;0;0;0;0;0;1;1;1;0;0;0;0;4;
Adreian Payne;;13;1;4;0;1;0;0;1;2;3;0;0;0;0;2;2;
Thabo Sefolosha;;18;4;6;0;0;0;0;1;2;3;0;0;0;0;2;8;
Shelvin Mack;;17;1;3;0;1;0;0;0;2;2;4;1;0;3;0;2;
Dennis Schroder;;19;1;9;0;3;1;2;0;1;1;2;0;0;3;4;3;
Kent Bazemore;;15;1;4;1;2;0;0;0;1;1;1;0;0;0;0;3;
