03-06;UTAH-PHI;89-83;
21-24;20-18;23-13;25-28;
UTAH
Derrick Favors;PF;32;5;14;0;0;5;8;5;5;10;3;1;0;3;5;15;
Gordon Hayward;SF;37;7;16;2;3;9;10;1;8;9;4;1;0;1;0;25;
Joe Ingles;SF;17;1;3;1;2;0;0;0;1;1;2;0;0;2;3;3;
Rudy Gobert;C;35;3;6;0;0;3;4;2;13;15;0;2;1;2;1;9;
Dante Exum;SG;22;1;4;1;2;2;2;1;2;3;2;1;0;1;3;5;
Trevor Booker;;23;1;4;0;0;3;4;3;2;5;1;1;1;1;3;5;
Jeremy Evans;;5;1;1;0;0;0;2;0;0;0;1;0;1;0;1;2;
Trey Burke;;30;3;12;1;2;3;4;0;3;3;1;1;2;1;1;10;
Elijah Millsap;;16;2;3;0;0;2;3;0;2;2;1;2;0;4;2;6;
Rodney Hood;;22;3;8;1;3;2;4;0;1;1;2;0;0;3;1;9;
PHI
Luc Richard Mbah a Moute;PF;29;5;10;3;6;1;2;0;2;2;3;4;0;2;5;14;
Nerlens Noel;C;37;5;12;0;0;0;0;5;6;11;1;6;0;1;5;10;
Isaiah Canaan;PG;28;6;15;4;9;0;0;0;2;2;4;0;0;1;2;16;
Jason Richardson;SG;27;0;10;0;4;0;0;0;3;3;2;0;0;0;4;0;
JaKarr Sampson;SG;22;1;5;1;3;0;2;1;0;1;0;0;1;1;2;3;
Furkan Aldemir;;11;0;0;0;0;2;4;1;0;1;2;0;1;0;2;2;
Thomas Robinson;;15;5;8;0;1;1;2;4;8;12;0;0;0;1;1;11;
Jerami Grant;;18;2;5;1;3;0;0;0;2;2;1;0;0;2;2;5;
Robert Covington;;18;1;8;0;4;3;6;1;5;6;1;1;0;3;5;5;
Ish Smith;;23;6;13;0;1;2;2;0;1;1;7;1;1;1;0;14;
Hollis Thompson;;11;1;2;1;1;0;0;1;1;2;1;1;1;1;1;3;
