03-27;LAC-PHI;119-98;
34-19;28-35;32-14;25-30;
LAC
Blake Griffin;PF;29;5;8;0;0;0;0;1;4;5;8;0;0;1;3;10;
Matt Barnes;SF;27;4;8;3;7;4;4;0;4;4;3;4;0;2;3;15;
DeAndre Jordan;C;28;6;10;0;0;5;17;7;13;20;0;0;2;0;2;17;
Chris Paul;PG;30;9;15;3;5;4;4;0;3;3;7;1;0;3;3;25;
J.J. Redick;SG;29;8;14;3;7;0;0;0;3;3;0;1;0;2;3;19;
Ekpe Udoh;;6;2;2;0;0;0;0;0;2;2;0;1;0;1;2;4;
Glen Davis;;15;1;2;0;0;2;2;0;2;2;0;0;0;1;1;4;
Spencer Hawes;;19;3;7;1;4;0;0;0;8;8;1;1;0;4;3;7;
Hedo Turkoglu;;14;2;4;1;3;0;0;0;4;4;3;0;0;0;2;5;
Dahntay Jones;;3;0;1;0;0;0;0;0;0;0;0;0;0;0;1;0;
Jordan Hamilton;;11;0;1;0;1;0;0;0;0;0;2;0;0;0;1;0;
Austin Rivers;;24;4;9;1;2;4;4;0;5;5;3;0;0;1;0;13;
C.J. Wilcox;;5;0;1;0;0;0;0;0;0;0;1;0;0;1;0;0;
PHI
Robert Covington;SF;24;0;4;0;4;2;2;0;3;3;1;2;0;1;2;2;
Jerami Grant;SF;23;2;7;1;5;1;2;0;4;4;0;1;0;3;3;6;
Nerlens Noel;C;39;12;17;0;0;6;8;5;9;14;2;2;0;4;3;30;
Ish Smith;PG;32;8;14;2;2;0;1;0;2;2;9;2;0;3;3;18;
JaKarr Sampson;SG;15;1;9;1;3;0;0;1;2;3;0;1;0;0;1;3;
Luc Richard Mbah a Moute;;22;4;8;3;5;2;4;1;3;4;2;0;1;1;1;13;
Furkan Aldemir;;12;0;0;0;0;0;2;0;1;1;0;1;0;0;1;0;
Thomas Robinson;;12;0;5;0;0;2;6;0;3;3;0;0;0;0;4;2;
Isaiah Canaan;;20;3;7;3;7;0;0;0;2;2;0;0;0;0;4;9;
Glenn Robinson III;;6;1;2;0;0;0;0;1;2;3;0;0;0;1;1;2;
Jason Richardson;;13;1;6;1;3;0;0;0;1;1;0;1;0;0;0;3;
Hollis Thompson;;22;4;7;0;2;2;2;0;0;0;3;1;0;0;2;10;
