02-20;MIA-NY;111-87;
25-26;33-22;29-20;24-19;
MIA
Udonis Haslem;PF;28;5;6;1;1;2;6;0;5;5;2;0;1;0;2;13;
Luol Deng;SF;34;3;9;0;1;7;8;4;4;8;8;2;0;5;1;13;
Hassan Whiteside;C;20;4;7;0;0;4;6;3;6;9;1;1;2;3;4;12;
Mario Chalmers;PG;37;4;14;1;7;4;5;0;6;6;7;8;0;1;1;13;
Dwyane Wade;SG;22;4;10;0;0;4;4;0;4;4;1;0;0;2;2;12;
Chris Andersen;;21;5;8;0;1;2;2;3;2;5;1;0;0;1;4;12;
James Ennis;;21;2;6;0;1;0;0;1;1;2;1;0;1;1;4;4;
Shabazz Napier;;34;6;11;4;5;2;2;0;7;7;6;1;0;7;0;18;
Tyler Johnson;;23;5;8;3;4;1;2;0;4;4;1;0;0;1;0;14;
NY
Lou Amundson;PF;11;4;6;0;0;1;1;1;0;1;1;0;0;1;4;9;
Jason Smith;PF;23;2;7;0;0;0;0;0;6;6;3;0;0;2;2;4;
Cleanthony Early;SF;23;1;7;0;3;0;0;0;1;1;1;1;0;0;3;2;
Jose Calderon;PG;30;5;10;0;3;1;3;0;1;1;9;2;0;3;2;11;
Langston Galloway;PG;37;7;14;3;5;2;4;1;2;3;4;2;1;3;3;19;
Lance Thomas;;19;1;9;0;0;0;0;1;3;4;2;1;0;2;1;2;
Quincy Acy;;14;2;4;0;1;0;0;1;1;2;0;0;1;3;3;4;
Travis Wear;;17;2;5;0;0;0;0;1;2;3;3;2;3;1;1;4;
Andrea Bargnani;;24;3;8;0;1;5;6;2;4;6;1;0;0;0;4;11;
Cole Aldrich;;13;2;3;0;0;0;0;0;2;2;0;0;1;1;1;4;
Tim Hardaway Jr.;;30;6;9;3;5;2;2;0;3;3;4;2;0;4;2;17;
