01-25;MIN-ATL;100-112;
24-25;23-36;30-25;23-26;
MIN
Thaddeus Young;SF;43;11;17;0;3;4;5;4;2;6;7;1;0;1;4;26;
Andrew Wiggins;SF;41;5;11;0;0;2;4;2;5;7;1;1;1;3;1;12;
Nikola Pekovic;C;36;4;10;0;0;7;8;1;2;3;1;0;0;0;2;15;
Gorgui Dieng;C;28;3;6;0;0;3;4;2;5;7;4;0;1;1;3;9;
Mo Williams;PG;38;8;15;4;9;0;0;1;6;7;6;1;0;4;2;20;
Anthony Bennett;;0;0;0;0;0;0;0;0;0;0;0;0;0;0;1;0;
Chase Budinger;;17;1;4;1;3;2;2;1;2;3;3;1;0;1;0;5;
Robbie Hummel;;23;3;6;1;1;2;2;0;4;4;1;0;0;1;2;9;
Zach LaVine;;7;1;1;0;0;0;0;0;0;0;1;0;0;1;3;2;
Glenn Robinson III;;5;1;1;0;0;0;0;0;0;0;0;0;0;0;0;2;
Troy Daniels;;3;0;0;0;0;0;0;0;0;0;0;0;0;1;0;0;
ATL
Paul Millsap;PF;33;8;12;2;4;2;2;1;4;5;6;4;0;1;3;20;
DeMarre Carroll;SF;32;6;10;2;5;0;0;3;3;6;2;0;0;1;3;14;
Al Horford;C;31;8;9;0;0;3;3;1;5;6;4;1;2;1;2;19;
Jeff Teague;PG;32;6;14;0;3;3;4;0;1;1;7;1;0;3;3;15;
Kyle Korver;SG;30;4;8;4;8;1;1;0;3;3;4;1;0;3;4;13;
Mike Scott;;12;1;4;0;1;1;1;1;1;2;0;0;0;1;1;3;
Pero Antic;;21;3;7;0;3;1;4;0;3;3;2;0;0;0;2;7;
Thabo Sefolosha;;22;3;5;2;2;0;2;2;0;2;1;0;1;0;0;8;
Dennis Schroder;;16;5;9;0;1;1;1;0;0;0;4;0;0;0;1;11;
Kent Bazemore;;11;1;2;0;1;0;0;0;1;1;0;1;2;0;1;2;
