12-29;ORL-MIA;102-101;
26-25;24-28;27-24;25-24;
ORL
Kyle O'Quinn;PF;17;2;2;1;1;0;0;0;2;2;1;0;1;1;2;5;
Tobias Harris;SF;36;8;14;2;4;0;0;0;4;4;1;0;0;2;3;18;
Nikola Vucevic;C;34;12;17;0;0;2;3;3;6;9;3;0;1;0;1;26;
Elfrid Payton;PG;30;2;5;0;1;0;0;1;3;4;8;4;0;2;2;4;
Victor Oladipo;SG;37;7;12;3;4;5;6;0;2;2;4;3;0;5;3;22;
Channing Frye;;27;5;11;3;9;0;0;0;2;2;0;0;0;1;4;13;
Dewayne Dedmon;;14;2;4;0;0;0;0;4;1;5;0;0;0;0;5;4;
Evan Fournier;;32;0;4;0;2;2;4;0;6;6;3;2;0;3;3;2;
Ben Gordon;;12;3;8;2;4;0;0;0;0;0;1;0;0;0;2;8;
MIA
Chris Andersen;PF;23;2;2;0;0;1;2;0;4;4;2;0;1;0;1;5;
Luol Deng;SF;38;5;11;1;3;3;4;1;2;3;0;1;0;2;1;14;
Chris Bosh;C;33;8;17;0;1;4;7;1;7;8;1;1;0;2;1;20;
Mario Chalmers;PG;30;1;3;0;0;0;0;0;4;4;2;2;0;3;3;2;
Dwyane Wade;SG;31;7;14;0;1;11;11;1;2;3;6;1;0;3;0;25;
Danny Granger;;32;7;10;6;7;1;3;1;3;4;2;1;0;2;2;21;
Hassan Whiteside;;18;1;1;0;0;6;11;2;5;7;1;1;2;0;3;8;
Norris Cole;;35;2;5;0;2;2;2;0;3;3;4;2;0;2;4;6;
