12-30;DET-ORL;109-86;
20-21;34-26;26-23;29-16;
DET
Greg Monroe;PF;21;3;8;0;0;3;3;4;5;9;1;1;0;3;0;9;
Kyle Singler;SF;20;4;8;1;4;0;0;1;2;3;2;0;0;0;2;9;
Andre Drummond;C;31;6;11;0;0;5;16;9;13;22;2;2;3;0;1;17;
Brandon Jennings;PG;18;2;9;1;5;0;0;0;1;1;2;0;0;2;0;5;
Kentavious Caldwell-Pope;SG;25;2;8;0;2;0;0;0;2;2;0;1;0;0;2;4;
Jonas Jerebko;;21;1;4;0;1;2;4;1;1;2;4;0;1;1;3;4;
Anthony Tolliver;;11;2;6;1;5;0;0;0;2;2;0;0;0;0;1;5;
Cartier Martin;;3;0;0;0;0;0;0;0;1;1;0;0;0;0;1;0;
Caron Butler;;18;1;4;1;2;0;0;0;4;4;0;1;0;0;0;3;
Joel Anthony;;12;3;3;0;0;0;0;1;2;3;0;0;4;1;2;6;
Spencer Dinwiddie;;3;1;1;0;0;0;0;0;0;0;1;1;0;0;0;2;
D.J. Augustin;;30;4;8;1;3;2;2;0;5;5;10;1;1;2;1;11;
Jodie Meeks;;27;11;16;9;11;3;4;0;0;0;0;2;0;2;1;34;
ORL
Kyle O'Quinn;PF;20;3;6;0;2;0;0;0;3;3;0;1;1;0;4;6;
Tobias Harris;SF;31;6;11;1;2;2;3;0;8;8;2;1;0;0;1;15;
Nikola Vucevic;C;22;5;10;0;0;0;0;0;5;5;1;0;1;0;0;10;
Elfrid Payton;PG;24;4;8;0;1;0;0;0;0;0;6;0;0;5;1;8;
Victor Oladipo;SG;32;6;14;1;5;3;4;1;2;3;3;2;0;3;4;16;
Andrew Nicholson;;7;3;5;0;1;0;1;0;1;1;0;0;0;0;0;6;
Channing Frye;;25;1;6;1;4;0;0;0;3;3;2;0;1;2;3;3;
Maurice Harkless;;7;0;1;0;0;1;2;2;0;2;0;0;0;0;0;1;
Dewayne Dedmon;;18;4;6;0;0;0;0;4;6;10;0;1;0;1;5;8;
Luke Ridnour;;12;0;1;0;0;0;0;0;2;2;2;0;0;1;0;0;
Evan Fournier;;27;4;9;1;3;0;0;0;4;4;1;0;0;1;2;9;
Willie Green;;6;0;3;0;1;0;0;0;0;0;2;1;0;2;0;0;
Ben Gordon;;10;2;5;0;1;0;0;0;1;1;0;1;0;0;1;4;
