02-11;UTAH-DAL;82-87;
9-22;28-17;20-25;25-23;
UTAH
Derrick Favors;PF;33;5;10;0;0;4;6;1;4;5;1;0;3;3;3;14;
Gordon Hayward;SF;38;5;14;1;5;1;2;2;7;9;8;2;0;6;2;12;
Enes Kanter;C;18;3;7;0;0;0;1;3;7;10;0;0;0;2;1;6;
Elijah Millsap;SG;37;3;8;1;5;3;4;0;8;8;2;2;0;3;4;10;
Dante Exum;SG;26;1;8;0;4;0;0;0;1;1;3;0;0;0;0;2;
Trevor Booker;;18;2;7;1;3;1;2;3;2;5;0;2;0;1;1;6;
Steve Novak;;12;4;6;4;6;0;0;0;1;1;0;0;0;1;2;12;
Rudy Gobert;;27;0;4;0;0;2;6;3;2;5;1;1;4;0;4;2;
Trey Burke;;27;6;15;4;6;0;0;1;5;6;4;1;0;2;3;16;
Ian Clark;;4;1;1;0;0;0;0;1;1;2;0;1;0;0;1;2;
DAL
Dirk Nowitzki;PF;33;5;14;0;3;5;6;2;12;14;2;2;0;2;3;15;
Greg Smith;PF;23;1;1;0;0;2;4;0;0;0;1;1;0;0;2;4;
Chandler Parsons;SF;33;2;11;2;6;2;2;0;5;5;3;1;0;1;4;8;
J.J. Barea;PG;35;8;15;4;7;2;2;1;3;4;3;0;0;2;2;22;
Monta Ellis;SG;37;1;6;1;2;4;4;0;2;2;3;7;0;3;3;7;
Charlie Villanueva;;12;3;7;2;3;0;0;0;0;0;0;0;0;0;0;8;
Al-Farouq Aminu;;20;3;7;0;1;0;0;2;5;7;0;0;0;1;3;6;
Richard Jefferson;;2;0;0;0;0;0;0;0;1;1;0;0;0;0;1;0;
Bernard James;;22;3;7;0;0;3;4;2;1;3;0;0;3;1;3;9;
Devin Harris;;23;2;7;1;6;3;4;0;2;2;6;0;0;1;0;8;
