11-18;OKC-UTAH;81-98;
23-14;19-26;17-32;22-26;
OKC
Serge Ibaka;PF;22;2;13;1;3;1;2;1;5;6;0;1;1;0;2;6;
Lance Thomas;SF;30;3;10;0;0;0;1;4;4;8;0;2;0;1;3;6;
Steven Adams;C;27;5;9;0;0;1;4;3;5;8;0;0;3;4;4;11;
Reggie Jackson;PG;34;4;13;1;3;1;1;0;3;3;7;0;0;3;2;10;
Jeremy Lamb;SG;36;5;15;3;7;6;6;0;4;4;4;1;1;0;3;19;
Nick Collison;;22;3;6;2;5;0;0;2;1;3;0;1;1;2;2;8;
Kendrick Perkins;;21;4;4;0;0;0;0;2;3;5;1;1;0;1;4;8;
Sebastian Telfair;;10;2;7;0;2;0;0;0;1;1;1;0;0;0;1;4;
Ish Smith;;4;0;0;0;0;1;2;0;1;1;2;0;0;2;0;1;
Anthony Morrow;;34;2;7;1;3;3;3;0;5;5;2;2;0;0;1;8;
UTAH
Derrick Favors;PF;26;5;10;0;0;0;2;4;3;7;2;0;1;1;4;10;
Gordon Hayward;SF;30;4;12;1;7;4;5;0;4;4;2;2;0;4;3;13;
Enes Kanter;C;27;6;16;0;1;4;8;6;9;15;0;0;0;1;2;16;
Trey Burke;PG;37;7;17;3;5;0;0;0;1;1;9;1;1;1;1;17;
Alec Burks;PG;38;5;8;2;3;8;9;1;13;14;3;1;2;3;2;20;
Trevor Booker;;23;1;8;0;1;0;0;0;4;4;0;0;0;1;1;2;
Joe Ingles;;25;2;3;1;2;0;0;0;4;4;1;3;0;2;1;5;
Jeremy Evans;;2;0;0;0;0;0;0;0;0;0;0;0;0;0;0;0;
Rudy Gobert;;16;2;2;0;0;2;2;1;4;5;0;1;0;0;1;6;
Dante Exum;;15;3;5;3;5;0;0;0;1;1;5;0;0;0;2;9;
