12-09;TOR-CLE;101-105;
33-26;30-29;25-26;13-24;
TOR
Amir Johnson;PF;25;5;10;0;0;0;0;1;1;2;2;0;0;2;4;10;
Terrence Ross;SF;28;8;13;1;4;1;1;1;2;3;1;0;0;5;2;18;
Jonas Valanciunas;C;37;6;7;0;0;6;6;5;10;15;0;0;0;3;2;18;
Kyle Lowry;PG;40;6;18;2;8;2;2;1;3;4;14;1;0;0;5;16;
Landry Fields;SG;23;2;2;0;0;0;0;0;1;1;2;2;0;1;2;4;
James Johnson;;22;6;13;0;2;0;0;3;1;4;0;1;1;1;5;12;
Patrick Patterson;;26;5;7;2;2;0;0;1;3;4;1;0;2;1;0;12;
Chuck Hayes;;7;1;1;0;0;0;0;0;1;1;0;0;0;0;1;2;
Greivis Vasquez;;13;1;3;1;3;0;0;0;0;0;2;0;0;1;0;3;
Louis Williams;;20;2;8;1;4;1;1;0;1;1;4;0;0;1;3;6;
CLE
Kevin Love;PF;36;6;15;1;5;4;4;3;6;9;4;0;1;3;0;17;
LeBron James;SF;42;12;21;2;5;9;9;1;1;2;4;2;2;2;1;35;
Anderson Varejao;C;16;4;10;0;0;0;0;3;3;6;1;0;1;1;4;8;
Kyrie Irving;PG;42;5;12;1;5;2;2;0;1;1;10;2;0;2;3;13;
Shawn Marion;SG;16;0;0;0;0;0;0;0;1;1;0;0;0;1;0;0;
James Jones;;8;0;2;0;2;0;0;0;0;0;1;0;0;0;2;0;
Tristan Thompson;;34;3;5;0;0;2;4;4;4;8;0;0;1;1;3;8;
Dion Waiters;;24;7;10;3;5;1;2;0;1;1;2;0;0;1;2;18;
Matthew Dellavedova;;21;2;4;2;4;0;0;1;2;3;5;0;0;0;2;6;
