01-07;BOS-BKN;89-81;
19-25;21-14;29-23;20-19;
BOS
Jared Sullinger;PF;24;1;7;0;1;0;0;3;3;6;3;1;0;1;3;2;
Jeff Green;SF;33;4;11;0;3;0;0;0;1;1;2;1;0;1;2;8;
Tyler Zeller;C;31;7;14;0;0;4;4;3;3;6;4;1;1;1;2;18;
Avery Bradley;PG;34;7;12;3;5;4;4;0;4;4;1;0;0;2;2;21;
Evan Turner;SG;26;3;9;0;2;0;0;1;7;8;7;2;0;0;3;6;
Brandon Bass;;20;3;8;0;0;3;6;1;3;4;0;0;1;0;0;9;
Jae Crowder;;15;2;7;0;0;2;2;3;2;5;0;2;0;0;3;6;
Kelly Olynyk;;21;3;8;0;2;0;0;0;2;2;0;1;0;1;5;6;
Marcus Smart;;22;3;5;2;4;0;0;0;2;2;3;0;0;0;4;8;
Marcus Thornton;;14;2;7;0;1;1;1;0;3;3;2;0;0;0;2;5;
BKN
Kevin Garnett;PF;23;4;9;0;0;2;2;1;7;8;3;1;1;1;3;10;
Joe Johnson;SF;37;7;16;1;7;2;2;1;2;3;3;1;1;3;1;17;
Mason Plumlee;C;37;5;11;0;0;6;11;6;6;12;3;0;2;0;5;16;
Jarrett Jack;PG;39;7;13;1;2;0;0;0;4;4;4;0;0;4;1;15;
Sergey Karasev;SG;23;1;4;0;1;3;4;1;2;3;3;0;0;1;1;5;
Mirza Teletovic;;19;2;4;1;1;1;2;0;6;6;0;1;0;2;1;6;
Brook Lopez;;17;2;7;0;0;2;3;1;4;5;0;0;2;2;1;6;
Deron Williams;;4;0;1;0;0;0;0;0;1;1;0;0;0;1;0;0;
Darius Morris;;5;1;2;0;0;0;0;0;0;0;1;0;0;0;1;2;
Bojan Bogdanovic;;11;0;2;0;2;0;0;0;4;4;1;0;0;2;0;0;
Alan Anderson;;25;1;5;0;1;2;2;1;3;4;0;0;0;1;4;4;
