02-04;DAL-GS;114-128;
42-25;20-33;36-43;16-27;
DAL
Dirk Nowitzki;PF;30;4;15;1;4;6;6;2;1;3;2;0;0;2;3;15;
Chandler Parsons;SF;38;9;18;1;3;5;9;1;3;4;4;2;0;0;3;24;
Tyson Chandler;C;34;8;9;0;0;5;6;6;11;17;1;2;0;1;2;21;
J.J. Barea;PG;28;3;10;2;4;2;2;0;4;4;5;0;0;1;1;10;
Monta Ellis;SG;39;7;19;0;4;0;0;0;2;2;3;1;0;2;1;14;
Charlie Villanueva;;15;3;9;3;7;0;0;0;3;3;0;1;0;0;1;9;
Al-Farouq Aminu;;25;5;9;1;2;1;1;4;3;7;2;2;1;0;4;12;
Richard Jefferson;;3;0;0;0;0;0;0;0;0;0;0;0;0;0;0;0;
Raymond Felton;;6;0;1;0;0;0;0;0;0;0;0;0;0;1;1;0;
Devin Harris;;21;2;7;2;5;2;2;1;1;2;7;0;0;1;3;8;
Ricky Ledo;;1;0;1;0;1;1;2;0;0;0;0;0;0;0;0;1;
GS
Harrison Barnes;SF;30;4;5;1;1;3;4;1;5;6;3;0;0;2;1;12;
Draymond Green;SF;40;1;6;0;4;0;0;3;7;10;6;1;3;1;5;2;
Andrew Bogut;C;22;3;3;0;0;0;0;3;5;8;2;0;0;1;4;6;
Stephen Curry;PG;37;16;26;10;16;9;11;0;4;4;4;1;0;3;3;51;
Klay Thompson;SG;34;7;17;4;10;0;0;0;0;0;5;2;0;3;0;18;
David Lee;;6;0;1;0;0;2;2;0;1;1;2;0;0;0;1;2;
Marreese Speights;;14;5;10;0;0;4;4;2;4;6;1;0;1;0;3;14;
Shaun Livingston;;13;1;3;0;0;0;0;0;1;1;1;0;0;1;1;2;
Leandro Barbosa;;14;5;8;3;4;1;4;0;3;3;0;0;0;2;2;14;
Andre Iguodala;;30;3;7;1;3;0;0;1;6;7;5;1;1;0;2;7;
