12-16;OKC-SAC;104-92;
34-20;27-34;20-17;23-21;
OKC
Serge Ibaka;PF;34;3;10;1;3;2;2;0;6;6;2;0;7;0;2;9;
Kevin Durant;SF;35;12;25;1;4;1;3;0;3;3;2;1;0;2;1;26;
Steven Adams;C;26;2;2;0;0;1;4;4;6;10;0;1;1;1;2;5;
Russell Westbrook;PG;32;11;20;1;3;9;12;3;3;6;7;4;0;1;4;32;
Andre Roberson;SG;23;2;3;0;0;0;0;1;4;5;1;2;0;1;3;4;
Nick Collison;;13;2;3;0;1;0;0;0;1;1;0;0;0;1;2;4;
Perry Jones;;1;0;0;0;0;0;0;0;1;1;0;0;0;1;0;0;
Kendrick Perkins;;21;0;2;0;0;0;0;3;1;4;2;0;1;1;2;0;
Ish Smith;;1;0;0;0;0;0;0;0;0;0;0;0;0;0;0;0;
Reggie Jackson;;20;3;8;0;1;2;2;0;2;2;3;1;0;1;1;8;
Anthony Morrow;;18;3;5;3;5;1;1;0;0;0;1;0;0;0;1;10;
Jeremy Lamb;;15;3;9;0;3;0;0;1;2;3;0;0;0;1;2;6;
SAC
Jason Thompson;PF;34;3;8;0;0;0;0;2;7;9;3;1;0;1;3;6;
Rudy Gay;SF;35;8;20;1;2;5;6;1;5;6;3;1;1;3;3;22;
Reggie Evans;C;19;2;6;0;0;0;0;3;3;6;1;0;1;1;2;4;
Darren Collison;PG;26;2;8;0;2;2;2;1;4;5;3;2;1;3;2;6;
Ben McLemore;SG;32;4;11;2;6;0;0;1;2;3;3;0;0;3;2;10;
Derrick Williams;;17;1;5;0;2;6;6;0;1;1;0;1;0;0;0;8;
Carl Landry;;22;6;8;0;0;2;3;2;2;4;1;1;0;3;1;14;
Ryan Hollins;;17;3;3;0;0;0;0;3;6;9;3;0;0;2;5;6;
Ramon Sessions;;22;5;10;1;3;0;0;0;4;4;4;0;0;1;2;11;
Nik Stauskas;;16;2;5;1;3;0;0;0;1;1;0;1;0;0;1;5;
