11-01;LAL-GS;104-127;
35-29;20-32;31-32;18-34;
LAL
Carlos Boozer;PF;24;4;9;0;0;1;1;3;1;4;1;0;0;0;4;9;
Wesley Johnson;SF;33;6;9;2;3;1;1;2;2;4;0;0;0;1;4;15;
Jordan Hill;C;33;10;14;0;0;3;4;4;1;5;4;0;3;2;3;23;
Jeremy Lin;PG;32;0;6;0;1;6;6;1;3;4;6;1;0;5;5;6;
Kobe Bryant;SG;36;12;28;1;6;3;6;1;5;6;1;2;0;7;3;28;
Ed Davis;;21;5;7;0;0;3;5;2;4;6;2;1;0;1;3;13;
Xavier Henry;;9;0;0;0;0;0;0;0;0;0;0;0;0;0;0;0;
Robert Sacre;;7;2;4;0;0;0;0;1;0;1;0;0;0;2;1;4;
Jordan Clarkson;;5;1;5;1;1;0;0;1;0;1;0;2;0;1;0;3;
Ronnie Price;;22;0;4;0;2;1;2;2;0;2;6;2;0;2;4;1;
Wayne Ellington;;18;1;2;0;1;0;0;0;4;4;1;1;0;1;0;2;
GS
Harrison Barnes;SF;30;5;6;1;2;4;5;0;4;4;3;1;0;1;2;15;
Draymond Green;SF;30;3;9;1;2;2;2;1;4;5;1;1;0;1;4;9;
Andrew Bogut;C;30;3;10;0;0;0;0;5;5;10;3;1;2;5;4;6;
Stephen Curry;PG;34;10;19;3;8;8;8;0;5;5;10;3;0;2;3;31;
Klay Thompson;SG;34;14;18;5;7;8;9;0;5;5;2;0;0;1;2;41;
Festus Ezeli;;13;1;1;0;0;1;2;2;2;4;1;0;1;2;4;3;
Marreese Speights;;5;1;2;0;0;0;0;1;2;3;0;0;0;0;1;2;
Shaun Livingston;;11;1;2;0;0;0;0;1;1;2;1;1;1;1;1;2;
Justin Holiday;;2;0;0;0;0;0;0;0;0;0;0;0;0;0;0;0;
Leandro Barbosa;;17;4;8;0;0;1;2;1;0;1;3;1;0;3;1;9;
Andre Iguodala;;33;4;8;1;4;0;0;1;3;4;6;2;0;4;4;9;
