11-08;POR-LAC;102-106;
38-33;24-20;17-26;23-27;
POR
LaMarcus Aldridge;PF;39;7;22;1;2;6;6;2;8;10;2;0;0;1;4;21;
Nicolas Batum;SF;34;3;6;2;4;2;2;1;7;8;8;1;2;1;2;10;
Robin Lopez;C;32;7;10;0;0;5;7;3;4;7;2;0;1;2;3;19;
Damian Lillard;PG;39;9;14;4;8;3;4;0;7;7;8;0;0;5;5;25;
Wesley Matthews;SG;33;5;11;2;5;2;2;0;1;1;3;1;0;1;3;14;
Thomas Robinson;;6;0;0;0;0;0;2;0;0;0;0;0;0;0;1;0;
Chris Kaman;;18;4;5;0;0;0;0;3;4;7;0;0;0;3;2;8;
Steve Blake;;19;0;4;0;3;0;0;0;1;1;0;0;0;2;3;0;
C.J. McCollum;;10;1;5;1;3;2;2;0;0;0;1;0;0;1;2;5;
Will Barton;;10;0;3;0;0;0;0;0;2;2;1;0;0;0;1;0;
LAC
Blake Griffin;PF;35;8;24;0;0;7;8;2;4;6;3;0;0;1;3;23;
DeAndre Jordan;C;40;3;4;0;0;0;2;6;8;14;2;5;1;1;2;6;
Chris Paul;PG;36;9;18;0;3;4;4;0;4;4;11;1;1;0;2;22;
Jamal Crawford;SG;32;7;16;3;5;3;4;0;2;2;0;0;0;1;3;20;
J.J. Redick;SG;37;11;13;2;3;6;8;0;4;4;1;1;0;1;2;30;
Glen Davis;;9;0;0;0;0;0;2;0;0;0;0;0;0;0;2;0;
Spencer Hawes;;12;0;2;0;0;1;2;0;3;3;0;0;1;1;2;1;
Matt Barnes;;26;2;2;0;0;0;0;0;3;3;0;1;1;0;3;4;
Jordan Farmar;;13;0;2;0;1;0;0;0;1;1;0;0;0;2;0;0;
