04-15;DET-NY;112-90;
34-25;21-21;29-24;28-20;
DET
Greg Monroe;PF;21;3;7;0;0;4;4;0;2;2;1;4;0;1;4;10;
Caron Butler;SF;24;4;5;4;5;2;2;0;2;2;0;0;0;0;1;14;
Andre Drummond;C;22;7;12;0;0;3;6;6;6;12;0;1;2;1;4;17;
Reggie Jackson;PG;32;9;16;0;3;6;9;1;3;4;11;3;0;2;4;24;
Kentavious Caldwell-Pope;SG;34;5;9;4;6;3;4;1;4;5;4;1;0;1;2;17;
Quincy Miller;;14;3;6;0;1;0;0;0;0;0;0;0;0;1;0;6;
Anthony Tolliver;;30;4;9;2;5;0;0;0;6;6;0;1;0;1;2;10;
Shawne Williams;;5;0;1;0;0;0;0;0;2;2;0;0;0;0;0;0;
Joel Anthony;;17;1;2;0;0;0;0;1;5;6;0;1;1;2;2;2;
John Lucas III;;17;1;5;0;3;0;0;0;1;1;3;0;0;1;2;2;
Jodie Meeks;;24;4;9;0;3;2;2;2;2;4;1;3;0;2;1;10;
NY
Jason Smith;PF;22;3;9;0;0;3;4;0;5;5;1;1;0;3;3;9;
Lance Thomas;SF;24;3;4;0;1;0;0;0;2;2;2;1;0;1;2;6;
Cole Aldrich;C;27;11;16;0;0;2;4;7;8;15;2;0;2;1;1;24;
Langston Galloway;PG;32;2;8;0;1;3;3;0;1;1;7;2;1;2;4;7;
Tim Hardaway Jr.;SG;34;7;12;5;8;6;8;1;2;3;2;0;0;2;0;25;
Lou Amundson;;18;0;3;0;0;1;4;0;3;3;1;1;0;4;2;1;
Cleanthony Early;;21;3;9;1;6;0;0;1;2;3;0;0;0;2;1;7;
Quincy Acy;;20;0;4;0;2;1;2;1;3;4;1;0;0;2;1;1;
Shane Larkin;;24;2;5;0;0;1;2;0;1;1;2;1;0;2;3;5;
Ricky Ledo;;18;2;7;1;1;0;0;2;1;3;1;0;0;1;1;5;
