12-30;BKN-CHI;96-82;
24-31;31-14;29-24;12-13;
BKN
Joe Johnson;SF;36;8;14;1;1;3;4;0;11;11;4;0;0;1;0;20;
Brook Lopez;C;33;13;21;0;0;3;4;2;3;5;0;0;2;2;3;29;
Mason Plumlee;C;17;2;4;0;0;2;2;2;6;8;1;1;1;1;4;6;
Jarrett Jack;PG;28;4;9;1;1;2;2;1;1;2;5;1;0;1;2;11;
Sergey Karasev;SG;24;0;5;0;0;2;2;1;0;1;1;1;0;1;1;2;
Cory Jefferson;;3;0;1;0;0;0;0;0;1;1;0;0;0;0;0;0;
Brandon Davies;;3;0;1;0;0;0;0;0;0;0;1;0;0;0;0;0;
Mirza Teletovic;;32;1;9;1;6;2;2;0;6;6;2;1;0;0;2;5;
Jerome Jordan;;11;3;4;0;0;0;0;2;0;2;0;0;1;0;2;6;
Deron Williams;;21;1;8;0;1;4;5;2;4;6;4;3;1;3;3;6;
Darius Morris;;3;0;1;0;0;0;0;0;0;0;0;0;0;0;0;0;
Bojan Bogdanovic;;3;0;0;0;0;0;0;0;0;0;0;0;0;0;0;0;
Alan Anderson;;27;4;6;3;5;0;0;0;4;4;3;2;0;1;0;11;
CHI
Pau Gasol;PF;30;4;12;0;1;2;2;1;6;7;7;0;2;0;1;10;
Mike Dunleavy;SF;35;9;15;5;9;0;0;0;5;5;2;0;0;0;1;23;
Joakim Noah;C;30;6;10;0;0;0;0;4;8;12;3;2;0;3;4;12;
Derrick Rose;PG;28;2;15;0;5;0;0;1;3;4;5;0;1;4;2;4;
Jimmy Butler;SG;37;3;12;0;3;2;3;1;2;3;1;1;2;3;3;8;
Nikola Mirotic;;17;1;5;0;3;0;2;1;4;5;1;1;0;0;0;2;
Taj Gibson;;24;3;7;0;0;2;6;4;3;7;1;0;2;2;1;8;
Tony Snell;;11;3;3;3;3;0;0;1;1;2;1;0;2;0;2;9;
Nazr Mohammed;;4;1;2;0;0;0;0;0;2;2;0;0;0;0;0;2;
Aaron Brooks;;7;1;2;0;0;2;2;0;0;0;0;0;0;0;2;4;
E'Twaun Moore;;19;0;3;0;1;0;0;0;1;1;1;1;2;0;2;0;
