01-09;DEN-SAC;118-108;
30-27;24-33;36-15;28-33;
DEN
Darrell Arthur;PF;28;4;8;1;4;2;2;0;2;2;2;2;0;0;0;11;
Kenneth Faried;PF;36;5;8;0;0;2;5;3;10;13;3;1;1;1;5;12;
Jusuf Nurkic;C;22;8;11;0;0;0;0;3;5;8;0;1;3;1;6;16;
Ty Lawson;PG;36;7;13;1;3;7;10;0;3;3;8;0;1;1;1;22;
Arron Afflalo;SG;38;8;19;1;5;5;5;1;3;4;4;0;0;4;2;22;
J.J. Hickson;;23;8;11;0;0;0;0;2;2;4;1;1;1;3;5;16;
Alonzo Gee;;24;3;8;1;3;2;2;1;4;5;2;3;0;0;0;9;
Nate Robinson;;18;2;3;1;2;0;2;0;0;0;7;0;0;1;5;5;
Erick Green;;2;0;1;0;0;0;0;0;0;0;0;0;0;0;0;0;
Gary Harris;;13;2;3;0;0;1;2;0;0;0;0;2;0;0;1;5;
SAC
Jason Thompson;PF;28;3;5;0;0;0;0;1;3;4;1;0;0;0;2;6;
Rudy Gay;SF;38;9;15;2;5;2;4;0;2;2;0;1;1;2;1;22;
DeMarcus Cousins;C;39;12;25;0;0;8;9;6;7;13;4;3;4;7;4;32;
Darren Collison;PG;36;7;13;1;4;0;0;0;2;2;7;1;0;1;4;15;
Ben McLemore;SG;30;2;8;1;6;2;2;0;2;2;3;0;0;2;3;7;
Derrick Williams;;13;0;0;0;0;0;2;0;4;4;0;0;0;0;0;0;
Carl Landry;;18;3;7;0;0;0;0;1;4;5;1;0;0;1;1;6;
Ryan Hollins;;3;2;3;0;0;2;2;4;1;5;0;0;0;0;0;6;
Ray McCallum;;17;0;4;0;0;1;2;0;0;0;3;0;1;1;0;1;
Nik Stauskas;;20;4;6;2;4;3;3;0;1;1;0;0;0;0;2;13;
