12-12;PHI-BKN;70-88;
18-22;27-22;15-19;10-25;
PHI
Luc Richard Mbah a Moute;PF;33;2;7;2;3;2;2;0;4;4;3;2;0;1;1;8;
Robert Covington;SF;30;6;10;6;10;2;2;0;6;6;2;3;1;3;2;20;
Nerlens Noel;C;21;0;8;0;0;0;0;4;2;6;0;1;1;5;4;0;
Michael Carter-Williams;PG;38;5;12;2;4;2;6;1;5;6;9;1;0;4;4;14;
Hollis Thompson;SG;28;1;6;0;4;0;0;0;2;2;0;0;1;0;2;2;
Jerami Grant;;12;0;2;0;1;0;0;0;1;1;0;0;0;1;1;0;
Henry Sims;;24;6;8;0;0;2;2;4;0;4;0;1;0;2;2;14;
Alexey Shved;;11;0;5;0;2;0;0;1;1;2;0;0;0;0;1;0;
JaKarr Sampson;;2;0;0;0;0;0;0;0;1;1;1;0;0;0;0;0;
K.J. McDaniels;;19;0;1;0;0;0;0;0;2;2;0;1;1;3;3;0;
Tony Wroten;;22;2;10;1;4;7;8;0;3;3;3;1;0;4;0;12;
BKN
Kevin Garnett;PF;22;2;7;0;0;3;4;3;9;12;4;1;1;1;1;7;
Joe Johnson;SF;27;5;11;2;5;0;0;0;2;2;2;1;0;5;0;12;
Mason Plumlee;C;35;9;14;0;0;0;0;4;6;10;0;2;0;2;2;18;
Deron Williams;PG;29;0;8;0;5;3;4;1;3;4;10;3;0;2;1;3;
Sergey Karasev;SG;28;4;9;1;3;2;2;1;1;2;0;2;0;0;3;11;
Cory Jefferson;;28;3;7;0;0;0;2;1;6;7;0;1;3;1;1;6;
Brandon Davies;;1;1;1;0;0;2;2;1;0;1;1;1;0;0;0;4;
Jarrett Jack;;21;2;8;0;2;0;0;0;2;2;5;1;0;1;4;4;
Darius Morris;;1;1;2;0;0;0;0;0;0;0;1;0;0;0;0;2;
Markel Brown;;1;0;0;0;0;0;0;0;1;1;0;0;0;0;0;0;
Bojan Bogdanovic;;17;4;6;1;3;0;2;1;0;1;0;1;1;2;2;9;
Alan Anderson;;28;5;8;1;2;1;1;1;4;5;2;3;0;3;1;12;
