01-18;UTAH-SA;69-89;
15-23;12-20;20-23;22-23;
UTAH
Derrick Favors;PF;27;4;11;0;0;1;2;1;12;13;0;0;4;2;1;9;
Gordon Hayward;SF;29;4;15;1;2;1;2;1;0;1;5;3;0;2;3;10;
Joe Ingles;SF;24;1;4;1;3;0;0;0;0;0;4;1;1;3;4;3;
Enes Kanter;C;21;2;6;0;0;0;0;1;1;2;0;0;1;1;2;4;
Trey Burke;PG;33;4;15;0;2;0;0;0;1;1;8;1;0;1;0;8;
Trevor Booker;;15;2;3;0;0;0;0;0;2;2;0;0;0;0;1;4;
Steve Novak;;4;0;0;0;0;0;0;0;3;3;0;0;0;0;0;0;
Jeremy Evans;;5;2;3;0;0;0;0;0;1;1;0;1;2;0;0;4;
Rudy Gobert;;29;5;10;0;0;3;5;7;11;18;2;0;4;1;1;13;
Dante Exum;;20;1;5;0;1;0;0;2;0;2;4;1;0;0;1;2;
Rodney Hood;;17;1;5;1;2;2;4;0;4;4;0;0;0;1;2;5;
Elijah Millsap;;17;2;7;0;0;3;3;0;1;1;0;0;1;1;2;7;
SA
Tim Duncan;PF;24;3;8;0;0;5;6;3;3;6;4;0;1;2;2;11;
Kawhi Leonard;SF;30;4;11;1;2;3;4;3;6;9;1;2;1;1;0;12;
Tiago Splitter;C;22;5;12;0;0;4;4;0;4;4;3;1;0;1;0;14;
Tony Parker;PG;23;2;5;0;0;0;0;0;1;1;3;1;0;1;1;4;
Danny Green;SG;20;5;7;3;4;0;0;2;4;6;0;1;0;1;1;13;
JaMychal Green;;6;0;0;0;0;0;0;0;1;1;0;0;0;1;0;0;
Jeff Ayres;;6;0;0;0;0;0;0;0;2;2;0;0;0;0;1;0;
Aron Baynes;;23;4;10;0;1;4;5;3;8;11;0;0;0;0;3;12;
Matt Bonner;;9;0;1;0;1;0;0;0;2;2;0;0;0;0;0;0;
Boris Diaw;;18;2;6;1;2;0;0;0;3;3;4;1;0;0;1;5;
Patty Mills;;23;3;7;2;4;0;0;0;1;1;0;1;0;0;2;8;
Cory Joseph;;19;1;6;0;0;2;2;0;1;1;4;0;0;1;2;4;
Manu Ginobili;;19;2;7;1;3;1;2;0;2;2;4;1;4;2;1;6;
