04-05;HOU-OKC;115-112;
27-17;28-30;28-30;32-35;
HOU
Terrence Jones;PF;24;2;5;0;2;2;4;1;2;3;2;0;3;0;2;6;
Trevor Ariza;SF;31;2;7;1;6;7;10;0;9;9;1;1;0;1;2;12;
Dwight Howard;C;23;10;15;0;0;2;7;3;5;8;0;2;0;2;3;22;
Jason Terry;SG;24;2;5;1;4;4;4;0;3;3;2;1;1;0;0;9;
James Harden;SG;38;12;22;6;9;11;13;2;4;6;6;3;0;3;6;41;
Josh Smith;;27;7;17;0;3;0;0;1;3;4;4;2;0;2;4;14;
Joey Dorsey;;18;1;1;0;0;3;8;4;3;7;0;0;0;1;4;5;
Pablo Prigioni;;24;0;3;0;3;1;2;1;1;2;0;5;0;0;1;1;
Corey Brewer;;30;2;6;0;1;1;2;0;0;0;3;0;0;1;3;5;
OKC
Kyle Singler;SF;30;2;8;2;5;0;0;2;1;3;0;0;1;3;4;6;
Enes Kanter;C;38;9;19;0;0;3;5;10;7;17;0;0;1;5;2;21;
Steven Adams;C;14;2;4;0;0;2;4;1;3;4;1;0;0;2;6;6;
Russell Westbrook;PG;41;12;29;4;11;12;15;1;10;11;13;0;0;4;5;40;
Dion Waiters;SG;40;6;13;1;2;1;2;1;3;4;3;1;0;2;3;14;
Mitch McGary;;10;0;0;0;0;0;0;1;5;6;0;1;0;0;5;0;
Steve Novak;;6;0;0;0;0;0;0;0;1;1;1;0;0;0;4;0;
D.J. Augustin;;24;1;4;1;4;0;0;0;1;1;1;1;0;2;0;3;
Anthony Morrow;;36;8;15;6;8;0;0;1;3;4;2;1;0;0;3;22;
