12-30;PHI-GS;86-126;
17-32;17-29;29-35;23-30;
PHI
Robert Covington;SF;38;4;13;2;6;0;0;2;7;9;2;1;0;5;0;10;
Henry Sims;C;23;9;13;0;0;1;2;4;3;7;0;0;0;3;2;19;
Nerlens Noel;C;26;3;13;0;0;2;3;2;5;7;1;1;0;2;1;8;
Michael Carter-Williams;PG;38;1;7;0;1;2;4;1;0;1;6;3;0;3;1;4;
JaKarr Sampson;SG;15;2;7;1;4;2;3;1;0;1;1;0;0;1;1;7;
Malcolm Thomas;;17;4;6;0;0;2;2;4;4;8;0;0;0;2;1;10;
Furkan Aldemir;;16;2;2;0;0;0;0;3;5;8;0;2;0;0;3;4;
Jerami Grant;;23;2;8;2;3;1;4;1;3;4;1;0;0;2;2;7;
K.J. McDaniels;;24;2;4;0;1;3;4;0;2;2;2;2;1;4;5;7;
Tony Wroten;;20;4;13;1;5;1;1;0;1;1;3;2;1;5;0;10;
GS
Harrison Barnes;SF;28;3;6;1;3;1;2;1;6;7;3;1;0;0;0;8;
Draymond Green;SF;29;3;7;1;2;3;3;2;8;10;3;4;3;2;3;10;
Marreese Speights;C;24;9;13;0;0;5;6;3;1;4;4;0;4;0;3;23;
Stephen Curry;PG;27;4;7;3;6;2;2;0;3;3;9;3;0;3;3;13;
Klay Thompson;SG;24;6;14;2;8;0;0;0;3;3;3;1;0;4;2;14;
David Lee;;25;5;9;0;0;3;4;0;4;4;2;1;2;2;1;13;
Ognjen Kuzmic;;9;2;2;0;0;2;2;1;1;2;1;1;0;0;2;6;
Shaun Livingston;;17;2;2;0;0;0;0;0;1;1;6;2;0;0;1;4;
Justin Holiday;;15;4;10;2;4;1;2;1;3;4;2;1;1;2;1;11;
Leandro Barbosa;;17;5;9;2;4;5;6;0;1;1;0;1;0;0;2;17;
Andre Iguodala;;20;3;3;1;1;0;0;0;2;2;2;3;0;0;1;7;
Brandon Rush;;7;0;0;0;0;0;0;0;1;1;3;1;1;1;1;0;
