03-25;CHI-TOR;116-103;
20-29;30-25;27-28;39-21;
CHI
Pau Gasol;PF;34;7;17;0;1;4;4;0;4;4;3;0;2;0;1;18;
Mike Dunleavy;SF;30;4;5;1;1;0;0;0;7;7;2;1;2;2;3;9;
Joakim Noah;C;28;4;4;0;0;1;2;0;5;5;5;1;1;0;4;9;
Aaron Brooks;PG;33;6;14;4;8;0;0;0;5;5;5;1;1;2;1;16;
Jimmy Butler;SG;39;7;8;2;3;7;9;2;3;5;3;0;0;1;1;23;
Nikola Mirotic;;28;6;11;1;4;2;2;0;2;2;2;1;0;2;4;15;
Taj Gibson;;14;1;1;0;0;0;0;0;0;0;2;0;0;0;1;2;
Tony Snell;;18;7;9;3;5;0;0;0;1;1;2;0;0;0;1;17;
Kirk Hinrich;;18;3;5;1;1;0;0;0;2;2;2;0;0;1;0;7;
TOR
Amir Johnson;PF;32;3;6;0;0;2;5;2;9;11;1;0;0;1;4;8;
Terrence Ross;SF;36;7;11;2;4;0;0;0;0;0;1;1;0;0;2;16;
Jonas Valanciunas;C;31;4;9;0;0;0;0;4;8;12;2;2;0;1;3;8;
Greivis Vasquez;PG;31;7;15;6;11;2;2;2;0;2;3;1;0;2;2;22;
DeMar DeRozan;SG;39;7;19;0;0;6;6;0;2;2;5;1;0;2;1;20;
Tyler Hansbrough;;4;0;2;0;0;0;0;0;0;0;0;0;0;0;0;0;
James Johnson;;13;2;5;0;0;4;4;0;2;2;1;0;0;0;1;8;
Patrick Patterson;;28;1;3;0;1;1;1;2;2;4;2;0;1;0;2;3;
Louis Williams;;24;8;13;1;5;1;1;0;2;2;1;1;0;1;1;18;
