01-08;HOU-NY;120-96;
27-22;29-20;37-27;27-27;
HOU
Donatas Motiejunas;PF;36;7;10;0;1;3;7;2;5;7;3;4;0;3;3;17;
Trevor Ariza;SF;26;6;10;4;6;2;2;0;1;1;1;1;0;2;1;18;
Dwight Howard;C;24;4;6;0;0;5;8;4;6;10;1;2;1;3;3;13;
Patrick Beverley;PG;26;5;9;4;6;0;0;0;2;2;3;1;0;0;4;14;
James Harden;SG;31;8;17;3;7;6;6;0;4;4;9;3;0;3;2;25;
Kostas Papanikolaou;;17;0;2;0;2;0;0;1;2;3;1;1;0;2;0;0;
Josh Smith;;20;1;3;0;1;0;2;0;1;1;1;1;2;3;5;2;
Joey Dorsey;;10;1;1;0;0;1;2;0;3;3;0;0;1;0;3;3;
Isaiah Canaan;;7;1;2;1;2;0;0;0;1;1;1;0;0;1;1;3;
Jason Terry;;22;5;7;3;5;1;1;0;2;2;2;1;0;0;0;14;
Corey Brewer;;22;3;10;1;6;4;4;0;2;2;3;0;1;2;1;11;
NY
Jason Smith;PF;23;3;7;0;0;0;0;1;3;4;2;1;0;2;3;6;
Cole Aldrich;C;20;2;5;0;0;0;0;2;3;5;0;1;0;3;3;4;
Pablo Prigioni;PG;17;3;6;3;4;0;0;0;1;1;3;2;0;4;2;9;
Jose Calderon;PG;21;0;5;0;2;0;0;2;2;4;4;0;0;2;0;0;
Tim Hardaway Jr.;SG;17;3;9;1;6;0;0;0;2;2;0;0;0;0;2;7;
Cleanthony Early;;25;6;10;1;1;3;6;3;3;6;1;2;0;1;0;16;
Quincy Acy;;31;4;7;0;1;3;7;1;4;5;3;0;0;1;4;11;
Travis Wear;;26;9;16;3;6;0;0;0;5;5;1;1;1;3;3;21;
Langston Galloway;;31;6;10;3;4;4;6;1;3;4;3;1;0;2;4;19;
Shane Larkin;;30;1;5;0;2;1;2;0;2;2;5;4;0;3;1;3;
