01-07;ORL-DEN;90-93;
18-25;21-15;19-23;32-30;
ORL
Kyle O'Quinn;PF;15;2;5;0;1;1;1;0;3;3;1;1;0;2;2;5;
Tobias Harris;SF;33;5;13;2;3;0;1;1;5;6;1;1;2;4;2;12;
Nikola Vucevic;C;34;8;18;0;0;4;6;3;8;11;2;1;0;1;5;20;
Elfrid Payton;PG;31;1;6;0;0;0;0;1;7;8;6;3;0;1;3;2;
Victor Oladipo;SG;36;7;13;0;1;3;4;0;1;1;6;3;0;0;2;17;
Andrew Nicholson;;21;4;10;3;4;0;0;2;2;4;1;1;0;0;0;11;
Channing Frye;;19;0;5;0;4;0;0;0;1;1;1;0;0;1;3;0;
Dewayne Dedmon;;5;1;1;0;0;0;0;1;1;2;0;0;0;0;1;2;
Luke Ridnour;;15;1;3;1;1;0;0;0;2;2;0;0;0;2;2;3;
Evan Fournier;;18;4;8;2;5;4;4;2;1;3;1;0;0;2;2;14;
Ben Gordon;;14;2;6;0;3;0;0;0;1;1;2;1;0;1;2;4;
DEN
Kenneth Faried;PF;26;1;6;0;0;0;0;1;11;12;1;1;1;2;1;2;
Wilson Chandler;SF;33;5;12;2;5;0;0;1;5;6;1;0;0;3;2;12;
Jusuf Nurkic;C;22;3;9;0;0;2;2;1;3;4;3;1;2;1;3;8;
Ty Lawson;PG;34;9;14;3;5;2;4;1;2;3;5;1;0;5;3;23;
Arron Afflalo;SG;43;7;13;0;2;3;6;0;6;6;3;0;0;2;2;17;
Darrell Arthur;;18;3;9;1;4;0;0;1;1;2;1;0;0;4;2;7;
J.J. Hickson;;30;4;5;0;0;3;4;0;10;10;1;2;1;3;1;11;
Alonzo Gee;;8;0;0;0;0;0;0;0;1;1;0;0;0;0;1;0;
Nate Robinson;;26;1;6;1;1;10;10;1;2;3;7;0;0;1;2;13;
