04-04;GS-DAL;123-110;
26-24;33-24;31-28;33-34;
GS
Harrison Barnes;SF;28;5;11;0;3;3;4;3;7;10;3;4;0;2;5;13;
Draymond Green;SF;30;2;7;1;3;0;2;0;6;6;4;1;0;2;4;5;
Andrew Bogut;C;18;4;7;0;0;0;0;3;8;11;2;0;1;1;4;8;
Stephen Curry;PG;27;4;12;1;4;2;3;2;2;4;3;1;0;1;1;11;
Klay Thompson;SG;28;7;17;5;10;2;4;1;2;3;3;2;0;2;4;21;
Festus Ezeli;;15;4;6;0;0;2;4;5;4;9;0;1;1;0;4;10;
Marreese Speights;;10;6;8;2;2;4;4;2;1;3;1;0;0;1;6;18;
Shaun Livingston;;25;2;2;0;0;5;6;1;3;4;5;0;0;3;5;9;
Justin Holiday;;10;0;4;0;2;0;0;0;1;1;0;1;1;1;2;0;
Leandro Barbosa;;22;2;5;1;3;5;5;0;1;1;3;2;1;1;2;10;
Andre Iguodala;;28;7;16;4;9;0;0;0;3;3;4;0;0;0;0;18;
DAL
Dirk Nowitzki;PF;23;3;5;0;0;12;15;0;4;4;2;0;1;2;4;18;
Richard Jefferson;SF;27;3;8;2;5;5;6;0;3;3;0;3;0;2;1;13;
Tyson Chandler;C;24;4;5;0;0;2;4;3;10;13;0;0;0;0;2;10;
Rajon Rondo;PG;19;2;5;0;1;0;1;1;2;3;5;0;0;1;2;4;
Monta Ellis;SG;33;6;16;0;1;2;4;0;2;2;1;0;0;3;1;14;
Charlie Villanueva;;11;2;7;0;2;0;0;2;3;5;0;0;0;0;2;4;
Dwight Powell;;4;1;3;0;1;2;2;0;0;0;0;0;0;1;0;4;
Al-Farouq Aminu;;31;2;5;0;2;3;6;2;5;7;1;3;0;1;2;7;
Bernard James;;3;0;0;0;0;4;4;2;1;3;0;0;0;0;0;4;
Amar'e Stoudemire;;15;4;9;0;0;2;3;0;3;3;0;0;1;0;0;10;
Raymond Felton;;4;0;0;0;0;2;2;0;0;0;0;0;0;1;1;2;
J.J. Barea;;23;6;12;1;3;1;2;0;0;0;3;0;0;2;3;14;
Devin Harris;;23;1;5;0;1;4;5;0;1;1;2;0;0;3;5;6;
