01-03;CHA-ORL;98-90;
22-20;30-9;18-25;28-36;
CHA
Cody Zeller;PF;20;3;5;0;0;6;8;1;6;7;1;1;0;2;1;12;
Michael Kidd-Gilchrist;SF;36;7;13;0;0;3;6;5;7;12;3;0;1;2;1;17;
Bismack Biyombo;C;17;0;0;0;0;0;0;0;2;2;0;1;1;0;3;0;
Kemba Walker;PG;39;10;21;4;8;6;7;1;6;7;6;2;1;3;0;30;
Gerald Henderson;SG;29;4;12;0;1;1;2;2;3;5;1;0;0;3;2;9;
Jason Maxiell;;29;1;3;0;0;1;2;5;3;8;0;0;1;0;5;3;
Marvin Williams;;29;4;8;0;2;1;1;2;7;9;2;0;0;1;1;9;
Brian Roberts;;15;1;4;0;1;0;0;0;1;1;1;0;0;0;0;2;
P.J. Hairston;;6;0;1;0;1;0;0;0;1;1;0;0;0;0;1;0;
Gary Neal;;19;5;11;0;3;6;6;0;1;1;2;0;0;3;1;16;
ORL
Kyle O'Quinn;PF;20;1;6;1;1;0;0;0;2;2;0;0;0;1;3;3;
Tobias Harris;SF;40;8;15;0;2;2;3;5;6;11;0;1;1;1;4;18;
Nikola Vucevic;C;35;8;16;0;0;4;4;2;8;10;2;1;2;0;5;20;
Elfrid Payton;PG;35;3;9;0;0;1;1;1;2;3;7;2;0;1;0;7;
Victor Oladipo;SG;32;6;14;1;4;8;8;0;4;4;5;4;0;1;3;21;
Channing Frye;;13;0;2;0;2;0;0;0;1;1;0;0;0;0;2;0;
Devyn Marble;;7;0;0;0;0;0;0;0;1;1;0;0;0;1;0;0;
Dewayne Dedmon;;5;1;2;0;0;1;1;2;2;4;0;0;0;0;2;3;
Luke Ridnour;;13;1;5;0;1;2;2;1;1;2;3;0;0;0;0;4;
Evan Fournier;;28;4;15;1;7;0;0;1;4;5;1;1;0;2;4;9;
Ben Gordon;;11;1;3;1;2;2;2;0;1;1;0;0;0;0;1;5;
