11-30;MIN-POR;93-107;
26-22;14-26;21-27;32-32;
MIN
Thaddeus Young;SF;43;6;11;0;2;2;3;0;5;5;4;3;2;1;4;14;
Andrew Wiggins;SF;18;3;8;1;3;0;0;0;1;1;0;0;0;0;0;7;
Gorgui Dieng;C;37;4;10;0;0;3;4;2;6;8;4;2;0;1;1;11;
Mo Williams;PG;40;8;18;1;2;4;5;1;4;5;11;2;0;4;5;21;
Corey Brewer;SG;28;4;11;0;1;0;0;4;2;6;3;3;0;1;3;8;
Anthony Bennett;;11;1;4;0;0;0;0;0;6;6;0;0;0;1;2;2;
Shabazz Muhammad;;30;12;17;0;0;4;8;4;1;5;1;0;1;1;3;28;
Chase Budinger;;17;1;6;0;1;0;0;0;7;7;1;1;1;2;1;2;
Robbie Hummel;;6;0;2;0;0;0;0;0;0;0;0;0;0;1;2;0;
Zach LaVine;;11;0;3;0;0;0;0;0;0;0;0;1;0;2;2;0;
POR
LaMarcus Aldridge;PF;36;11;17;0;0;4;4;3;12;15;2;0;0;1;3;26;
Nicolas Batum;SF;35;4;13;1;8;1;2;0;8;8;5;1;2;3;1;10;
Robin Lopez;C;30;1;6;0;0;2;2;4;3;7;1;1;5;4;3;4;
Damian Lillard;PG;36;6;14;1;7;4;7;0;1;1;8;3;1;1;1;17;
Wesley Matthews;SG;33;8;13;6;10;1;2;2;4;6;2;0;0;3;4;23;
Allen Crabbe;;18;3;5;3;5;0;0;0;1;1;1;2;0;1;1;9;
Joel Freeland;;12;3;6;0;0;0;0;4;2;6;0;0;0;2;2;6;
Chris Kaman;;18;2;7;0;0;4;6;2;6;8;1;0;1;1;2;8;
Steve Blake;;22;1;5;1;3;1;2;0;2;2;7;1;0;2;0;4;
