01-21;MIA-CHA;76-78;
17-25;22-20;16-20;21-13;
MIA
Chris Andersen;PF;20;2;5;0;0;2;2;0;4;4;2;0;3;0;2;6;
Danny Granger;SF;20;1;3;1;1;0;0;0;1;1;0;1;1;0;2;3;
Chris Bosh;C;34;7;20;1;6;2;2;0;7;7;2;0;1;1;2;17;
Mario Chalmers;PG;32;4;10;1;3;4;6;2;1;3;1;0;0;2;5;13;
Dwyane Wade;SG;33;8;21;0;0;1;1;1;6;7;4;2;0;1;4;17;
Udonis Haslem;;15;1;2;0;0;0;0;1;2;3;0;0;0;0;2;2;
Shawne Williams;;27;3;9;2;5;0;0;2;1;3;0;1;1;0;2;8;
James Ennis;;28;2;8;0;2;4;4;3;4;7;0;1;1;0;1;8;
Norris Cole;;8;1;2;0;0;0;0;0;1;1;1;0;1;0;1;2;
Shabazz Napier;;22;0;4;0;1;0;0;1;4;5;4;2;0;3;1;0;
CHA
Cody Zeller;PF;32;1;8;0;0;4;7;5;7;12;6;0;2;0;2;6;
Michael Kidd-Gilchrist;SF;28;2;7;0;0;4;8;5;9;14;2;1;0;3;1;8;
Bismack Biyombo;C;25;5;10;0;0;2;3;8;4;12;0;1;2;2;2;12;
Kemba Walker;PG;34;4;17;2;9;5;6;0;2;2;1;0;0;1;1;15;
Gerald Henderson;SG;30;4;13;1;4;2;2;1;3;4;2;0;0;2;0;11;
Marvin Williams;;20;1;3;0;1;1;2;0;2;2;0;0;1;1;3;3;
Al Jefferson;;19;6;11;0;0;0;0;1;3;4;1;1;2;0;2;12;
Brian Roberts;;14;1;2;1;1;2;2;0;0;0;2;0;1;1;1;5;
Lance Stephenson;;22;2;4;0;0;0;0;0;3;3;4;0;0;4;2;4;
Gary Neal;;16;1;5;0;4;0;0;0;3;3;1;0;0;0;2;2;
