04-09;CHI-MIA;89-78;
20-18;12-33;33-8;24-19;
CHI
Pau Gasol;PF;34;8;17;0;0;0;0;5;10;15;1;0;1;0;2;16;
Mike Dunleavy;SF;32;5;12;1;4;1;1;0;5;5;2;4;0;1;2;12;
Tony Snell;SF;38;2;8;1;3;2;2;1;4;5;1;0;0;0;2;7;
Joakim Noah;C;28;1;6;0;0;1;4;1;5;6;4;1;0;2;2;3;
Derrick Rose;PG;20;5;15;0;3;2;2;1;3;4;2;0;0;3;0;12;
Taj Gibson;;34;6;12;0;0;2;2;4;8;12;2;0;1;1;1;14;
Nikola Mirotic;;17;2;7;2;7;3;4;3;0;3;1;3;0;1;0;9;
Aaron Brooks;;24;5;12;2;6;2;2;0;1;1;3;1;0;1;1;14;
Kirk Hinrich;;13;1;2;0;0;0;0;0;0;0;1;1;0;2;1;2;
MIA
Udonis Haslem;PF;18;1;4;0;0;0;0;1;3;4;1;0;1;0;1;2;
Luol Deng;SF;36;3;13;0;3;2;2;5;3;8;4;2;1;0;1;8;
Hassan Whiteside;C;38;9;15;0;0;1;2;5;11;16;0;0;1;2;4;19;
Dwyane Wade;SG;38;4;20;1;3;0;0;0;3;3;3;0;0;5;0;9;
Goran Dragic;SG;33;7;16;1;4;0;0;1;1;2;1;0;1;2;3;15;
Chris Andersen;;10;2;3;0;1;0;0;0;2;2;0;0;2;0;0;4;
James Ennis;;23;2;3;0;1;2;3;1;4;5;2;0;0;2;2;6;
Michael Beasley;;19;5;8;3;4;0;0;0;2;2;1;0;1;1;3;13;
Mario Chalmers;;25;1;6;0;2;0;0;0;4;4;2;0;0;2;3;2;
