10-29;OKC-POR;89-106;
34-29;20-20;23-26;12-31;
OKC
Serge Ibaka;PF;29;4;11;1;3;1;2;2;6;8;2;0;4;5;5;10;
Perry Jones;SF;31;1;9;0;3;1;2;1;2;3;0;0;0;0;2;3;
Steven Adams;C;27;3;4;0;0;2;3;2;5;7;2;2;0;4;3;8;
Russell Westbrook;PG;33;11;26;1;2;15;16;2;1;3;6;3;0;2;3;38;
Andre Roberson;SG;35;3;4;0;0;0;0;1;6;7;2;1;0;2;5;6;
Nick Collison;;19;1;5;0;3;0;1;0;3;3;3;2;0;0;4;2;
Lance Thomas;;31;7;10;0;0;0;0;1;2;3;2;0;0;0;2;14;
Kendrick Perkins;;21;2;3;0;0;0;0;5;3;8;0;1;1;0;2;4;
Sebastian Telfair;;15;1;9;0;5;2;2;0;1;1;2;0;0;0;2;4;
POR
LaMarcus Aldridge;PF;34;10;19;1;1;6;8;1;2;3;2;1;2;2;0;27;
Nicolas Batum;SF;34;5;12;2;5;4;4;0;5;5;6;1;1;2;2;16;
Robin Lopez;C;32;4;11;0;0;3;4;7;3;10;0;1;2;0;2;11;
Damian Lillard;PG;30;3;10;2;7;2;2;0;2;2;5;1;0;1;4;10;
Wesley Matthews;SG;35;8;12;5;9;1;2;1;3;4;2;0;1;0;3;22;
Thomas Robinson;;2;1;2;0;0;0;0;0;1;1;0;0;0;0;0;2;
Allen Crabbe;;2;1;1;1;1;0;0;0;1;1;0;0;0;0;0;3;
Dorell Wright;;5;0;1;0;1;0;0;0;1;1;0;0;1;0;1;0;
Joel Freeland;;6;0;1;0;0;0;0;1;1;2;0;0;1;0;1;0;
Chris Kaman;;22;6;10;0;0;0;0;1;5;6;2;0;1;2;2;12;
Steve Blake;;20;0;4;0;3;1;2;1;4;5;5;0;0;0;1;1;
C.J. McCollum;;16;1;4;0;2;0;0;1;1;2;1;0;0;3;3;2;
Will Barton;;2;0;0;0;0;0;0;0;0;0;0;0;0;0;0;0;
