11-28;MEM-POR;112-99;
23-25;29-18;31-27;29-29;
MEM
Zach Randolph;PF;32;7;13;0;0;0;5;3;10;13;1;2;0;2;3;14;
Tony Allen;SF;33;4;6;1;1;2;2;1;4;5;2;3;0;0;3;11;
Marc Gasol;C;36;9;15;0;0;8;9;1;6;7;9;0;1;4;2;26;
Mike Conley;PG;38;8;17;0;1;5;5;2;8;10;9;0;0;1;1;21;
Courtney Lee;SG;30;5;9;2;4;1;2;0;1;1;3;0;1;0;1;13;
Jon Leuer;;14;3;5;1;1;0;0;0;2;2;0;0;0;1;1;7;
Jarnell Stokes;;1;0;0;0;0;0;0;0;0;0;0;0;0;0;0;0;
Kosta Koufos;;14;1;1;0;0;0;0;0;2;2;1;0;2;1;2;2;
Beno Udrih;;10;3;7;0;1;0;1;0;1;1;1;1;0;0;1;6;
Vince Carter;;9;1;6;0;2;0;0;0;0;0;0;1;0;0;0;2;
Quincy Pondexter;;23;4;5;2;3;0;2;1;4;5;2;0;0;0;0;10;
POR
LaMarcus Aldridge;PF;36;7;19;0;1;5;6;3;7;10;2;2;2;3;2;19;
Nicolas Batum;SF;35;3;11;0;5;0;0;1;3;4;2;1;2;0;2;6;
Robin Lopez;C;23;3;10;0;0;0;0;3;4;7;1;0;0;0;2;6;
Damian Lillard;PG;36;7;16;1;6;5;7;1;3;4;9;3;0;1;1;20;
Wesley Matthews;SG;36;9;16;7;12;1;2;1;3;4;3;0;0;0;1;26;
Allen Crabbe;;13;0;2;0;2;0;0;0;0;0;1;0;0;1;2;0;
Joel Freeland;;10;0;0;0;0;0;0;1;4;5;0;0;0;0;1;0;
Chris Kaman;;25;7;16;0;0;2;3;5;6;11;0;0;2;2;6;16;
Steve Blake;;22;0;3;0;1;0;0;0;0;0;4;0;0;0;0;0;
Will Barton;;5;3;4;0;1;0;0;0;0;0;0;0;0;0;1;6;
