01-09;CHI-WSH;86-102;
13-30;29-30;26-20;18-22;
CHI
Pau Gasol;PF;32;5;11;0;0;2;4;3;10;13;1;0;2;1;1;12;
Joakim Noah;C;27;1;5;0;0;1;2;2;8;10;2;0;1;1;2;3;
Derrick Rose;PG;31;8;19;1;7;2;2;1;3;4;2;0;1;4;1;19;
Kirk Hinrich;SG;21;1;4;1;2;0;0;1;0;1;0;0;0;3;1;3;
Jimmy Butler;SG;36;2;12;1;5;5;7;1;3;4;2;3;1;4;3;10;
Nikola Mirotic;;14;2;4;1;1;1;2;1;4;5;1;1;1;0;1;6;
Cameron Bairstow;;0;0;0;0;0;0;0;0;0;0;0;0;0;0;0;0;
Taj Gibson;;23;1;5;0;0;0;0;1;2;3;2;1;2;0;0;2;
Tony Snell;;19;3;6;2;4;1;2;0;1;1;0;4;0;0;2;9;
Aaron Brooks;;23;6;13;4;7;0;0;1;2;3;4;0;0;3;4;16;
E'Twaun Moore;;13;3;4;0;0;0;0;0;2;2;2;0;0;0;0;6;
WSH
Nene Hilario;PF;29;7;11;0;0;1;2;3;8;11;2;2;1;0;4;15;
Paul Pierce;SF;29;2;6;2;4;1;2;0;4;4;2;1;1;1;3;7;
Marcin Gortat;C;38;10;16;0;0;1;5;3;10;13;1;0;2;2;2;21;
John Wall;PG;35;6;15;0;1;4;4;0;4;4;12;2;1;3;1;16;
Bradley Beal;SG;38;7;16;3;4;0;0;1;1;2;4;3;1;2;1;17;
Kris Humphries;;19;2;7;0;0;5;6;1;6;7;0;1;1;1;3;9;
Otto Porter Jr.;;7;1;3;0;0;0;0;1;0;1;0;0;0;0;0;2;
Rasual Butler;;21;5;8;3;5;0;0;0;1;1;1;0;0;0;1;13;
Kevin Seraphin;;10;1;2;0;0;0;0;2;2;4;1;0;0;1;2;2;
Andre Miller;;13;0;2;0;1;0;0;1;0;1;4;0;0;2;1;0;
Garrett Temple;;0;0;0;0;0;0;0;0;0;0;0;0;0;1;0;0;
