01-02;DET-NY;97-81;
24-20;33-18;25-14;15-29;
DET
Greg Monroe;PF;22;5;11;0;0;2;2;4;6;10;2;1;0;3;3;12;
Kyle Singler;SF;19;1;4;0;2;0;0;0;0;0;2;0;0;0;3;2;
Andre Drummond;C;34;3;5;0;0;1;6;2;18;20;4;3;1;2;1;7;
Brandon Jennings;PG;25;11;17;4;8;3;4;1;2;3;3;2;0;2;1;29;
Kentavious Caldwell-Pope;SG;32;5;9;2;5;0;0;1;2;3;2;1;0;1;2;12;
Jonas Jerebko;;21;2;2;1;1;2;2;0;4;4;1;1;0;1;3;7;
Anthony Tolliver;;10;1;3;1;2;0;0;0;1;1;0;0;0;0;0;3;
Cartier Martin;;4;0;0;0;0;0;0;0;2;2;0;0;0;0;1;0;
Caron Butler;;16;2;4;1;3;0;0;0;1;1;0;0;0;1;1;5;
Joel Anthony;;9;0;1;0;0;0;0;1;2;3;0;0;1;0;1;0;
D.J. Augustin;;23;2;7;1;5;0;0;0;1;1;9;0;1;5;0;5;
Jodie Meeks;;25;6;13;3;7;0;0;0;1;1;1;2;0;1;0;15;
NY
Jason Smith;PF;15;2;8;0;0;1;2;3;3;6;1;0;0;1;3;5;
Cole Aldrich;C;36;5;15;0;0;1;2;6;8;14;1;2;3;3;3;11;
Jose Calderon;PG;36;3;11;1;4;0;0;0;6;6;3;1;0;3;2;7;
Pablo Prigioni;PG;23;1;5;1;3;2;2;2;3;5;3;1;0;0;2;5;
J.R. Smith;SG;36;8;20;5;9;1;2;1;2;3;5;3;0;3;0;22;
Quincy Acy;;25;4;10;0;2;1;1;4;5;9;1;1;1;0;4;9;
Travis Wear;;26;4;12;1;3;0;0;1;1;2;2;2;0;1;0;9;
Cleanthony Early;;15;2;5;1;2;0;1;0;1;1;0;1;0;0;0;5;
Andrea Bargnani;;2;0;0;0;0;0;2;0;0;0;0;0;0;0;0;0;
Shane Larkin;;26;3;5;1;1;1;2;0;1;1;2;2;0;0;1;8;
