02-11;MIA-CLE;93-113;
23-38;25-21;21-26;24-28;
MIA
Luol Deng;SF;40;5;13;3;5;4;4;2;5;7;2;2;2;4;1;17;
Chris Bosh;C;36;5;17;1;4;4;5;0;2;2;3;2;0;2;2;15;
Hassan Whiteside;C;28;8;15;0;0;1;3;7;7;14;0;1;0;1;4;17;
Mario Chalmers;PG;38;6;16;2;6;4;5;0;2;2;3;2;0;3;2;18;
Shabazz Napier;PG;25;3;6;0;3;0;0;0;2;2;8;1;1;3;1;6;
Chris Andersen;;20;1;1;0;0;0;0;0;2;2;1;1;1;0;0;2;
Udonis Haslem;;10;1;3;0;0;3;3;2;2;4;1;0;0;0;1;5;
Danny Granger;;6;0;1;0;1;0;0;0;0;0;0;0;0;0;2;0;
Justin Hamilton;;1;1;1;1;1;0;0;0;0;0;0;0;0;0;0;3;
Norris Cole;;22;3;7;1;3;0;0;1;1;2;2;1;0;1;3;7;
Tyler Johnson;;15;1;4;1;1;0;0;0;1;1;1;0;0;0;3;3;
CLE
Kevin Love;PF;20;5;8;1;4;1;2;1;5;6;4;2;1;0;1;12;
LeBron James;SF;31;6;16;0;4;6;7;0;9;9;7;1;0;5;2;18;
Timofey Mozgov;C;34;9;11;0;0;2;2;3;5;8;2;0;2;0;4;20;
Kyrie Irving;PG;38;5;14;3;5;2;2;2;2;4;6;2;0;3;2;15;
J.R. Smith;SG;33;4;10;2;6;0;0;1;3;4;7;3;0;2;2;10;
James Jones;;1;0;0;0;0;0;0;0;0;0;0;0;0;0;0;0;
Brendan Haywood;;1;0;0;0;0;0;0;0;0;0;1;0;0;0;0;0;
Tristan Thompson;;36;7;8;0;0;3;4;2;7;9;0;0;0;4;3;17;
Shawn Marion;;5;1;1;0;0;1;1;0;1;1;0;0;0;0;0;3;
Iman Shumpert;;23;5;7;3;4;0;1;0;0;0;0;1;0;1;3;13;
Matthew Dellavedova;;16;1;2;0;1;0;0;1;1;2;5;0;0;0;2;2;
Joe Harris;;1;1;1;1;1;0;0;0;0;0;0;0;0;0;0;3;
