12-05;OKC-PHI;103-91;
31-24;26-23;25-20;21-24;
OKC
Serge Ibaka;PF;32;5;8;2;2;7;8;3;1;4;1;0;3;2;4;19;
Kevin Durant;SF;29;3;11;1;2;3;4;0;6;6;3;0;1;2;1;10;
Steven Adams;C;13;3;3;0;0;1;2;0;0;0;1;0;1;1;3;7;
Russell Westbrook;PG;31;8;14;1;3;10;14;0;5;5;7;2;0;6;3;27;
Andre Roberson;SG;18;1;1;0;0;0;0;1;4;5;3;0;0;0;1;2;
Nick Collison;;8;1;2;0;1;1;1;1;2;3;1;1;1;0;2;3;
Lance Thomas;;2;1;1;0;0;0;0;0;0;0;0;0;0;1;1;2;
Perry Jones;;6;0;1;0;1;0;0;0;0;0;0;1;0;0;0;0;
Kendrick Perkins;;22;0;2;0;0;0;0;0;9;9;2;0;2;2;3;0;
Ish Smith;;2;0;0;0;0;0;0;0;1;1;0;0;0;0;0;0;
Reggie Jackson;;29;4;9;1;4;2;2;0;2;2;4;2;0;1;1;11;
Anthony Morrow;;20;3;12;1;7;0;0;1;0;1;3;0;0;0;3;7;
Jeremy Lamb;;30;6;7;3;3;0;0;0;4;4;2;1;0;1;2;15;
PHI
Luc Richard Mbah a Moute;PF;27;4;9;2;2;1;3;1;1;2;1;2;0;1;1;11;
Henry Sims;C;23;4;10;0;3;2;4;1;1;2;1;0;0;2;0;10;
Nerlens Noel;C;34;4;9;0;0;3;4;6;4;10;2;2;1;4;5;11;
Michael Carter-Williams;PG;42;6;19;1;4;3;5;0;7;7;14;3;1;4;4;16;
Hollis Thompson;SG;27;1;7;1;6;2;2;2;3;5;1;3;0;0;3;5;
Brandon Davies;;5;0;1;0;0;1;2;1;0;1;0;0;0;1;2;1;
Jerami Grant;;12;1;4;0;1;0;0;2;1;3;0;1;0;0;5;2;
Robert Covington;;28;8;13;3;6;2;2;3;3;6;2;1;0;3;2;21;
JaKarr Sampson;;8;1;3;0;1;1;2;1;2;3;1;0;0;0;0;3;
K.J. McDaniels;;33;3;9;1;5;4;6;2;3;5;3;1;0;2;2;11;
