12-09;DAL-MEM;105-114;
37-34;25-22;17-36;26-22;
DAL
Dirk Nowitzki;PF;32;4;17;0;6;3;3;0;6;6;4;0;1;2;2;11;
Chandler Parsons;SF;34;10;18;6;10;4;5;1;6;7;3;2;1;1;0;30;
Tyson Chandler;C;32;0;1;0;0;0;0;4;5;9;1;0;2;2;3;0;
Jameer Nelson;PG;24;6;9;4;6;2;2;0;4;4;4;0;0;3;4;18;
Monta Ellis;SG;25;1;11;0;3;0;0;0;1;1;2;0;0;3;1;2;
Greg Smith;;1;0;0;0;0;0;0;0;0;0;0;0;0;0;0;0;
Charlie Villanueva;;1;1;1;1;1;0;0;0;0;0;0;0;0;0;0;3;
Brandan Wright;;21;2;2;0;0;1;2;3;1;4;1;0;2;0;3;5;
Jae Crowder;;24;5;6;3;3;0;0;3;3;6;1;2;1;1;4;13;
J.J. Barea;;21;7;16;3;8;0;0;0;3;3;1;0;0;2;1;17;
Devin Harris;;26;2;4;1;3;1;2;1;2;3;2;0;0;2;4;6;
MEM
Zach Randolph;PF;32;6;18;0;0;5;6;9;4;13;0;1;0;1;3;17;
Tony Allen;SF;31;5;8;0;0;3;3;0;0;0;2;2;0;0;2;13;
Marc Gasol;C;37;9;14;0;0;12;13;2;4;6;6;1;0;1;2;30;
Mike Conley;PG;33;9;13;2;4;2;2;0;4;4;3;2;0;1;0;22;
Courtney Lee;SG;19;2;5;0;1;0;0;0;1;1;2;2;0;1;4;4;
Jon Leuer;;20;1;4;1;1;0;0;0;2;2;0;0;0;0;0;3;
Tayshaun Prince;;29;4;9;2;3;1;1;1;6;7;2;1;0;0;2;11;
Kosta Koufos;;6;0;0;0;0;1;2;0;2;2;0;0;1;0;2;1;
Beno Udrih;;16;4;7;1;1;1;2;0;4;4;4;0;0;1;0;10;
Vince Carter;;15;1;7;1;4;0;0;0;2;2;1;1;0;0;2;3;
Nick Calathes;;1;0;0;0;0;0;0;0;0;0;0;0;0;0;0;0;
