01-16;DET-IND;98-96;
23-19;26-32;30-25;19-20;
DET
Greg Monroe;PF;35;4;12;0;0;3;4;3;5;8;4;1;2;2;1;11;
Kyle Singler;SF;25;1;4;0;1;0;0;0;2;2;1;1;0;0;1;2;
Andre Drummond;C;29;6;14;0;0;4;4;10;6;16;2;0;0;2;5;16;
Brandon Jennings;PG;34;10;23;8;13;9;9;0;2;2;3;2;0;2;1;37;
Kentavious Caldwell-Pope;SG;28;4;7;2;3;0;0;1;3;4;0;0;1;1;1;10;
Jonas Jerebko;;7;1;4;0;1;1;2;0;1;1;0;1;0;0;2;3;
Anthony Tolliver;;20;2;6;2;6;2;2;0;6;6;0;0;1;1;4;8;
Caron Butler;;23;0;4;0;2;2;3;1;3;4;2;1;0;0;0;2;
Joel Anthony;;5;0;0;0;0;0;0;0;0;0;0;0;1;0;0;0;
D.J. Augustin;;14;0;1;0;0;0;0;0;4;4;4;0;0;4;1;0;
Jodie Meeks;;20;4;10;1;5;0;0;0;2;2;1;0;0;3;1;9;
IND
David West;PF;29;6;15;0;0;1;2;1;7;8;2;2;1;3;2;13;
Solomon Hill;SF;30;3;7;2;4;2;2;1;2;3;3;1;0;2;2;10;
Roy Hibbert;C;21;7;11;0;0;0;0;3;0;3;0;0;2;1;2;14;
Rodney Stuckey;PG;24;3;8;0;0;3;3;0;5;5;5;0;0;1;1;9;
C.J. Watson;PG;24;0;3;0;2;0;0;0;1;1;1;1;0;1;4;0;
Luis Scola;;19;3;11;0;0;2;2;2;5;7;2;0;0;1;1;8;
Damjan Rudez;;16;5;8;3;6;0;0;0;1;1;1;0;0;0;0;13;
Ian Mahinmi;;27;6;9;0;0;0;1;5;4;9;0;1;1;1;3;12;
Donald Sloan;;23;4;7;1;3;2;2;0;3;3;5;0;0;1;2;11;
C.J. Miles;;27;3;10;0;3;0;0;0;4;4;3;3;0;1;3;6;
