02-22;GS-IND;98-104;
38-26;19-32;21-23;20-23;
GS
Harrison Barnes;SF;29;3;11;0;1;0;0;3;3;6;1;1;0;0;3;6;
Draymond Green;SF;34;1;6;1;4;3;4;0;4;4;2;0;3;2;6;6;
Andrew Bogut;C;27;2;6;0;0;0;0;2;7;9;4;1;0;1;2;4;
Shaun Livingston;PG;26;4;6;0;0;0;0;1;4;5;2;0;1;2;4;8;
Klay Thompson;SG;37;12;28;5;13;10;10;0;3;3;0;0;0;2;1;39;
David Lee;;18;3;6;0;0;0;0;6;6;12;2;1;0;2;4;6;
Marreese Speights;;3;0;4;0;0;4;4;1;1;2;1;1;0;0;1;4;
Justin Holiday;;6;1;2;0;0;0;0;0;0;0;1;1;0;0;0;2;
Leandro Barbosa;;21;4;9;1;2;0;0;0;0;0;2;2;0;0;3;9;
Andre Iguodala;;32;4;11;2;6;4;4;0;4;4;4;1;1;0;1;14;
Brandon Rush;;5;0;0;0;0;0;0;0;0;0;0;1;0;0;0;0;
IND
David West;PF;30;2;6;0;0;0;0;1;7;8;3;1;1;4;3;4;
Solomon Hill;SF;18;2;6;0;3;2;2;0;1;1;1;0;0;0;3;6;
Roy Hibbert;C;24;2;6;0;0;4;4;1;3;4;0;0;1;1;4;8;
George Hill;PG;30;4;13;2;3;2;3;1;1;2;2;0;0;1;5;12;
C.J. Miles;SG;30;5;11;3;6;0;0;0;9;9;0;0;2;1;2;13;
Luis Scola;;18;5;8;0;0;1;2;2;6;8;2;0;0;2;2;11;
Damjan Rudez;;11;2;2;0;0;0;0;0;0;0;1;0;0;1;0;4;
Ian Mahinmi;;24;2;6;0;0;0;1;1;7;8;1;1;0;2;2;4;
Rodney Stuckey;;28;11;17;2;4;6;7;1;3;4;5;1;0;1;0;30;
C.J. Watson;;26;4;6;1;3;3;4;0;2;2;5;0;0;2;2;12;
