02-10;HOU-PHX;127-118;
41-23;29-38;18-28;39-29;
HOU
Donatas Motiejunas;PF;17;5;9;0;1;2;2;1;1;2;2;2;0;1;5;12;
Trevor Ariza;SF;35;4;9;2;5;0;0;0;5;5;5;1;0;2;1;10;
Joey Dorsey;C;17;1;4;0;0;0;2;3;3;6;0;0;0;1;3;2;
Patrick Beverley;PG;30;6;15;3;10;0;0;2;4;6;6;0;0;3;4;15;
James Harden;SG;43;13;23;3;7;11;14;3;9;12;9;3;1;5;1;40;
Kostas Papanikolaou;;21;3;4;2;3;0;0;0;1;1;1;1;1;0;1;8;
Josh Smith;;32;8;15;2;4;2;3;2;4;6;3;1;1;1;5;20;
Corey Brewer;;27;6;12;1;3;1;2;3;4;7;1;0;0;0;3;14;
Jason Terry;;19;2;4;2;4;0;0;1;1;2;1;1;0;0;1;6;
PHX
Markieff Morris;PF;33;6;13;1;1;3;4;2;4;6;4;1;0;2;3;16;
P.J. Tucker;SF;39;7;15;3;6;0;0;3;4;7;1;0;0;2;1;17;
Miles Plumlee;C;17;2;4;0;0;1;2;2;5;7;0;2;4;2;2;5;
Eric Bledsoe;PG;40;9;19;2;4;12;13;0;4;4;4;2;1;3;1;32;
Goran Dragic;SG;37;7;11;3;4;3;4;3;2;5;2;0;0;3;3;20;
Brandan Wright;;10;2;3;0;0;0;0;3;1;4;0;0;0;0;1;4;
Marcus Morris;;23;1;8;0;4;1;2;0;3;3;1;1;0;1;4;3;
Isaiah Thomas;;30;4;10;2;5;4;5;0;1;1;6;2;0;1;2;14;
Gerald Green;;11;3;4;1;2;0;0;0;2;2;0;1;0;0;1;7;
