03-04;PHI-OKC;118-123;
34-37;25-19;31-28;20-26;8-13;
PHI
Luc Richard Mbah a Moute;PF;40;6;21;0;3;6;9;7;7;14;5;0;0;1;2;18;
Nerlens Noel;C;40;3;10;0;0;2;4;2;11;13;1;4;5;5;4;8;
Isaiah Canaan;PG;42;10;16;8;13;3;3;0;7;7;6;1;0;3;1;31;
Jason Richardson;SG;36;8;19;4;9;9;9;0;6;6;3;1;0;0;2;29;
JaKarr Sampson;SG;15;2;3;0;1;3;3;0;2;2;1;1;0;1;4;7;
Thomas Robinson;;21;0;6;0;0;2;2;3;6;9;2;1;0;0;2;2;
Jerami Grant;;28;2;7;2;4;8;10;1;1;2;1;0;2;4;6;14;
Henry Sims;;10;1;3;0;0;2;2;2;0;2;0;0;0;0;2;4;
Ish Smith;;15;1;5;0;1;0;2;0;1;1;1;0;1;1;1;2;
Hollis Thompson;;19;1;6;1;4;0;0;1;1;2;0;0;0;2;2;3;
OKC
Serge Ibaka;PF;31;1;5;0;1;0;0;0;3;3;0;0;4;3;6;2;
Kyle Singler;SF;21;0;2;0;2;2;2;0;4;4;0;0;0;1;2;2;
Enes Kanter;C;21;4;8;0;0;0;0;2;3;5;0;1;0;1;3;8;
Russell Westbrook;PG;42;16;33;1;4;16;20;3;12;15;10;3;1;4;3;49;
Andre Roberson;SG;12;0;0;0;0;0;0;0;2;2;0;0;0;0;3;0;
Mitch McGary;;21;3;7;0;0;0;0;2;3;5;0;0;3;0;2;6;
Nick Collison;;26;2;5;0;0;4;4;1;5;6;2;2;1;1;5;8;
D.J. Augustin;;37;6;13;2;5;3;3;0;4;4;2;2;0;2;4;17;
Dion Waiters;;39;9;15;1;3;1;3;1;9;10;3;0;0;2;2;20;
Anthony Morrow;;15;3;8;3;6;2;2;0;0;0;2;1;0;0;1;11;
