12-26;MIN-DEN;102-106;
27-26;20-27;27-26;28-27;
MIN
Thaddeus Young;SF;32;10;21;0;1;3;4;2;4;6;4;2;0;0;2;23;
Shabazz Muhammad;SF;34;5;14;2;4;2;2;0;3;3;0;0;1;0;2;14;
Andrew Wiggins;SF;41;8;18;1;3;5;8;3;3;6;3;0;2;0;4;22;
Gorgui Dieng;C;36;5;12;0;0;4;6;3;9;12;2;2;5;0;2;14;
Zach LaVine;PG;19;4;7;0;1;0;0;0;2;2;3;0;0;0;1;8;
Anthony Bennett;;5;1;3;0;0;0;0;0;1;1;0;0;0;0;1;2;
Chase Budinger;;21;2;8;0;3;0;0;2;1;3;2;0;0;1;3;4;
Jeff Adrien;;12;2;5;0;0;2;3;2;2;4;2;1;0;1;3;6;
Robbie Hummel;;10;3;6;0;1;1;1;2;0;2;0;0;0;0;1;7;
Mo Williams;;29;1;9;0;2;0;0;0;5;5;13;0;1;5;5;2;
Troy Daniels;;0;0;0;0;0;0;0;0;0;0;0;0;0;0;0;0;
DEN
Kenneth Faried;PF;30;11;15;0;0;4;5;12;13;25;3;0;0;4;5;26;
Wilson Chandler;SF;41;7;21;2;9;5;6;0;4;4;1;1;2;0;3;21;
Timofey Mozgov;C;34;4;9;0;0;3;4;5;9;14;0;0;0;3;3;11;
Ty Lawson;PG;39;6;17;0;2;4;4;1;2;3;11;0;0;4;3;16;
Arron Afflalo;SG;42;4;16;0;4;5;6;0;5;5;2;0;0;1;4;13;
J.J. Hickson;;18;2;6;0;0;0;0;1;2;3;0;0;2;2;1;4;
Alonzo Gee;;13;2;6;1;3;2;3;0;0;0;0;0;1;1;1;7;
Jusuf Nurkic;;14;3;4;0;0;2;4;3;5;8;0;0;1;3;3;8;
Nate Robinson;;10;0;1;0;1;0;0;0;0;0;1;0;0;0;0;0;
