01-07;MEM-ATL;86-96;
19-23;25-26;15-21;27-26;
MEM
Jarnell Stokes;PF;4;0;0;0;0;0;0;0;0;0;0;0;0;0;0;0;
Tony Allen;SF;21;4;8;0;0;0;0;2;2;4;1;1;0;2;1;8;
Marc Gasol;C;33;6;12;0;0;4;4;1;6;7;3;2;2;3;5;16;
Mike Conley;PG;34;7;15;2;5;1;1;2;7;9;6;3;0;5;3;17;
Courtney Lee;SG;28;3;9;1;3;2;2;1;0;1;3;1;0;4;0;9;
Jon Leuer;;10;2;4;0;0;0;0;0;2;2;1;0;0;1;5;4;
Tayshaun Prince;;31;5;11;0;1;2;2;0;2;2;1;1;1;1;0;12;
Kosta Koufos;;18;2;3;0;0;0;0;1;6;7;0;0;0;1;3;4;
Beno Udrih;;18;1;4;0;0;2;2;0;3;3;2;2;0;2;2;4;
Nick Calathes;;13;3;7;1;4;0;0;0;1;1;2;0;0;0;1;7;
Quincy Pondexter;;9;0;1;0;0;0;0;1;1;2;0;0;0;0;0;0;
Vince Carter;;21;2;5;1;4;0;0;0;1;1;1;0;1;2;1;5;
ATL
Paul Millsap;PF;33;2;9;0;1;7;8;2;7;9;4;1;0;4;4;11;
DeMarre Carroll;SF;32;2;7;1;4;0;0;1;2;3;0;3;1;1;2;5;
Al Horford;C;31;5;15;0;0;2;2;2;1;3;4;2;1;0;1;12;
Jeff Teague;PG;34;9;14;3;4;4;4;0;3;3;6;2;1;3;3;25;
Kyle Korver;SG;34;5;10;4;9;0;0;0;3;3;1;2;0;3;0;14;
Mike Scott;;15;3;5;2;2;0;0;2;4;6;1;0;0;0;0;8;
Pero Antic;;17;4;5;3;4;2;2;0;3;3;0;1;0;2;2;13;
Thabo Sefolosha;;19;1;3;0;0;2;3;0;3;3;2;2;0;0;0;4;
Dennis Schroder;;14;1;4;0;1;2;4;1;0;1;2;3;0;3;1;4;
Kent Bazemore;;11;0;0;0;0;0;0;0;3;3;1;1;1;1;2;0;
