12-21;MEM-CLE;91-105;
19-22;22-30;29-25;21-28;
MEM
Jon Leuer;PF;30;7;14;0;2;2;2;3;4;7;2;2;0;0;2;16;
Tayshaun Prince;SF;22;1;4;0;0;0;0;1;1;2;0;0;0;0;0;2;
Marc Gasol;C;30;10;17;0;1;3;4;5;6;11;5;0;1;4;3;23;
Mike Conley;PG;25;5;13;0;4;1;1;0;2;2;5;1;0;0;0;11;
Courtney Lee;SG;23;1;5;0;0;2;2;0;3;3;2;0;1;2;1;4;
Jarnell Stokes;;4;0;3;0;0;0;0;2;2;4;1;1;0;0;0;0;
Kosta Koufos;;24;4;8;0;0;0;0;0;3;3;0;1;0;0;0;8;
Beno Udrih;;19;1;4;0;1;0;0;0;1;1;5;0;0;1;2;2;
Jordan Adams;;5;2;3;0;1;0;0;0;1;1;0;0;0;0;1;4;
Nick Calathes;;14;2;2;0;0;0;0;0;1;1;4;1;0;1;3;4;
Quincy Pondexter;;23;1;4;1;4;2;4;0;0;0;0;0;1;1;4;5;
Vince Carter;;20;5;9;0;3;2;2;1;2;3;1;2;0;0;0;12;
CLE
Kevin Love;PF;35;4;9;0;0;0;0;0;8;8;2;0;1;2;4;8;
LeBron James;SF;38;9;15;3;5;4;6;0;1;1;11;0;1;5;1;25;
Anderson Varejao;C;27;9;12;0;0;0;0;1;6;7;2;0;0;0;3;18;
Kyrie Irving;PG;37;8;13;1;1;0;1;1;2;3;11;0;0;2;2;17;
Mike Miller;SG;16;0;1;0;1;0;0;0;1;1;4;0;0;0;2;0;
Tristan Thompson;;20;1;2;0;0;1;2;0;3;3;0;0;1;0;4;3;
Shawn Marion;;22;5;6;1;1;0;0;0;5;5;1;1;1;1;0;11;
Dion Waiters;;28;9;16;2;5;1;1;1;1;2;1;1;0;4;2;21;
Matthew Dellavedova;;14;1;2;0;1;0;0;1;1;2;2;0;0;0;1;2;
Joe Harris;;2;0;0;0;0;0;0;0;1;1;0;0;0;0;0;0;
