01-27;MEM-DAL;109-90;
24-24;30-20;32-28;23-18;
MEM
Zach Randolph;PF;34;10;15;0;0;2;4;2;8;10;2;0;0;5;3;22;
Jeff Green;SF;31;3;7;2;3;0;0;1;4;5;2;0;0;0;1;8;
Marc Gasol;C;28;7;13;0;1;1;1;2;2;4;6;0;0;2;0;15;
Beno Udrih;PG;21;4;6;0;1;0;0;0;2;2;5;0;0;2;0;8;
Courtney Lee;SG;31;5;7;3;4;0;0;0;2;2;2;1;0;0;3;13;
Jon Leuer;;9;1;3;1;1;1;2;1;1;2;1;0;0;1;0;4;
Tyrus Thomas;;1;0;0;0;0;0;0;0;0;0;0;0;0;0;0;0;
Kosta Koufos;;21;3;7;0;0;3;4;3;3;6;1;0;0;1;2;9;
Vince Carter;;27;3;10;1;7;5;5;0;3;3;2;2;0;0;2;12;
Nick Calathes;;27;4;8;2;3;3;4;0;5;5;2;2;0;1;4;13;
Jordan Adams;;10;2;3;1;1;0;0;0;1;1;0;1;0;1;2;5;
DAL
Dirk Nowitzki;PF;29;5;12;0;2;1;2;2;3;5;4;0;1;0;0;11;
Chandler Parsons;SF;32;7;11;3;5;2;2;0;2;2;3;0;0;2;1;19;
Tyson Chandler;C;32;4;4;0;0;2;2;3;2;5;1;0;0;3;5;10;
Rajon Rondo;PG;28;3;8;1;3;0;0;2;5;7;5;2;0;3;2;7;
Monta Ellis;SG;33;8;16;1;4;2;2;0;1;1;1;2;0;3;1;19;
Greg Smith;;5;1;1;0;0;0;2;1;2;3;0;0;0;0;0;2;
Dwight Powell;;14;0;1;0;0;0;0;0;3;3;0;1;0;1;4;0;
Charlie Villanueva;;6;0;1;0;1;0;0;0;3;3;0;0;1;2;0;0;
Al-Farouq Aminu;;12;2;5;0;3;0;0;0;3;3;1;2;1;0;1;4;
Richard Jefferson;;13;1;2;1;2;0;0;0;1;1;0;0;0;0;1;3;
J.J. Barea;;15;2;7;1;4;0;0;0;0;0;2;0;0;0;0;5;
Raymond Felton;;5;2;3;0;0;0;0;0;0;0;1;0;0;0;1;4;
Devin Harris;;16;3;7;0;2;0;0;0;2;2;2;1;0;2;4;6;
