04-08;PHX-DAL;104-107;
30-27;33-32;22-26;19-22;
PHX
Brandan Wright;PF;37;4;8;0;0;1;2;2;6;8;2;1;1;2;2;9;
Markieff Morris;PF;39;7;16;0;3;5;5;1;5;6;7;1;0;2;5;19;
Marcus Morris;PF;34;5;9;1;2;1;1;1;9;10;4;2;0;0;4;12;
P.J. Tucker;SF;29;3;10;0;3;0;0;4;4;8;2;0;1;3;4;6;
Eric Bledsoe;PG;33;5;7;1;3;3;4;0;1;1;3;0;0;2;3;14;
T.J. Warren;;24;4;9;1;2;1;2;0;2;2;2;2;1;1;3;10;
Archie Goodwin;;15;2;4;0;2;0;0;0;0;0;0;0;1;1;2;4;
Gerald Green;;30;10;19;5;10;5;5;0;2;2;2;0;1;1;2;30;
DAL
Dirk Nowitzki;PF;31;7;15;1;4;4;5;0;4;4;1;0;0;1;1;19;
Richard Jefferson;SF;27;3;8;0;1;0;0;0;3;3;0;0;0;1;2;6;
Tyson Chandler;C;34;5;9;0;0;2;2;9;14;23;0;0;2;0;3;12;
Rajon Rondo;PG;30;6;9;0;0;0;0;1;2;3;7;0;0;1;2;12;
Monta Ellis;SG;35;10;21;0;3;0;0;1;1;2;3;0;0;1;1;20;
Charlie Villanueva;;13;3;7;3;6;0;0;0;0;0;0;1;0;0;1;9;
Al-Farouq Aminu;;22;0;5;0;2;1;2;2;2;4;2;0;1;1;2;1;
Amar'e Stoudemire;;14;4;5;0;0;2;2;2;4;6;0;0;0;1;5;10;
J.J. Barea;;16;2;6;0;2;2;2;0;2;2;5;0;0;1;0;6;
Devin Harris;;18;5;9;0;0;2;3;0;0;0;0;2;0;1;0;12;
