01-29;DEN-MEM;69-99;
11-26;24-24;14-24;20-25;
DEN
Kenneth Faried;PF;23;5;11;0;0;0;0;1;6;7;1;0;0;1;3;10;
Wilson Chandler;SF;26;5;11;0;5;0;0;1;4;5;1;1;1;0;1;10;
Jusuf Nurkic;C;22;0;7;0;0;0;0;3;3;6;1;1;0;3;2;0;
Ty Lawson;PG;25;3;11;0;3;3;3;0;2;2;6;1;1;1;0;9;
Arron Afflalo;SG;23;3;5;1;2;0;0;0;1;1;1;0;0;1;2;7;
Darrell Arthur;;13;3;7;0;2;1;2;0;2;2;0;1;1;1;1;7;
J.J. Hickson;;12;2;5;0;0;0;0;1;4;5;0;0;0;1;3;4;
Alonzo Gee;;15;3;5;0;1;0;0;2;3;5;0;1;0;1;1;6;
Danilo Gallinari;;14;3;7;1;3;1;1;1;2;3;0;0;0;2;0;8;
JaVale McGee;;15;1;2;0;0;0;0;0;5;5;1;0;1;0;2;2;
Jameer Nelson;;21;1;4;0;2;0;0;0;3;3;5;0;0;2;2;2;
Gary Harris;;15;0;6;0;3;2;2;1;1;2;1;1;1;0;1;2;
Randy Foye;;16;0;6;0;5;2;2;0;1;1;2;0;0;3;1;2;
MEM
Zach Randolph;PF;30;6;14;0;0;3;4;5;12;17;2;1;0;1;2;15;
Jeff Green;SF;26;4;9;2;6;3;4;0;2;2;0;0;0;0;0;13;
Marc Gasol;C;25;4;8;0;0;2;2;1;6;7;2;1;2;1;3;10;
Beno Udrih;PG;23;5;10;1;2;0;0;0;2;2;3;0;0;1;0;11;
Courtney Lee;SG;24;5;10;0;2;1;3;0;2;2;2;1;0;1;0;11;
Jon Leuer;;18;2;5;0;1;2;4;1;5;6;1;2;0;0;0;6;
Tyrus Thomas;;5;1;1;0;0;2;2;0;0;0;1;0;0;0;0;4;
Tony Allen;;21;3;9;0;0;2;4;4;5;9;0;1;0;1;0;8;
Kosta Koufos;;23;3;5;0;0;0;0;1;6;7;0;0;0;1;3;6;
Vince Carter;;7;1;4;0;3;2;2;0;2;2;0;0;0;1;0;4;
Nick Calathes;;25;5;10;0;1;1;2;0;1;1;5;1;0;0;2;11;
Jordan Adams;;12;0;3;0;1;0;0;1;1;2;1;1;2;2;1;0;
