12-28;NY-POR;79-101;
22-31;19-24;17-21;21-25;
NY
Jason Smith;PF;28;2;7;0;0;2;2;1;6;7;4;0;0;2;1;6;
Carmelo Anthony;SF;19;5;14;0;3;3;3;1;4;5;0;0;0;0;0;13;
Cole Aldrich;C;34;6;16;0;0;0;2;9;10;19;2;4;1;1;0;12;
Jose Calderon;PG;28;2;11;1;4;1;1;2;4;6;1;0;0;0;1;6;
Tim Hardaway Jr.;SG;37;5;17;3;10;4;7;0;0;0;5;0;0;3;4;17;
Quincy Acy;;24;5;9;2;2;0;0;1;3;4;1;0;0;3;1;12;
Travis Wear;;21;2;4;0;0;0;0;0;1;1;0;0;0;1;2;4;
Shane Larkin;;30;3;10;0;3;0;0;1;5;6;5;1;0;0;3;6;
Pablo Prigioni;;19;1;5;1;5;0;0;0;1;1;1;1;0;1;1;3;
POR
Thomas Robinson;PF;13;2;5;0;0;1;2;1;3;4;0;1;0;2;0;5;
Nicolas Batum;SF;28;6;8;5;7;0;0;0;1;1;3;1;1;3;1;17;
Joel Freeland;C;25;5;7;0;0;0;0;1;9;10;2;0;2;1;2;10;
Damian Lillard;PG;30;4;11;2;6;1;2;0;4;4;6;2;0;2;0;11;
Wesley Matthews;SG;32;10;21;6;15;2;2;0;4;4;5;0;1;0;2;28;
Victor Claver;;19;1;6;1;2;0;0;1;5;6;1;0;0;1;3;3;
Allen Crabbe;;13;0;3;0;1;0;0;0;1;1;0;0;2;0;1;0;
Dorell Wright;;13;0;2;0;1;0;0;1;2;3;1;1;0;0;2;0;
Meyers Leonard;;4;1;2;0;0;0;0;0;1;1;0;0;0;0;2;2;
Chris Kaman;;20;5;9;0;0;3;4;3;6;9;2;0;1;0;1;13;
Steve Blake;;25;1;3;1;3;0;0;0;4;4;2;0;0;1;1;3;
Will Barton;;14;1;2;0;0;2;2;0;1;1;3;0;0;1;0;4;
C.J. McCollum;;6;2;2;1;1;0;0;0;0;0;0;3;0;0;0;5;
