10-31;LAC-LAL;118-111;
31-22;31-34;24-34;32-21;
LAC
Blake Griffin;PF;39;13;23;2;2;11;12;1;6;7;4;0;0;5;4;39;
Matt Barnes;SF;22;2;4;2;4;1;2;1;0;1;1;0;0;1;3;7;
DeAndre Jordan;C;38;5;5;0;0;1;2;4;9;13;0;1;2;3;5;11;
Chris Paul;PG;37;2;9;1;5;7;8;0;2;2;10;2;0;1;4;12;
J.J. Redick;SG;33;3;9;1;6;8;8;0;3;3;3;2;0;1;1;15;
Spencer Hawes;;14;3;5;2;3;1;2;0;4;4;0;1;0;2;1;9;
Hedo Turkoglu;;4;1;1;1;1;0;0;0;1;1;1;0;0;0;2;3;
Jordan Farmar;;11;0;1;0;1;0;0;0;1;1;1;0;0;1;0;0;
Chris Douglas-Roberts;;14;0;3;0;3;0;0;0;2;2;0;0;0;0;4;0;
Jamal Crawford;;27;5;11;3;8;9;10;0;2;2;5;0;0;0;2;22;
LAL
Carlos Boozer;PF;29;3;9;0;0;3;5;2;5;7;3;0;1;2;5;9;
Wesley Johnson;SF;30;2;8;1;2;0;0;0;5;5;0;1;0;1;6;5;
Jordan Hill;C;34;10;15;0;0;3;4;2;3;5;0;0;1;0;5;23;
Jeremy Lin;PG;35;7;13;3;6;0;0;0;4;4;9;1;0;4;3;17;
Kobe Bryant;SG;35;6;15;1;5;8;11;0;4;4;7;2;0;3;5;21;
Ed Davis;;20;5;6;0;0;0;0;3;3;6;0;0;0;1;5;10;
Xavier Henry;;5;0;0;0;0;2;4;0;0;0;0;0;0;0;0;2;
Robert Sacre;;14;2;3;0;0;4;4;1;1;2;0;0;0;3;2;8;
Jordan Clarkson;;6;1;3;1;2;0;0;0;0;0;0;1;0;0;2;3;
Ronnie Price;;13;3;4;0;1;0;0;0;4;4;4;0;0;0;1;6;
Wayne Ellington;;20;3;6;1;4;0;0;1;2;3;1;0;0;0;1;7;
