04-10;WSH-BKN;80-117;
14-31;24-23;24-21;18-42;
WSH
Nene Hilario;PF;19;3;9;0;0;0;0;1;1;2;2;0;0;0;1;6;
Paul Pierce;SF;20;1;4;1;2;0;0;0;4;4;3;0;0;1;0;3;
Marcin Gortat;C;26;9;11;0;0;3;3;6;10;16;0;0;1;1;3;21;
Ramon Sessions;PG;34;1;7;0;1;0;2;3;4;7;10;0;0;1;1;2;
Bradley Beal;SG;32;10;19;3;4;1;2;0;3;3;1;1;1;3;2;24;
Kris Humphries;;14;3;6;0;0;0;0;2;3;5;1;1;0;1;3;6;
Drew Gooden;;16;0;8;0;1;1;2;2;5;7;1;0;0;0;2;1;
Otto Porter Jr.;;28;4;7;1;4;0;0;1;1;2;2;0;0;2;0;9;
Martell Webster;;7;0;2;0;2;3;4;0;0;0;1;0;0;1;0;3;
Rasual Butler;;5;0;1;0;0;0;0;0;1;1;0;0;0;0;0;0;
DeJuan Blair;;5;0;1;0;0;0;0;1;0;1;0;1;0;0;3;0;
Kevin Seraphin;;15;1;4;0;0;2;2;1;1;2;0;0;2;3;3;4;
Will Bynum;;18;0;3;0;1;1;2;0;0;0;2;0;0;4;3;1;
BKN
Thaddeus Young;SF;29;5;8;0;1;0;2;1;3;4;0;1;0;0;1;10;
Joe Johnson;SF;28;3;5;1;2;0;0;0;3;3;9;2;0;1;0;7;
Brook Lopez;C;32;12;22;0;0;2;3;3;6;9;0;1;1;0;2;26;
Deron Williams;PG;31;3;11;2;4;1;2;2;5;7;9;1;0;3;1;9;
Markel Brown;SG;29;3;10;0;3;1;1;0;0;0;2;1;0;0;3;7;
Cory Jefferson;;12;2;4;0;1;3;4;3;2;5;0;0;0;0;5;7;
Earl Clark;;3;1;1;1;1;0;0;0;1;1;1;0;0;0;0;3;
Jerome Jordan;;4;0;1;0;0;2;2;1;0;1;0;0;0;0;0;2;
Mason Plumlee;;18;3;7;0;0;2;5;2;3;5;2;2;0;1;4;8;
Jarrett Jack;;19;5;6;2;2;2;2;0;5;5;3;0;0;0;2;14;
Darius Morris;;5;1;2;0;0;0;0;0;1;1;1;1;0;1;1;2;
Bojan Bogdanovic;;30;7;12;6;6;2;2;0;3;3;2;1;0;0;1;22;
