01-05;ATL-LAC;107-98;
21-26;23-20;33-23;30-29;
ATL
Paul Millsap;PF;34;8;16;1;2;6;7;0;8;8;2;2;1;1;4;23;
DeMarre Carroll;SF;33;6;8;3;4;2;6;1;7;8;4;1;0;1;2;17;
Al Horford;C;33;7;15;0;0;2;2;2;3;5;2;1;1;0;3;16;
Jeff Teague;PG;32;6;13;3;6;5;6;1;3;4;9;4;0;4;4;20;
Kyle Korver;SG;33;3;7;3;6;0;0;0;3;3;4;1;0;1;2;9;
Mike Scott;;9;0;5;0;2;2;2;2;3;5;1;0;0;2;3;2;
Mike Muscala;;2;0;1;0;0;0;0;0;0;0;0;0;0;0;0;0;
Pero Antic;;18;3;5;2;4;5;8;0;2;2;1;0;0;2;1;13;
Thabo Sefolosha;;21;0;1;0;0;0;0;0;4;4;0;2;0;0;1;0;
Dennis Schroder;;16;3;9;1;3;0;0;1;1;2;2;2;0;1;3;7;
Kent Bazemore;;8;0;1;0;0;0;2;0;0;0;0;0;0;0;0;0;
LAC
Blake Griffin;PF;40;6;17;0;0;14;18;3;7;10;6;0;0;5;5;26;
Matt Barnes;SF;26;4;8;2;5;2;2;1;1;2;2;0;1;2;2;12;
DeAndre Jordan;C;34;7;7;0;0;1;4;4;12;16;0;1;3;0;3;15;
Chris Paul;PG;33;4;9;0;2;2;2;0;6;6;10;0;0;3;6;10;
J.J. Redick;SG;35;5;9;1;4;3;3;0;0;0;0;2;0;5;2;14;
Ekpe Udoh;;2;1;1;0;0;0;0;0;0;0;0;0;0;0;0;2;
Spencer Hawes;;17;1;6;0;3;1;2;0;4;4;0;0;0;3;2;3;
Jordan Farmar;;15;0;5;0;3;0;0;0;3;3;3;1;0;1;2;0;
Reggie Bullock;;10;2;3;2;3;0;0;0;4;4;0;1;0;0;1;6;
Chris Douglas-Roberts;;2;0;0;0;0;0;0;0;0;0;1;0;0;0;0;0;
Jamal Crawford;;25;3;9;2;5;2;2;0;0;0;1;0;1;2;2;10;
