02-28;SA-PHX;101-74;
24-13;27-11;24-17;26-33;
SA
Tim Duncan;PF;21;3;6;0;0;0;0;3;7;10;1;0;1;2;3;6;
Kawhi Leonard;SF;32;9;18;0;1;4;4;0;10;10;0;3;2;0;2;22;
Tiago Splitter;C;15;4;5;0;0;0;2;1;2;3;0;0;1;0;2;8;
Tony Parker;PG;23;3;13;0;2;0;0;0;0;0;2;0;0;0;0;6;
Danny Green;SG;25;4;7;2;4;2;2;0;8;8;1;0;1;1;1;12;
Jeff Ayres;;7;0;0;0;0;0;0;0;1;1;0;0;0;3;1;0;
Marco Belinelli;;17;2;6;0;2;0;0;0;1;1;0;0;0;0;2;4;
Aron Baynes;;20;3;3;0;0;6;6;4;6;10;1;0;1;3;6;12;
Matt Bonner;;6;1;1;1;1;0;0;0;1;1;0;0;0;0;0;3;
Boris Diaw;;23;6;14;0;1;0;0;1;3;4;1;1;0;1;1;12;
Patty Mills;;22;3;10;1;7;2;2;1;3;4;2;2;0;1;1;9;
Cory Joseph;;10;2;5;0;0;1;1;0;0;0;3;1;0;2;3;5;
Manu Ginobili;;19;1;4;0;1;0;0;0;4;4;7;0;0;1;2;2;
PHX
Markieff Morris;PF;18;4;9;0;1;2;3;0;2;2;3;1;0;2;5;10;
P.J. Tucker;SF;26;1;7;1;3;2;2;2;9;11;0;0;0;1;3;5;
Alex Len;C;33;2;9;0;0;2;3;0;9;9;1;2;0;1;3;6;
Eric Bledsoe;PG;32;3;9;0;2;6;7;1;5;6;0;0;0;2;1;12;
Brandon Knight;PG;17;0;6;0;1;1;2;0;0;0;2;0;0;0;0;1;
Marcus Morris;;25;7;14;3;4;2;2;1;6;7;0;1;1;1;3;19;
Brandan Wright;;14;0;3;0;0;3;4;3;0;3;0;1;2;0;0;3;
Earl Barron;;7;0;2;0;0;0;0;0;0;0;0;1;0;1;2;0;
T.J. Warren;;18;4;7;0;0;1;1;0;1;1;2;0;0;1;1;9;
Archie Goodwin;;18;2;7;1;1;0;0;1;1;2;3;1;0;5;3;5;
Reggie Bullock;;14;0;1;0;0;0;0;0;0;0;1;0;1;1;1;0;
Marcus Thornton;;5;0;3;0;1;0;0;0;0;0;1;0;0;0;0;0;
Gerald Green;;14;2;7;0;3;0;0;0;1;1;0;0;0;3;0;4;
