03-19;DEN-HOU;108-118;
27-33;22-32;24-25;35-28;
DEN
Kenneth Faried;PF;30;8;11;0;0;3;6;2;10;12;2;0;1;1;3;19;
Wilson Chandler;SF;31;10;17;2;6;1;1;0;6;6;2;3;1;1;5;23;
Danilo Gallinari;SF;34;3;9;0;5;4;5;0;3;3;1;1;0;3;3;10;
Ty Lawson;PG;39;5;12;2;6;0;0;0;2;2;10;0;0;6;2;12;
Randy Foye;SG;35;9;19;5;12;0;0;0;2;2;6;1;0;0;3;23;
J.J. Hickson;;6;1;1;0;0;0;0;0;2;2;0;0;0;2;0;2;
Darrell Arthur;;18;0;4;0;1;0;0;1;6;7;1;1;0;0;4;0;
Jusuf Nurkic;;12;1;5;0;0;1;2;1;2;3;0;1;1;0;2;3;
Erick Green;;0;0;0;0;0;0;0;0;0;0;0;0;0;0;0;0;
Jameer Nelson;;17;4;9;4;5;1;3;0;0;0;1;0;0;0;4;13;
Will Barton;;19;1;6;0;1;1;2;2;3;5;0;1;0;2;2;3;
Gary Harris;;0;0;0;0;0;0;0;0;0;0;0;0;0;0;0;0;
HOU
Donatas Motiejunas;PF;37;3;10;0;1;1;2;4;5;9;4;3;0;3;3;7;
Terrence Jones;PF;9;4;5;0;0;2;2;1;1;2;0;0;0;0;1;10;
Trevor Ariza;SF;36;6;13;3;6;2;2;0;6;6;4;1;0;2;2;17;
Patrick Beverley;PG;37;3;7;2;5;2;2;1;1;2;7;1;0;2;1;10;
James Harden;SG;40;12;27;4;12;22;25;1;9;10;4;1;0;4;2;50;
Josh Smith;;22;4;7;2;3;2;2;1;1;2;1;0;3;2;2;12;
Joey Dorsey;;20;1;3;0;0;1;5;1;7;8;1;1;0;1;5;3;
Pablo Prigioni;;11;1;2;1;2;0;0;0;0;0;2;0;0;1;0;3;
Corey Brewer;;28;3;9;0;1;0;0;1;9;10;4;1;1;1;3;6;
