02-09;SA-IND;95-93;
30-28;17-17;18-34;30-14;
SA
Tim Duncan;PF;30;7;13;0;0;1;1;3;5;8;2;1;5;1;0;15;
Kawhi Leonard;SF;31;4;12;1;2;1;1;2;4;6;1;1;1;0;2;10;
Matt Bonner;C;12;0;4;0;3;0;0;1;0;1;1;0;0;0;2;0;
Tony Parker;PG;30;7;17;0;1;5;5;0;1;1;6;0;0;2;1;19;
Danny Green;SG;33;2;9;1;8;3;4;0;12;12;1;3;1;2;3;8;
Marco Belinelli;;26;4;6;2;4;2;2;0;1;1;4;1;0;0;0;12;
Aron Baynes;;13;2;3;0;0;0;0;1;2;3;0;0;0;0;1;4;
Boris Diaw;;27;2;7;1;2;1;2;0;4;4;2;2;0;1;1;6;
Tiago Splitter;;14;3;5;0;0;2;2;1;3;4;0;0;0;1;1;8;
Patty Mills;;18;4;11;1;5;0;0;0;1;1;1;0;0;0;2;9;
Cory Joseph;;6;2;2;0;0;0;0;0;1;1;0;0;0;0;0;4;
IND
David West;PF;33;3;10;0;0;4;4;4;14;18;7;0;1;4;2;10;
Roy Hibbert;C;33;5;13;0;0;0;0;4;4;8;2;0;2;0;0;10;
George Hill;PG;29;3;7;1;2;0;0;0;4;4;5;0;1;0;1;7;
Rodney Stuckey;PG;35;7;13;2;3;2;2;0;3;3;3;1;0;2;2;18;
C.J. Miles;SG;32;5;14;1;7;2;2;0;2;2;0;1;2;1;3;13;
Luis Scola;;21;5;10;1;1;0;0;0;4;4;1;0;0;2;2;11;
Shayne Whittington;;9;3;8;0;0;0;0;3;1;4;0;0;0;0;1;6;
Damjan Rudez;;12;0;3;0;3;0;0;0;0;0;1;0;0;3;1;0;
Solomon Hill;;18;3;5;2;3;2;2;0;1;1;1;1;0;0;2;10;
C.J. Watson;;19;2;5;1;2;3;3;0;6;6;4;1;0;0;1;8;
