03-24;TOR-DET;104-108;
27-37;21-23;27-25;29-23;
TOR
Amir Johnson;PF;31;5;5;0;0;3;4;2;6;8;2;0;1;1;3;13;
Terrence Ross;SF;30;4;11;1;5;0;0;0;2;2;1;0;0;0;3;9;
Jonas Valanciunas;C;30;5;12;0;0;2;2;4;4;8;2;0;3;2;4;12;
Kyle Lowry;PG;11;2;4;0;2;1;1;1;1;2;3;0;0;0;2;5;
DeMar DeRozan;SG;42;5;17;0;2;12;12;1;9;10;4;0;0;3;2;22;
Tyler Hansbrough;;8;1;1;0;0;2;2;2;0;2;0;0;0;0;0;4;
Patrick Patterson;;27;4;8;2;4;3;3;2;3;5;4;1;0;0;2;13;
Greivis Vasquez;;28;3;6;1;4;0;0;0;4;4;3;1;0;3;3;7;
Louis Williams;;33;6;11;3;6;4;5;0;2;2;0;0;0;3;1;19;
DET
Anthony Tolliver;PF;26;3;5;3;5;2;2;1;0;1;1;0;0;0;6;11;
Caron Butler;SF;14;2;4;2;3;0;0;0;1;1;0;0;0;1;0;6;
Andre Drummond;C;33;8;21;0;0;5;10;10;8;18;3;2;1;0;4;21;
Reggie Jackson;PG;34;10;18;2;3;6;8;2;3;5;9;1;0;0;2;28;
Kentavious Caldwell-Pope;SG;36;10;17;5;9;1;2;2;4;6;4;0;0;0;3;26;
Tayshaun Prince;;32;2;9;0;2;0;0;0;3;3;2;0;0;1;3;4;
Shawne Williams;;13;1;5;0;2;0;0;2;2;4;1;0;1;0;0;2;
Joel Anthony;;15;2;2;0;0;0;0;3;0;3;0;0;1;1;1;4;
Spencer Dinwiddie;;14;2;5;0;1;0;0;0;0;0;3;2;0;3;1;4;
Jodie Meeks;;23;0;7;0;4;2;2;0;1;1;3;0;0;1;1;2;
