03-16;PHI-BOS;89-108;
18-38;16-19;34-32;21-19;
PHI
Luc Richard Mbah a Moute;PF;23;4;8;1;1;1;4;0;1;1;3;0;0;2;3;10;
Nerlens Noel;C;34;7;15;0;0;4;6;1;6;7;1;2;1;1;5;18;
Isaiah Canaan;PG;28;4;11;2;7;1;2;0;6;6;2;0;1;3;4;11;
Jason Richardson;SG;20;1;7;0;2;0;0;3;2;5;2;0;0;0;0;2;
Hollis Thompson;SG;31;5;9;2;5;1;2;0;2;2;2;2;0;2;0;13;
Thomas Robinson;;15;2;5;0;0;3;4;0;5;5;0;0;1;1;1;7;
Robert Covington;;23;1;8;1;4;1;2;1;5;6;3;2;0;0;4;4;
Jerami Grant;;25;2;5;1;3;1;2;2;2;4;1;0;0;2;1;6;
Henry Sims;;14;1;3;0;0;0;0;1;1;2;2;0;0;1;1;2;
Ish Smith;;27;7;13;1;2;1;2;1;1;2;4;1;1;4;1;16;
BOS
Brandon Bass;PF;27;6;10;0;0;0;0;0;2;2;3;0;0;2;2;12;
Tyler Zeller;C;28;11;15;0;0;4;4;0;5;5;2;0;0;2;4;26;
Avery Bradley;PG;35;8;14;4;7;0;0;1;9;10;6;2;0;1;1;20;
Marcus Smart;PG;30;4;10;2;3;1;1;1;4;5;2;0;0;2;1;11;
Evan Turner;SG;24;5;9;0;0;0;0;0;4;4;5;0;0;0;1;10;
Shavlik Randolph;;2;0;1;0;0;1;2;0;2;2;0;0;0;0;0;1;
Jonas Jerebko;;13;0;1;0;1;2;2;1;1;2;1;0;0;0;3;2;
Luigi Datome;;20;4;8;2;4;0;0;0;1;1;2;0;3;1;2;10;
Jae Crowder;;21;5;7;0;2;0;0;1;4;5;3;1;0;0;1;10;
Kelly Olynyk;;16;0;6;0;2;1;2;1;2;3;1;1;0;0;3;1;
Phil Pressey;;20;1;7;0;1;3;4;0;3;3;2;3;0;3;2;5;
James Young;;3;0;0;0;0;0;0;0;0;0;0;0;0;0;1;0;
