02-08;PHX-SAC;83-85;
18-26;24-22;17-25;24-12;
PHX
Markieff Morris;PF;35;3;20;0;1;2;2;2;2;4;1;1;0;2;3;8;
P.J. Tucker;SF;33;3;9;1;5;0;0;1;6;7;3;2;0;0;1;7;
Miles Plumlee;C;23;2;3;0;0;0;0;3;9;12;1;1;4;2;5;4;
Isaiah Thomas;PG;39;8;17;3;9;7;9;0;3;3;5;1;0;0;3;26;
Goran Dragic;SG;35;6;13;0;2;1;2;1;0;1;5;3;0;4;3;13;
Marcus Morris;;22;2;8;1;3;0;0;0;6;6;0;0;0;0;3;5;
Brandan Wright;;17;2;3;0;0;1;2;2;1;3;0;0;0;0;1;5;
T.J. Warren;;13;3;6;0;1;0;0;2;3;5;1;0;0;1;2;6;
Gerald Green;;23;4;12;0;7;1;2;0;2;2;1;1;0;1;4;9;
SAC
Jason Thompson;PF;29;4;10;0;0;1;2;1;4;5;2;0;0;2;1;9;
Omri Casspi;SF;20;1;4;1;2;0;2;1;4;5;2;0;0;2;1;3;
DeMarcus Cousins;C;37;13;25;0;0;2;4;2;10;12;2;0;2;6;3;28;
Ramon Sessions;PG;32;4;5;0;0;2;5;0;7;7;6;0;0;2;4;10;
Ben McLemore;SG;38;4;12;3;8;2;2;0;1;1;2;0;2;1;3;13;
Carl Landry;;16;2;5;0;0;2;2;0;3;3;1;0;0;0;0;6;
Derrick Williams;;29;2;7;0;1;0;0;0;6;6;1;1;0;0;1;4;
Reggie Evans;;13;1;1;0;0;2;2;0;2;2;3;0;0;0;2;4;
Ray McCallum;;17;3;5;0;1;2;2;0;1;1;0;0;0;2;1;8;
Nik Stauskas;;10;0;1;0;0;0;0;0;1;1;1;0;1;0;1;0;
