03-16;POR-WSH;97-105;
20-27;20-33;34-21;23-24;
POR
LaMarcus Aldridge;PF;38;10;19;0;1;4;6;8;4;12;3;0;1;1;2;24;
Nicolas Batum;SF;40;4;12;2;6;2;2;1;14;15;5;1;1;2;2;12;
Robin Lopez;C;30;3;6;0;0;2;3;1;3;4;0;0;0;2;2;8;
Damian Lillard;PG;39;5;18;2;8;2;2;0;4;4;9;0;1;3;2;14;
Arron Afflalo;SG;27;5;9;2;5;3;3;1;1;2;0;0;0;0;4;15;
Dorell Wright;;8;0;2;0;1;2;2;0;1;1;0;0;0;0;4;2;
Meyers Leonard;;15;1;6;0;2;0;0;1;3;4;0;0;0;1;0;2;
Chris Kaman;;13;5;8;0;0;2;2;2;2;4;0;0;0;1;1;12;
Steve Blake;;12;1;4;1;3;0;0;0;2;2;1;0;0;0;1;3;
C.J. McCollum;;18;2;5;1;2;0;0;0;0;0;1;1;0;0;1;5;
WSH
Nene Hilario;PF;31;5;13;0;0;2;4;2;5;7;2;0;1;2;5;12;
Paul Pierce;SF;32;4;9;2;5;6;8;0;5;5;1;2;0;1;3;16;
Marcin Gortat;C;38;8;10;0;0;0;0;2;7;9;0;0;1;1;2;16;
John Wall;PG;41;10;23;0;1;1;2;0;9;9;11;2;2;2;1;21;
Bradley Beal;SG;39;8;13;4;4;3;6;1;3;4;7;1;0;0;2;23;
Drew Gooden;;21;4;7;1;1;0;0;1;1;2;1;0;0;0;1;9;
Rasual Butler;;16;2;6;0;1;1;2;0;1;1;0;0;0;0;0;5;
Kevin Seraphin;;6;0;1;0;0;0;0;0;2;2;0;0;0;0;2;0;
Ramon Sessions;;16;0;0;0;0;3;4;0;4;4;3;0;0;0;1;3;
