02-10;BKN-MEM;86-95;
15-32;25-20;22-23;24-20;
BKN
Kevin Garnett;PF;14;1;3;0;0;0;0;0;3;3;0;0;2;0;1;2;
Joe Johnson;SF;40;5;13;0;1;1;1;1;7;8;4;0;1;5;3;11;
Mason Plumlee;C;32;6;10;0;0;3;3;6;8;14;1;3;0;1;2;15;
Jarrett Jack;PG;30;6;11;0;0;0;0;0;1;1;3;0;0;6;0;12;
Alan Anderson;SG;28;5;9;2;5;3;4;1;3;4;0;1;0;2;3;15;
Cory Jefferson;;4;0;0;0;0;0;0;0;1;1;0;0;1;0;1;0;
Brook Lopez;;23;5;14;0;1;2;2;2;2;4;0;0;1;2;4;12;
Jerome Jordan;;20;2;5;0;0;2;3;2;4;6;2;1;0;1;4;6;
Deron Williams;;29;4;9;1;3;1;2;0;1;1;4;1;0;2;5;10;
Darius Morris;;2;0;1;0;0;0;0;0;0;0;0;0;0;0;0;0;
Markel Brown;;4;0;1;0;1;0;0;0;1;1;0;0;0;0;0;0;
Bojan Bogdanovic;;15;1;5;0;1;1;2;2;1;3;0;1;0;1;1;3;
MEM
Zach Randolph;PF;34;9;17;1;1;0;0;1;7;8;1;3;0;1;2;19;
Jeff Green;SF;35;3;9;1;4;4;6;0;3;3;4;0;1;1;2;11;
Marc Gasol;C;30;4;9;0;1;6;8;2;9;11;2;1;2;3;2;14;
Mike Conley;PG;28;1;8;0;3;0;0;0;0;0;4;3;0;2;0;2;
Courtney Lee;SG;26;6;10;2;5;1;1;0;1;1;3;2;1;0;3;15;
Jon Leuer;;12;0;2;0;0;0;0;2;2;4;1;0;0;0;2;0;
Tony Allen;;26;5;5;1;1;1;2;1;4;5;4;2;1;1;2;12;
Kosta Koufos;;20;3;11;0;0;2;4;6;4;10;0;0;2;1;3;8;
Beno Udrih;;20;5;9;1;3;2;2;0;2;2;3;1;2;2;1;13;
Nick Calathes;;8;0;1;0;1;1;2;0;1;1;2;2;0;1;2;1;
