03-01;CHA-ORL;98-83;
28-22;15-20;28-18;27-23;
CHA
Cody Zeller;PF;25;7;10;0;0;2;2;4;4;8;3;0;0;1;5;16;
Michael Kidd-Gilchrist;SF;39;4;8;0;0;3;4;1;12;13;2;1;0;4;2;11;
Al Jefferson;C;34;7;16;1;1;1;3;0;10;10;3;1;3;0;3;16;
Mo Williams;PG;38;9;16;4;7;1;1;0;2;2;11;0;0;2;0;23;
Gerald Henderson;SG;34;7;13;2;4;0;0;0;3;3;1;1;0;2;0;16;
Marvin Williams;;20;3;6;1;3;0;0;0;3;3;1;1;0;0;2;7;
Bismack Biyombo;;14;1;3;0;0;1;2;1;2;3;0;0;1;2;3;3;
Brian Roberts;;17;0;1;0;1;0;0;0;3;3;1;0;0;2;0;0;
Lance Stephenson;;20;2;7;0;2;2;2;1;1;2;0;1;0;3;2;6;
ORL
Channing Frye;PF;18;3;5;2;4;0;0;0;2;2;0;1;0;1;0;8;
Tobias Harris;SF;34;4;13;1;2;4;6;1;8;9;2;2;0;0;1;13;
Nikola Vucevic;C;31;4;12;0;0;2;2;2;7;9;2;0;1;3;3;10;
Elfrid Payton;PG;13;0;4;0;0;0;0;0;1;1;1;0;0;1;1;0;
Victor Oladipo;SG;38;7;14;1;1;6;8;1;1;2;5;1;0;1;4;21;
Andrew Nicholson;;17;5;8;1;1;0;0;0;4;4;0;0;1;0;0;11;
Maurice Harkless;;16;0;1;0;0;1;2;2;3;5;0;1;1;0;2;1;
Dewayne Dedmon;;20;2;6;0;1;0;0;3;6;9;0;2;0;0;1;4;
Luke Ridnour;;8;0;4;0;1;0;0;0;0;0;3;1;0;0;2;0;
Willie Green;;32;4;13;1;4;2;2;1;1;2;3;0;0;2;4;11;
Ben Gordon;;12;2;5;0;1;0;0;0;1;1;0;0;0;3;1;4;
