01-24;BKN-UTAH;73-108;
21-25;16-33;22-23;14-27;
BKN
Kevin Garnett;PF;23;4;7;0;0;0;0;1;2;3;2;2;1;1;2;8;
Joe Johnson;SF;29;3;7;0;1;0;0;0;0;0;1;0;1;2;1;6;
Mason Plumlee;C;27;5;6;0;0;1;3;2;4;6;1;3;2;4;3;11;
Jarrett Jack;PG;34;5;14;1;4;5;7;1;3;4;7;2;0;3;0;16;
Bojan Bogdanovic;SG;24;3;7;1;2;2;2;0;2;2;1;0;0;0;3;9;
Cory Jefferson;;10;1;4;0;0;0;0;0;0;0;0;0;1;0;1;2;
Jerome Jordan;;14;2;4;0;0;0;0;1;2;3;1;0;2;1;1;4;
Brook Lopez;;22;2;9;0;0;2;4;2;3;5;0;0;1;2;3;6;
Darius Morris;;14;2;8;1;3;0;0;0;1;1;3;0;0;1;0;5;
Markel Brown;;7;0;2;0;0;0;0;0;0;0;0;0;1;0;0;0;
Sergey Karasev;;18;2;5;2;4;0;0;1;2;3;1;1;0;2;2;6;
Alan Anderson;;18;0;2;0;1;0;0;0;2;2;0;2;0;1;1;0;
UTAH
Derrick Favors;PF;31;3;7;0;0;3;4;1;7;8;1;0;2;1;1;9;
Gordon Hayward;SF;31;10;14;1;3;3;4;0;4;4;3;3;0;5;1;24;
Joe Ingles;SF;30;4;8;4;7;4;4;0;1;1;5;1;0;0;1;16;
Enes Kanter;C;28;5;12;0;0;0;0;2;2;4;0;1;0;2;0;10;
Dante Exum;SG;29;5;7;3;5;0;0;0;4;4;4;0;0;2;2;13;
Trevor Booker;;15;2;5;0;2;0;0;0;2;2;1;1;2;1;2;4;
Jeremy Evans;;2;0;1;0;0;0;0;0;2;2;0;0;1;0;0;0;
Rudy Gobert;;20;3;4;0;1;0;0;3;9;12;2;0;0;2;2;6;
Trey Burke;;26;7;13;4;8;1;2;0;2;2;3;1;0;0;2;19;
Ian Clark;;5;1;2;0;1;0;0;0;2;2;1;0;0;0;0;2;
Elliot Williams;;3;0;1;0;0;0;0;0;0;0;1;0;0;0;0;0;
Elijah Millsap;;19;2;5;1;2;0;0;0;2;2;2;2;0;2;2;5;
