01-13;CLE-PHX;100-107;
24-31;27-28;28-26;21-22;
CLE
Kevin Love;PF;27;3;11;1;5;2;2;6;3;9;0;0;1;1;1;9;
LeBron James;SF;37;11;18;3;8;8;13;1;6;7;5;1;0;5;3;33;
Timofey Mozgov;C;16;0;3;0;0;2;2;2;4;6;0;0;0;4;3;2;
Kyrie Irving;PG;44;4;14;1;4;0;0;0;1;1;6;1;0;8;1;9;
J.R. Smith;SG;39;10;19;8;14;1;1;0;1;1;2;4;0;0;6;29;
James Jones;;12;1;3;0;2;0;0;0;0;0;0;1;0;0;2;2;
Tristan Thompson;;32;5;5;0;0;0;0;3;3;6;0;0;0;1;3;10;
Matthew Dellavedova;;5;0;1;0;0;0;0;0;0;0;1;0;0;0;1;0;
Shawn Marion;;22;2;7;0;1;2;2;4;7;11;2;0;0;0;1;6;
Mike Miller;;8;0;1;0;1;0;0;0;1;1;0;0;0;0;0;0;
PHX
Markieff Morris;PF;38;15;21;2;3;3;4;1;6;7;1;1;0;2;3;35;
P.J. Tucker;SF;31;2;6;2;5;4;4;1;3;4;3;2;0;2;4;10;
Alex Len;C;37;5;8;0;0;3;4;3;7;10;3;1;1;1;4;13;
Eric Bledsoe;PG;38;3;8;1;3;5;6;0;7;7;6;1;1;1;1;12;
Goran Dragic;SG;33;8;15;1;4;1;2;1;1;2;4;2;0;3;4;18;
Marcus Morris;;20;4;9;1;3;0;0;2;0;2;2;1;0;1;2;9;
Brandan Wright;;13;2;2;0;0;1;2;0;1;1;0;2;0;0;1;5;
Miles Plumlee;;3;0;0;0;0;0;2;1;0;1;0;0;0;0;0;0;
Isaiah Thomas;;18;1;5;0;1;3;3;0;0;0;4;0;0;1;0;5;
Gerald Green;;8;0;2;0;1;0;0;0;0;0;0;0;0;0;1;0;
