01-03;MIA-HOU;79-115;
27-23;22-38;11-33;19-21;
MIA
Chris Andersen;PF;20;2;2;0;0;0;2;0;3;3;2;0;0;1;0;4;
Luol Deng;SF;24;5;8;0;0;0;0;3;3;6;1;1;0;4;1;10;
Chris Bosh;C;27;4;12;1;4;6;8;2;2;4;2;0;0;4;2;15;
Mario Chalmers;PG;20;1;2;1;1;0;0;0;1;1;5;1;0;0;4;3;
Dwyane Wade;SG;25;5;11;0;0;5;5;0;4;4;3;0;0;2;0;15;
Udonis Haslem;;9;0;0;0;0;0;0;0;2;2;0;0;0;0;1;0;
Danny Granger;;23;1;6;1;3;2;2;0;1;1;0;2;0;2;1;5;
Shawne Williams;;10;0;3;0;3;0;0;0;1;1;0;1;0;0;1;0;
James Ennis;;24;3;6;1;3;0;2;1;1;2;2;1;1;2;1;7;
Hassan Whiteside;;20;6;8;0;0;2;6;2;4;6;0;0;2;3;2;14;
Norris Cole;;28;3;7;0;0;0;0;0;2;2;4;0;0;3;4;6;
Andre Dawkins;;9;0;3;0;3;0;0;0;1;1;1;0;0;0;1;0;
HOU
Donatas Motiejunas;PF;27;5;11;0;2;2;3;2;0;2;3;2;0;2;4;12;
Trevor Ariza;SF;23;1;5;0;3;0;0;0;2;2;4;6;0;3;2;2;
Dwight Howard;C;26;9;13;0;0;5;9;4;9;13;0;0;0;2;2;23;
Patrick Beverley;PG;24;3;5;3;4;2;2;1;1;2;2;0;0;1;3;11;
James Harden;SG;28;9;17;3;6;7;7;1;4;5;2;1;0;3;1;28;
Kostas Papanikolaou;;23;1;6;0;1;0;0;5;2;7;1;2;0;2;1;2;
Josh Smith;;28;6;9;0;1;0;2;2;5;7;2;0;1;3;3;12;
Joey Dorsey;;7;0;1;0;0;0;0;1;2;3;0;0;0;0;0;0;
Isaiah Canaan;;7;2;4;2;3;2;3;1;2;3;1;0;0;0;0;8;
Jason Terry;;20;2;5;2;4;0;0;0;0;0;3;0;0;0;0;6;
Corey Brewer;;25;3;7;3;7;2;2;0;4;4;3;2;0;0;2;11;
