02-05;PHX-POR;87-108;
15-27;20-19;30-20;22-42;
PHX
Markieff Morris;PF;37;8;19;1;4;1;3;2;6;8;1;0;0;3;1;18;
P.J. Tucker;SF;32;2;7;2;3;0;0;0;3;3;2;5;0;1;5;6;
Alex Len;C;9;2;3;0;0;1;1;1;3;4;1;2;1;2;2;5;
Eric Bledsoe;PG;35;5;10;1;2;6;7;3;4;7;4;0;0;6;2;17;
Goran Dragic;SG;33;4;11;1;3;0;0;1;2;3;5;0;0;1;1;9;
Brandan Wright;;16;1;3;0;0;0;0;0;3;3;0;0;0;0;2;2;
Marcus Morris;;15;4;8;0;2;0;0;2;2;4;2;0;0;0;3;8;
Miles Plumlee;;17;0;4;0;0;1;2;2;2;4;0;2;1;0;1;1;
Isaiah Thomas;;23;2;9;0;2;2;2;0;2;2;4;1;0;2;2;6;
Archie Goodwin;;2;1;1;0;0;2;2;0;0;0;0;1;0;1;1;4;
Gerald Green;;17;4;11;1;6;0;0;0;4;4;1;0;0;0;1;9;
Reggie Bullock;;2;0;0;0;0;0;0;0;0;0;0;0;0;0;0;0;
Zoran Dragic;;2;1;2;0;1;0;0;0;0;0;0;0;0;0;0;2;
POR
LaMarcus Aldridge;PF;35;7;18;0;2;5;6;3;10;13;1;1;2;4;3;19;
Nicolas Batum;SF;36;6;13;2;6;6;6;1;3;4;7;1;0;2;1;20;
Robin Lopez;C;31;5;10;0;0;1;2;6;6;12;0;0;4;1;3;11;
Damian Lillard;PG;33;6;15;0;5;1;2;1;3;4;3;2;1;2;0;13;
Wesley Matthews;SG;32;5;15;2;8;2;2;0;8;8;3;0;0;1;1;14;
Thomas Robinson;;2;0;0;0;0;0;0;0;0;0;0;0;0;0;1;0;
Victor Claver;;2;1;1;1;1;0;0;0;0;0;0;0;0;0;0;3;
Allen Crabbe;;2;0;0;0;0;0;0;0;1;1;0;0;0;0;1;0;
Meyers Leonard;;24;3;5;0;1;2;2;2;6;8;0;0;0;2;1;8;
Steve Blake;;23;2;5;1;3;0;0;0;3;3;4;2;0;0;2;5;
C.J. McCollum;;20;4;7;1;4;3;3;0;4;4;2;1;0;1;1;12;
Will Barton;;2;1;1;1;1;0;0;0;0;0;1;0;0;1;0;3;
