04-12;CHA-DET;77-116;
10-30;24-29;20-23;23-34;
CHA
Marvin Williams;PF;19;1;3;0;1;2;2;0;3;3;1;0;0;1;2;4;
Jeff Taylor;SF;25;3;7;0;0;4;5;0;2;2;0;0;0;2;0;10;
Bismack Biyombo;C;29;2;4;0;0;1;2;0;4;4;0;0;1;1;4;5;
Kemba Walker;PG;31;2;11;1;3;2;4;0;1;1;7;2;0;1;0;7;
Gerald Henderson;SG;26;6;16;0;0;2;3;0;2;2;2;3;0;1;2;14;
Noah Vonleh;;29;6;11;1;2;3;6;4;8;12;0;1;0;2;2;16;
Jason Maxiell;;19;2;5;0;0;0;0;2;2;4;0;0;1;0;0;4;
Brian Roberts;;20;3;8;2;2;3;5;0;2;2;3;1;0;0;0;11;
Troy Daniels;;28;1;9;0;4;0;0;0;3;3;2;1;0;1;2;2;
P.J. Hairston;;14;1;5;0;3;2;2;0;0;0;1;0;0;0;1;4;
DET
Greg Monroe;PF;33;4;10;0;0;9;10;1;8;9;4;2;1;0;1;17;
Caron Butler;SF;10;0;1;0;1;0;0;0;2;2;0;0;0;1;1;0;
Andre Drummond;C;32;7;12;0;0;1;3;5;14;19;4;0;2;1;4;15;
Reggie Jackson;PG;30;1;7;0;1;3;3;2;2;4;13;0;0;2;3;5;
Kentavious Caldwell-Pope;SG;28;4;9;2;4;0;0;0;6;6;1;1;0;3;1;10;
Quincy Miller;;27;2;7;2;5;0;0;1;3;4;3;0;1;1;4;6;
Anthony Tolliver;;19;6;7;5;6;0;0;1;3;4;0;0;0;2;5;17;
Cartier Martin;;3;1;2;0;0;0;0;0;0;0;2;0;0;0;0;2;
Shawne Williams;;8;4;6;2;3;0;0;1;0;1;0;0;0;0;2;10;
Joel Anthony;;3;0;0;0;0;1;2;0;1;1;0;0;0;0;0;1;
John Lucas III;;18;4;8;1;1;0;0;1;4;5;6;0;0;2;1;9;
Jodie Meeks;;27;8;12;4;7;4;5;0;1;1;0;3;0;2;1;24;
