12-22;TOR-CHI;120-129;
33-33;33-27;17-20;37-49;
TOR
Amir Johnson;PF;18;1;6;0;0;0;0;2;2;4;1;0;0;0;1;2;
James Johnson;PF;33;7;10;0;1;2;2;1;1;2;1;4;2;3;3;16;
Terrence Ross;SF;35;6;16;5;11;0;0;1;3;4;1;2;1;2;6;17;
Jonas Valanciunas;C;33;8;18;0;0;4;6;4;5;9;0;0;0;0;4;20;
Kyle Lowry;PG;37;12;22;4;8;6;10;2;4;6;3;1;0;1;5;34;
Patrick Patterson;;30;5;10;0;3;2;4;7;2;9;0;1;0;0;3;12;
Tyler Hansbrough;;5;0;0;0;0;3;4;0;1;1;0;0;0;0;1;3;
Chuck Hayes;;8;1;1;0;0;0;0;1;1;2;1;0;0;0;2;2;
Greivis Vasquez;;15;1;7;0;3;0;0;0;0;0;4;0;0;1;1;2;
Louis Williams;;26;3;10;0;4;6;6;0;0;0;4;2;0;0;4;12;
CHI
Pau Gasol;PF;29;2;7;0;0;10;10;3;6;9;3;0;3;4;3;14;
Mike Dunleavy;SF;23;1;4;1;1;0;0;0;1;1;2;0;2;1;2;3;
Joakim Noah;C;30;4;4;0;0;6;8;0;4;4;4;1;0;3;2;14;
Derrick Rose;PG;31;12;19;0;3;5;6;0;2;2;3;0;0;2;1;29;
Jimmy Butler;SG;44;7;16;2;3;11;11;3;8;11;4;1;5;1;1;27;
Taj Gibson;;18;5;10;0;0;0;0;4;3;7;1;1;2;0;3;10;
Nikola Mirotic;;18;2;2;1;1;7;8;1;2;3;0;0;0;0;4;12;
Aaron Brooks;;25;6;10;1;2;4;4;1;1;2;2;1;1;1;2;17;
Kirk Hinrich;;21;1;2;1;2;0;0;0;2;2;1;0;0;3;2;3;
