02-25;LAL-UTAH;100-97;
21-29;24-22;24-27;31-19;
LAL
Carlos Boozer;PF;22;5;13;0;0;4;7;0;6;6;1;3;0;2;2;14;
Ryan Kelly;PF;21;0;5;0;0;0;0;0;3;3;1;1;1;2;3;0;
Robert Sacre;C;21;1;2;0;0;4;4;0;0;0;1;1;0;0;1;6;
Jordan Clarkson;PG;34;10;16;1;3;1;1;2;2;4;3;2;0;2;4;22;
Wayne Ellington;SG;38;5;12;0;1;5;5;3;7;10;2;0;0;3;1;15;
Ed Davis;;26;6;8;0;0;0;0;6;3;9;3;1;3;0;6;12;
Wesley Johnson;;27;3;9;1;3;0;0;1;2;3;2;1;2;0;3;7;
Jordan Hill;;27;7;12;0;0;2;2;1;4;5;1;2;1;0;4;16;
Jeremy Lin;;24;3;12;0;4;2;2;1;1;2;3;1;1;0;1;8;
UTAH
Derrick Favors;PF;36;7;10;0;0;4;8;3;6;9;1;1;1;3;3;18;
Gordon Hayward;SF;31;7;18;0;2;6;6;1;0;1;3;0;0;6;3;20;
Joe Ingles;SF;15;0;1;0;0;0;0;0;3;3;2;1;1;3;3;0;
Rudy Gobert;C;36;6;11;0;0;4;7;8;6;14;2;1;3;1;1;16;
Dante Exum;SG;19;1;2;1;2;0;0;0;0;0;3;0;0;2;3;3;
Trevor Booker;;20;1;6;0;0;1;4;0;6;6;1;0;0;0;2;3;
Jeremy Evans;;4;1;1;0;0;0;0;0;0;0;1;0;0;0;0;2;
Bryce Cotton;;0;0;0;0;0;0;0;0;0;0;0;0;0;0;0;0;
Trey Burke;;29;2;8;2;3;1;2;1;4;5;4;0;0;3;2;7;
Elijah Millsap;;30;5;8;1;1;6;7;0;7;7;1;0;0;2;0;17;
Rodney Hood;;20;4;8;3;4;0;0;0;2;2;0;0;0;0;2;11;
