12-14;GS-NO;128-122;
28-31;32-20;29-38;22-22;17-11;
GS
Harrison Barnes;SF;29;1;3;0;2;0;0;0;4;4;2;0;0;0;2;2;
Draymond Green;SF;48;5;11;0;1;1;1;2;11;13;5;1;4;2;4;11;
Festus Ezeli;C;20;1;2;0;0;2;2;1;4;5;0;0;2;1;1;4;
Stephen Curry;PG;40;11;21;6;10;6;6;0;7;7;7;1;0;6;1;34;
Klay Thompson;SG;42;10;22;2;7;7;9;0;4;4;3;1;3;3;3;29;
Marreese Speights;;20;3;4;0;0;4;6;2;3;5;1;2;0;3;5;10;
Shaun Livingston;;22;4;6;0;0;4;4;0;1;1;4;1;0;2;0;12;
Justin Holiday;;3;1;1;0;0;0;0;0;0;0;0;1;0;0;1;2;
Leandro Barbosa;;4;1;4;0;0;2;2;1;1;2;0;0;0;0;1;4;
Andre Iguodala;;38;7;12;3;4;3;5;2;3;5;0;0;0;2;1;20;
NO
Ryan Anderson;PF;45;5;16;2;8;3;3;2;4;6;0;3;0;2;3;15;
Luke Babbitt;SF;29;2;6;2;5;0;0;2;3;5;0;0;0;1;2;6;
Omer Asik;C;20;2;7;0;0;0;0;2;6;8;1;0;0;0;0;4;
Jrue Holiday;PG;45;12;24;2;5;4;5;2;1;3;9;5;1;3;4;30;
Tyreke Evans;SG;41;13;25;2;5;6;9;3;5;8;5;2;2;5;6;34;
Dante Cunningham;;30;6;7;0;0;1;2;0;5;5;0;2;1;2;3;13;
John Salmons;;9;0;1;0;0;2;2;0;1;1;0;0;1;0;1;2;
Jeff Withey;;16;3;4;0;0;4;4;1;3;4;1;0;1;0;2;10;
Jimmer Fredette;;7;1;3;0;1;0;0;0;0;0;1;0;0;0;1;2;
Austin Rivers;;24;3;8;0;3;0;0;0;4;4;5;2;0;0;5;6;
