11-29;HOU-MIL;117-103;
28-23;25-23;32-26;32-31;
HOU
Donatas Motiejunas;PF;31;9;13;0;1;2;3;2;4;6;5;0;0;0;3;20;
Tarik Black;PF;21;4;6;0;0;0;0;3;2;5;1;0;0;0;3;8;
Trevor Ariza;SF;41;5;18;4;12;0;0;1;9;10;3;2;0;3;4;14;
Jason Terry;SG;35;7;15;4;8;0;0;2;4;6;5;0;0;0;2;18;
James Harden;SG;38;9;14;4;5;12;13;2;4;6;7;4;1;5;4;34;
Kostas Papanikolaou;;29;5;6;2;2;0;0;1;2;3;4;1;0;1;4;12;
Joey Dorsey;;13;2;2;0;0;0;0;2;3;5;0;0;3;1;3;4;
Isaiah Canaan;;0;0;0;0;0;0;0;0;0;0;0;0;0;0;0;0;
Nick Johnson;;13;1;5;0;3;0;0;0;1;1;0;0;0;2;1;2;
Troy Daniels;;2;1;1;1;1;0;0;0;0;0;0;0;0;0;0;3;
Francisco Garcia;;18;1;7;0;6;0;0;0;2;2;1;0;1;1;0;2;
MIL
Giannis Antetokounmpo;SF;35;7;12;0;1;3;3;2;5;7;2;0;2;0;3;17;
Jabari Parker;SF;32;3;7;0;0;13;14;3;6;9;5;2;0;4;0;19;
Larry Sanders;C;24;3;3;0;0;5;8;0;5;5;1;0;3;1;3;11;
Brandon Knight;PG;29;4;8;2;2;2;2;0;1;1;2;2;0;0;0;12;
O.J. Mayo;SG;22;2;10;0;3;2;2;1;1;2;1;0;0;0;2;6;
Ersan Ilyasova;;24;7;14;2;5;2;2;1;1;2;1;0;0;1;2;18;
Jared Dudley;;14;2;4;1;2;0;0;0;3;3;1;0;0;0;0;5;
Kendall Marshall;;19;0;3;0;2;0;0;0;0;0;4;1;0;3;0;0;
Jerryd Bayless;;21;2;8;0;3;0;0;0;1;1;3;0;0;1;4;4;
Khris Middleton;;20;3;5;1;1;4;4;1;1;2;3;2;0;0;2;11;
