04-13;MEM-GS;107-111;
21-36;25-32;20-25;41-18;
MEM
Zach Randolph;PF;21;3;7;0;0;4;4;4;1;5;4;1;0;2;1;10;
Jeff Green;SF;22;2;6;0;1;0;0;0;1;1;1;1;0;2;0;4;
Marc Gasol;C;21;3;7;0;0;0;2;0;2;2;4;0;1;1;0;6;
Beno Udrih;PG;25;3;12;0;0;1;1;2;2;4;2;1;0;0;1;7;
Courtney Lee;SG;21;4;10;1;3;0;0;0;3;3;1;1;0;0;2;9;
Jon Leuer;;9;1;1;0;0;0;0;1;2;3;1;0;0;1;1;2;
JaMychal Green;;24;4;5;0;1;2;2;4;4;8;0;2;1;3;5;10;
Jarnell Stokes;;9;3;4;0;0;1;2;1;1;2;1;1;1;0;2;7;
Kosta Koufos;;21;4;10;0;0;0;0;3;4;7;0;0;1;0;2;8;
Russ Smith;;10;5;8;1;2;5;5;0;2;2;4;1;0;2;2;16;
Nick Calathes;;16;1;7;0;0;0;0;1;1;2;3;1;0;2;3;2;
Jordan Adams;;21;6;15;2;5;5;7;2;0;2;2;2;0;1;2;19;
Vince Carter;;19;2;6;1;3;2;2;0;3;3;1;0;0;1;1;7;
GS
Harrison Barnes;SF;23;1;6;0;1;0;0;0;2;2;2;2;2;0;1;2;
Draymond Green;SF;27;2;4;1;2;0;0;0;9;9;4;1;0;3;2;5;
Andrew Bogut;C;17;3;4;0;0;0;0;2;5;7;3;0;1;0;4;6;
Stephen Curry;PG;29;6;10;3;6;0;0;0;4;4;8;1;0;3;2;15;
Klay Thompson;SG;30;15;20;8;10;4;4;0;5;5;3;1;0;2;0;42;
David Lee;;14;1;2;0;0;1;2;2;0;2;0;0;0;4;2;3;
Festus Ezeli;;18;3;5;0;0;3;5;1;4;5;1;0;3;1;2;9;
Marreese Speights;;13;1;6;0;1;2;2;1;1;2;0;1;0;2;3;4;
Shaun Livingston;;24;2;3;0;0;2;4;0;1;1;2;2;0;3;1;6;
Justin Holiday;;6;0;3;0;0;6;6;0;1;1;0;0;0;1;1;6;
Leandro Barbosa;;15;4;8;1;2;0;0;0;1;1;2;0;1;1;2;9;
Andre Iguodala;;20;1;3;0;2;0;0;0;0;0;5;1;0;0;1;2;
Brandon Rush;;4;0;0;0;0;2;4;0;0;0;0;0;0;1;1;2;
