12-07;NO-LAL;104-87;
22-16;28-24;29-19;25-28;
NO
Anthony Davis;PF;32;11;15;0;0;1;2;0;6;6;0;1;2;1;3;23;
Luke Babbitt;SF;20;2;4;2;4;0;0;0;5;5;0;0;0;1;1;6;
Omer Asik;C;24;4;7;0;0;0;0;5;6;11;1;0;0;2;0;8;
Jrue Holiday;PG;35;9;17;4;5;0;0;0;4;4;8;0;1;3;3;22;
Tyreke Evans;SG;28;3;9;0;1;5;6;0;5;5;7;0;0;3;2;11;
Dante Cunningham;;25;3;6;0;0;1;2;2;4;6;0;0;0;1;3;7;
Ryan Anderson;;27;4;9;2;5;1;1;2;8;10;1;0;1;2;0;11;
Jeff Withey;;1;0;0;0;0;0;0;0;1;1;1;0;0;0;0;0;
Alexis Ajinca;;10;4;4;0;0;2;4;0;2;2;1;0;0;1;1;10;
Jimmer Fredette;;1;0;0;0;0;0;0;0;0;0;0;0;0;0;0;0;
Gal Mekel;;12;1;5;0;1;0;0;0;0;0;4;0;0;0;0;2;
Austin Rivers;;24;2;7;0;2;0;0;0;0;0;5;1;0;1;1;4;
LAL
Ed Davis;PF;30;5;6;0;0;2;4;1;6;7;0;0;2;0;0;12;
Wesley Johnson;SF;25;5;12;0;3;0;0;0;1;1;3;0;0;0;2;10;
Jordan Hill;C;26;4;11;0;0;0;0;2;5;7;0;1;2;1;3;8;
Ronnie Price;PG;26;1;4;1;2;0;0;0;1;1;3;2;1;0;1;3;
Kobe Bryant;SG;32;6;18;0;5;2;2;0;3;3;4;0;0;3;2;14;
Carlos Boozer;;23;6;12;0;0;0;0;2;4;6;1;0;0;0;3;12;
Nick Young;;24;3;13;2;6;5;6;0;2;2;1;0;1;1;1;13;
Robert Sacre;;17;1;2;0;0;0;0;0;2;2;0;1;0;0;0;2;
Jeremy Lin;;20;1;5;0;1;1;3;0;3;3;4;0;0;1;3;3;
Jordan Clarkson;;2;0;0;0;0;0;0;1;0;1;1;0;0;1;0;0;
Wayne Ellington;;16;4;7;2;2;0;0;1;0;1;1;0;0;0;0;10;
