02-27;CLE-IND;86-93;
28-19;17-32;16-23;25-19;
CLE
Kevin Love;PF;36;6;19;1;7;4;4;2;8;10;3;2;2;0;3;17;
James Jones;SF;30;2;6;2;5;0;2;0;0;0;1;0;0;1;2;6;
Timofey Mozgov;C;19;3;8;0;0;0;0;4;2;6;2;1;1;1;1;6;
J.R. Smith;SG;31;7;17;4;6;3;3;1;1;2;4;0;1;1;5;21;
Matthew Dellavedova;SG;38;5;18;2;6;2;2;3;7;10;5;0;0;4;4;14;
Tristan Thompson;;28;3;4;0;0;2;3;1;3;4;1;0;1;1;3;8;
Kendrick Perkins;;12;0;1;0;0;0;0;0;4;4;0;0;0;1;4;0;
Iman Shumpert;;32;7;17;0;4;0;0;3;7;10;2;0;2;5;0;14;
Mike Miller;;13;0;2;0;1;0;0;0;3;3;2;0;0;1;1;0;
IND
David West;PF;34;6;12;0;0;0;0;1;5;6;3;0;1;2;2;12;
Solomon Hill;SF;18;2;3;0;0;4;4;0;2;2;1;0;1;0;0;8;
Roy Hibbert;C;21;2;7;0;0;4;4;2;2;4;0;0;0;1;3;8;
George Hill;PG;34;4;15;0;5;7;8;1;9;10;12;2;1;2;4;15;
C.J. Miles;SG;33;4;7;2;3;3;4;0;2;2;0;1;1;0;2;13;
Luis Scola;;23;4;10;0;1;0;0;2;6;8;0;1;0;2;3;8;
Damjan Rudez;;12;1;2;1;2;0;0;0;0;0;1;0;0;1;0;3;
Ian Mahinmi;;18;3;6;0;0;1;9;1;8;9;0;1;2;0;0;7;
Rodney Stuckey;;32;8;16;3;5;0;0;1;4;5;4;1;0;0;2;19;
C.J. Watson;;16;0;2;0;1;0;0;0;2;2;2;2;1;0;1;0;
