12-03;CHI-CHA;102-95;
26-24;19-16;27-31;30-24;
CHI
Pau Gasol;PF;36;7;19;0;0;5;7;1;14;15;3;0;0;2;2;19;
Mike Dunleavy;SF;30;3;5;3;5;0;0;0;1;1;0;1;0;0;3;9;
Joakim Noah;C;32;6;9;0;0;2;4;1;9;10;7;1;0;2;3;14;
Derrick Rose;PG;28;5;12;2;7;3;3;0;2;2;5;0;0;2;2;15;
Jimmy Butler;SG;39;5;11;1;4;4;4;1;1;2;5;2;0;1;2;15;
Nikola Mirotic;;28;4;8;2;4;1;1;0;12;12;1;0;1;1;2;11;
Tony Snell;;6;0;0;0;0;0;0;0;1;1;1;0;0;0;1;0;
Aaron Brooks;;15;3;7;1;2;0;0;0;3;3;3;0;0;2;1;7;
Kirk Hinrich;;26;4;9;3;6;1;2;1;2;3;2;0;0;1;2;12;
CHA
Cody Zeller;PF;23;5;9;0;0;2;2;2;6;8;2;0;0;0;3;12;
Al Jefferson;C;33;5;13;0;0;3;4;0;7;7;2;0;0;0;2;13;
Kemba Walker;PG;36;7;18;1;3;8;9;1;4;5;4;1;2;0;4;23;
Gerald Henderson;SG;29;4;8;0;1;2;2;1;3;4;1;0;0;1;2;10;
Lance Stephenson;SG;40;9;18;0;2;2;2;1;7;8;4;1;0;4;3;20;
Marvin Williams;;25;2;5;0;2;2;2;0;3;3;0;1;0;0;2;6;
Bismack Biyombo;;15;2;4;0;0;0;0;1;3;4;0;0;0;0;1;4;
Brian Roberts;;19;1;8;1;3;0;0;0;1;1;3;0;0;0;1;3;
Jannero Pargo;;0;0;0;0;0;0;0;0;0;0;0;0;0;0;0;0;
P.J. Hairston;;19;1;7;0;4;2;2;1;1;2;1;2;1;0;3;4;
