03-23;MEM-NY;103-82;
30-20;20-28;24-13;29-21;
MEM
Zach Randolph;PF;35;9;12;0;0;5;6;3;4;7;5;0;0;2;4;23;
Jeff Green;SF;34;4;9;0;1;4;4;1;2;3;1;0;1;1;2;12;
Tony Allen;SF;27;4;5;1;1;0;2;0;7;7;3;2;1;1;0;9;
Marc Gasol;C;32;9;17;0;0;3;5;2;6;8;3;0;0;0;2;21;
Mike Conley;PG;26;3;10;1;2;0;0;0;1;1;4;0;0;2;1;7;
Jon Leuer;;3;0;0;0;0;0;0;0;1;1;0;0;0;0;0;0;
JaMychal Green;;6;0;1;0;0;0;0;1;3;4;0;0;0;0;2;0;
Kosta Koufos;;16;5;7;0;0;0;0;2;3;5;0;0;0;2;3;10;
Beno Udrih;;19;1;2;0;0;0;0;0;2;2;4;1;0;1;0;2;
Russ Smith;;2;0;1;0;1;0;0;0;0;0;0;0;0;0;1;0;
Vince Carter;;21;4;8;4;6;2;2;0;0;0;1;1;0;1;3;14;
Nick Calathes;;17;2;6;1;1;0;0;0;1;1;1;0;0;0;1;5;
Jordan Adams;;3;0;1;0;0;0;0;0;0;0;0;0;0;0;0;0;
NY
Lou Amundson;PF;22;1;2;0;0;1;2;0;6;6;1;0;1;4;3;3;
Lance Thomas;SF;38;6;12;1;3;2;2;1;1;2;1;2;0;5;4;15;
Andrea Bargnani;C;31;8;18;1;4;1;2;0;1;1;4;0;2;2;3;18;
Langston Galloway;PG;43;7;16;2;5;3;4;1;6;7;5;1;0;1;2;19;
Shane Larkin;PG;44;2;7;0;1;0;0;1;2;3;7;0;1;2;1;4;
Jason Smith;;28;6;12;0;3;4;4;2;2;4;3;0;0;1;3;16;
Quincy Acy;;12;1;5;0;2;1;1;2;4;6;0;1;0;0;0;3;
Cole Aldrich;;14;1;1;0;0;2;2;0;7;7;1;0;2;2;1;4;
Ricky Ledo;;9;0;3;0;0;0;0;1;0;1;0;0;0;0;1;0;
