03-22;NY-TOR;89-106;
23-27;18-29;25-18;23-32;
NY
Lou Amundson;PF;16;0;3;0;0;0;2;3;4;7;1;2;1;1;3;0;
Lance Thomas;SF;38;9;12;2;2;4;6;1;1;2;1;1;0;1;2;24;
Andrea Bargnani;C;33;6;13;0;0;4;4;1;2;3;1;0;2;1;2;16;
Alexey Shved;PG;17;4;10;0;2;1;1;0;2;2;2;0;0;2;1;9;
Langston Galloway;PG;38;4;14;1;6;0;0;0;2;2;7;2;0;1;2;9;
Jason Smith;;23;1;5;1;2;0;0;0;3;3;1;1;0;1;4;3;
Quincy Acy;;7;1;3;0;1;1;2;0;1;1;1;0;0;0;1;3;
Travis Wear;;9;1;4;0;0;0;0;4;1;5;1;0;0;0;0;2;
Cole Aldrich;;18;4;9;0;0;0;0;2;7;9;0;1;1;0;3;8;
Shane Larkin;;33;3;6;3;5;0;0;0;3;3;8;2;0;3;2;9;
Ricky Ledo;;8;2;5;1;1;1;1;1;0;1;1;0;0;1;3;6;
TOR
Amir Johnson;PF;24;2;6;1;3;0;2;2;4;6;3;1;0;3;1;5;
Terrence Ross;SF;31;4;7;1;1;2;3;1;2;3;0;1;0;0;2;11;
Jonas Valanciunas;C;27;6;12;0;0;5;5;1;9;10;2;0;1;2;4;17;
Greivis Vasquez;PG;34;5;8;0;1;2;2;0;0;0;1;0;0;4;1;12;
DeMar DeRozan;SG;36;8;15;1;1;6;6;1;6;7;5;0;0;2;0;23;
Tyler Hansbrough;;18;7;8;0;0;4;5;1;4;5;0;0;0;1;2;18;
James Johnson;;13;3;4;0;0;1;1;1;3;4;3;1;0;2;3;7;
Patrick Patterson;;27;0;3;0;2;0;0;1;7;8;4;1;0;1;1;0;
Bruno Caboclo;;2;0;1;0;0;0;0;0;0;0;0;0;0;0;0;0;
Louis Williams;;27;4;11;1;3;4;5;0;1;1;4;0;0;1;0;13;
Landry Fields;;1;0;0;0;0;0;0;0;0;0;0;0;0;0;0;0;
