11-12;OKC-BOS;109-94;
15-24;27-27;34-21;33-22;
OKC
Serge Ibaka;PF;30;5;10;1;3;0;0;0;4;4;0;0;1;0;1;11;
Lance Thomas;SF;39;3;5;0;0;1;2;5;8;13;6;0;0;2;2;7;
Steven Adams;C;24;3;8;0;0;3;4;2;3;5;1;0;1;3;2;9;
Reggie Jackson;PG;40;8;15;2;5;10;10;0;3;3;8;1;0;1;0;28;
Jeremy Lamb;SG;17;2;10;0;5;0;0;0;1;1;1;0;0;0;3;4;
Nick Collison;;27;4;10;2;5;2;2;0;4;4;3;0;0;0;3;12;
Kendrick Perkins;;24;3;6;0;0;0;0;1;3;4;0;0;1;1;0;6;
Sebastian Telfair;;8;1;2;1;1;1;2;0;2;2;3;0;0;0;1;4;
Andre Roberson;;0;0;0;0;0;0;0;0;0;0;0;0;0;0;0;0;
Anthony Morrow;;31;11;16;4;5;2;2;0;5;5;1;0;0;1;1;28;
BOS
Jared Sullinger;PF;34;7;13;0;3;0;0;3;8;11;6;0;0;1;2;14;
Jeff Green;SF;39;4;14;1;5;5;5;0;5;5;1;0;0;2;1;14;
Kelly Olynyk;C;32;6;10;1;3;1;2;1;1;2;4;1;2;1;4;14;
Rajon Rondo;PG;36;8;15;4;7;0;0;2;7;9;12;2;0;1;2;20;
Avery Bradley;PG;32;7;19;2;9;1;2;0;4;4;2;1;1;0;4;17;
Brandon Bass;;14;2;2;0;0;2;2;0;0;0;0;0;0;0;0;6;
Gerald Wallace;;5;0;0;0;0;0;0;0;1;1;0;0;0;0;1;0;
Tyler Zeller;;15;1;1;0;0;0;0;1;0;1;1;0;0;1;3;2;
Phil Pressey;;9;0;4;0;3;0;0;0;0;0;0;0;0;1;0;0;
James Young;;4;1;1;1;1;0;0;0;0;0;0;0;0;0;1;3;
Evan Turner;;21;1;4;0;2;2;2;0;2;2;2;1;0;1;2;4;
