10-30;DET-MIN;91-97;
21-21;23-24;21-30;26-22;
DET
Josh Smith;SF;30;5;16;0;2;0;0;2;5;7;4;0;2;3;4;10;
Kyle Singler;SF;24;2;6;1;4;0;0;1;2;3;0;0;0;1;1;5;
Andre Drummond;C;31;5;14;0;0;1;4;2;10;12;1;0;2;2;5;11;
Brandon Jennings;PG;16;2;4;0;0;0;0;1;1;2;6;0;0;2;3;4;
Kentavious Caldwell-Pope;SG;41;5;13;1;2;0;2;4;2;6;2;2;0;1;2;11;
Jonas Jerebko;;18;2;4;0;1;0;0;0;1;1;1;0;0;0;1;4;
Caron Butler;;31;10;14;4;7;0;0;3;5;8;0;0;0;1;4;24;
Joel Anthony;;17;1;2;0;0;0;0;0;4;4;0;1;1;0;2;2;
D.J. Augustin;;33;6;18;1;5;7;7;1;2;3;6;0;0;2;2;20;
MIN
Thaddeus Young;SF;34;7;13;2;4;3;3;1;4;5;2;3;0;1;3;19;
Andrew Wiggins;SF;24;4;9;0;0;0;3;0;4;4;1;1;0;3;1;8;
Nikola Pekovic;C;31;7;13;0;0;3;3;5;5;10;0;0;0;3;4;17;
Ricky Rubio;PG;29;4;10;0;0;3;5;2;5;7;8;1;0;1;5;11;
Corey Brewer;SG;29;3;6;1;1;1;2;1;3;4;1;2;0;1;0;8;
Anthony Bennett;;14;2;4;0;0;0;0;0;3;3;0;0;1;0;0;4;
Shabazz Muhammad;;12;0;0;0;0;1;2;0;1;1;0;0;0;1;1;1;
Gorgui Dieng;;17;1;2;0;0;2;2;1;4;5;0;0;2;0;0;4;
Zach LaVine;;5;0;0;0;0;0;0;0;0;0;0;0;0;0;0;0;
Mo Williams;;24;6;11;0;3;1;2;0;2;2;4;0;0;0;5;13;
Kevin Martin;;20;3;8;1;2;5;6;0;2;2;2;1;0;2;2;12;
