02-20;PHX-MIN;109-111;
24-26;18-26;35-28;32-31;
PHX
Markieff Morris;PF;37;12;21;1;2;6;7;2;2;4;2;1;2;2;2;31;
P.J. Tucker;SF;27;4;8;1;3;2;5;3;6;9;2;1;1;1;4;11;
Alex Len;C;35;4;10;0;0;3;3;5;5;10;0;0;6;2;2;11;
Eric Bledsoe;PG;36;4;11;0;2;4;6;1;6;7;6;0;0;4;4;12;
Gerald Green;SG;30;5;14;2;6;0;0;1;0;1;6;1;0;0;5;12;
Marcus Morris;;25;5;9;2;3;2;4;1;4;5;2;1;0;2;3;14;
Brandan Wright;;15;2;4;0;0;0;0;2;4;6;1;2;0;0;3;4;
T.J. Warren;;12;1;6;0;0;0;0;2;1;3;0;1;0;0;1;2;
Archie Goodwin;;21;3;6;1;1;5;6;0;3;3;4;1;0;2;4;12;
Reggie Bullock;;2;0;0;0;0;0;0;0;0;0;0;0;0;0;0;0;
MIN
Anthony Bennett;PF;9;1;4;0;0;0;0;2;2;4;0;0;0;0;1;2;
Andrew Wiggins;SF;37;9;15;0;1;2;2;2;0;2;2;1;1;2;2;20;
Nikola Pekovic;C;36;5;16;0;0;6;8;5;6;11;0;0;2;3;5;16;
Ricky Rubio;PG;37;2;10;1;3;5;6;0;8;8;14;2;0;3;5;10;
Kevin Martin;SG;35;10;16;1;6;7;9;1;5;6;2;1;0;1;0;28;
Adreian Payne;;14;0;5;0;2;1;2;1;3;4;0;0;2;0;5;1;
Shabazz Muhammad;;13;3;4;0;0;1;2;1;1;2;1;1;0;1;2;7;
Gorgui Dieng;;38;6;8;0;0;3;6;4;8;12;1;0;2;2;3;15;
Zach LaVine;;11;2;4;0;0;2;3;1;0;1;3;2;0;2;4;6;
Gary Neal;;11;2;4;2;3;0;0;0;1;1;1;0;0;0;1;6;
