03-01;CLE-HOU;103-105;
26-29;21-21;27-32;24-16;5-7;
CLE
Kevin Love;PF;35;8;19;3;8;2;2;2;4;6;3;0;0;1;4;21;
LeBron James;SF;42;15;35;4;12;3;11;2;6;8;4;3;3;4;4;37;
Timofey Mozgov;C;18;5;8;0;0;0;0;2;2;4;0;0;1;2;2;10;
J.R. Smith;SG;51;3;13;1;8;1;2;4;6;10;4;4;0;2;4;8;
Matthew Dellavedova;SG;42;1;4;1;3;0;0;1;2;3;4;2;0;2;4;3;
James Jones;;15;3;6;3;6;0;0;0;1;1;0;0;0;1;2;9;
Tristan Thompson;;37;5;9;0;0;4;4;11;8;19;1;2;1;2;5;14;
Iman Shumpert;;24;0;4;0;3;1;2;0;2;2;3;0;0;1;4;1;
Mike Miller;;0;0;0;0;0;0;0;0;0;0;0;0;0;0;0;0;
HOU
Donatas Motiejunas;PF;31;7;14;2;4;0;0;0;2;2;1;1;1;1;2;16;
Terrence Jones;PF;44;6;10;1;2;6;9;3;4;7;0;0;0;0;1;19;
Trevor Ariza;SF;42;1;4;0;3;2;2;0;7;7;3;4;2;3;5;4;
Patrick Beverley;PG;35;4;7;3;5;1;2;0;5;5;5;0;0;3;2;12;
James Harden;SG;42;8;18;2;6;15;18;2;6;8;5;3;2;5;3;33;
Josh Smith;;31;4;12;0;4;2;2;2;1;3;4;2;0;3;4;10;
Pablo Prigioni;;6;0;1;0;1;0;0;0;2;2;1;0;0;1;1;0;
Corey Brewer;;19;3;5;2;2;0;0;1;1;2;1;1;0;3;2;8;
Jason Terry;;14;1;3;1;3;0;0;0;0;0;1;0;0;0;0;3;
