03-21;PHX-HOU;117-102;
33-37;29-24;37-25;18-16;
PHX
Markieff Morris;PF;31;7;11;1;1;2;2;1;4;5;6;1;1;2;5;17;
Marcus Morris;PF;36;7;13;2;3;1;2;3;7;10;4;2;0;1;2;17;
P.J. Tucker;SF;35;8;12;3;4;0;0;1;3;4;3;1;1;1;2;19;
Alex Len;C;18;2;10;0;0;1;3;4;2;6;1;1;0;0;1;5;
Eric Bledsoe;PG;37;11;18;2;3;10;11;2;6;8;4;3;1;3;2;34;
Brandan Wright;;30;3;7;0;0;2;2;3;6;9;0;1;2;1;0;8;
T.J. Warren;;18;2;5;0;0;0;0;0;2;2;0;0;0;2;1;4;
A.J. Price;;13;1;5;0;3;0;0;0;1;1;1;0;0;0;2;2;
Archie Goodwin;;22;5;10;0;1;1;4;0;3;3;1;1;0;4;1;11;
Reggie Bullock;;1;0;1;0;0;0;0;0;1;1;0;0;0;0;0;0;
HOU
Donatas Motiejunas;PF;38;8;13;1;3;1;1;0;3;3;6;0;1;3;3;18;
Trevor Ariza;SF;37;6;13;3;8;0;0;1;11;12;5;2;0;1;1;15;
Joey Dorsey;C;14;1;1;0;0;0;0;1;2;3;1;0;1;0;2;2;
Patrick Beverley;PG;29;4;8;2;4;0;0;0;3;3;4;2;0;2;6;10;
James Harden;SG;33;5;19;1;8;5;5;1;1;2;5;0;2;5;3;16;
Josh Smith;;24;8;13;1;3;0;2;0;5;5;2;1;0;3;3;17;
Pablo Prigioni;;12;1;2;1;2;0;0;0;0;0;2;0;0;1;1;3;
K.J. McDaniels;;1;0;0;0;0;0;0;0;0;0;0;0;0;1;0;0;
Nick Johnson;;1;1;2;0;1;0;0;0;0;0;0;0;0;0;0;2;
Corey Brewer;;30;5;11;0;1;4;4;1;6;7;1;2;0;1;0;14;
Jason Terry;;21;2;5;1;4;0;0;0;1;1;2;0;1;1;2;5;
