02-25;WSH-MIN;77-97;
20-11;22-31;18-32;17-23;
WSH
Nene Hilario;PF;25;6;12;0;0;0;1;2;2;4;1;0;0;5;1;12;
Otto Porter Jr.;SF;29;6;11;1;2;0;0;1;0;1;1;0;0;1;3;13;
Marcin Gortat;C;28;4;9;0;0;1;1;2;13;15;0;0;1;0;5;9;
John Wall;PG;35;2;10;1;2;0;0;0;3;3;10;1;0;4;3;5;
Garrett Temple;SG;25;4;11;1;6;2;2;1;3;4;3;2;0;1;2;11;
Kris Humphries;;12;2;4;0;0;0;0;0;2;2;0;1;0;1;1;4;
Drew Gooden;;10;1;4;0;1;0;0;1;3;4;1;0;0;0;0;2;
Martell Webster;;15;2;5;1;3;0;0;1;1;2;0;1;0;2;3;5;
Rasual Butler;;19;1;8;0;4;0;0;0;3;3;1;0;0;2;3;2;
Kevin Seraphin;;18;4;8;0;0;0;0;2;1;3;2;0;2;1;4;8;
DeJuan Blair;;2;0;0;0;0;0;0;0;1;1;0;0;0;0;0;0;
Ramon Sessions;;20;1;5;0;0;4;4;0;1;1;2;0;0;2;2;6;
MIN
Kevin Garnett;PF;19;2;7;0;0;1;2;0;8;8;2;1;2;0;1;5;
Andrew Wiggins;SF;36;6;13;0;2;7;9;0;3;3;1;1;2;2;0;19;
Nikola Pekovic;C;35;6;14;0;0;3;4;6;7;13;1;1;0;1;1;15;
Ricky Rubio;PG;30;2;9;0;1;2;2;1;6;7;8;4;0;2;3;6;
Kevin Martin;SG;31;10;15;2;4;6;7;0;2;2;1;2;0;3;2;28;
Adreian Payne;;17;2;5;0;2;0;0;1;6;7;0;0;0;5;2;4;
Gorgui Dieng;;25;3;7;0;0;0;0;2;5;7;0;1;0;2;1;6;
Zach LaVine;;18;2;5;1;2;2;2;0;2;2;2;0;0;1;3;7;
Lorenzo Brown;;2;0;1;0;0;0;0;0;0;0;0;0;0;0;1;0;
Gary Neal;;28;2;5;1;2;2;2;0;4;4;2;0;0;0;1;7;
