12-12;CLE-NO;114-119;
33-33;26-31;17-25;38-30;
CLE
Kevin Love;PF;43;5;11;1;5;10;11;3;4;7;3;2;1;1;3;21;
LeBron James;SF;38;17;24;2;2;5;8;0;5;5;5;0;1;2;1;41;
Anderson Varejao;C;19;5;8;0;0;1;2;2;5;7;0;1;1;0;2;11;
Kyrie Irving;PG;39;7;19;1;4;2;2;1;1;2;7;1;0;2;3;17;
Shawn Marion;SG;21;3;7;0;1;0;0;0;2;2;2;0;1;0;2;6;
James Jones;;6;2;2;2;2;0;0;0;2;2;0;0;0;0;1;6;
Tristan Thompson;;30;2;6;0;0;0;0;3;7;10;1;0;2;0;3;4;
Dion Waiters;;10;1;3;0;0;0;0;0;0;0;0;1;0;0;2;2;
Matthew Dellavedova;;24;0;5;0;5;0;0;2;3;5;3;1;0;1;2;0;
Joe Harris;;11;2;4;2;3;0;0;0;0;0;1;0;0;0;0;6;
NO
Anthony Davis;PF;7;4;4;0;0;0;2;0;1;1;0;0;0;0;0;8;
Luke Babbitt;SF;30;2;6;2;5;0;0;0;5;5;0;2;0;0;2;6;
Omer Asik;C;32;3;4;0;0;3;4;3;11;14;1;0;1;0;1;9;
Jrue Holiday;PG;33;7;12;0;1;2;2;0;3;3;8;0;1;4;4;16;
Tyreke Evans;SG;40;13;24;2;6;3;5;1;1;2;10;1;1;2;0;31;
Dante Cunningham;;11;1;1;0;0;0;0;1;1;2;1;0;1;0;4;2;
Ryan Anderson;;41;9;18;8;14;4;4;1;3;4;0;1;1;0;0;30;
Jeff Withey;;13;1;2;0;0;0;1;0;4;4;0;0;1;0;1;2;
Alexis Ajinca;;3;0;0;0;0;0;0;0;1;1;0;0;0;0;1;0;
Jimmer Fredette;;7;2;3;0;1;0;0;0;1;1;0;0;0;0;0;4;
Austin Rivers;;23;2;5;0;1;7;7;0;2;2;1;1;0;1;2;11;
