02-23;TOR-NO;97-100;
28-17;28-27;18-23;23-33;
TOR
Amir Johnson;PF;35;4;9;0;1;0;2;5;1;6;0;2;0;1;2;8;
James Johnson;PF;35;7;10;1;2;0;0;1;4;5;1;1;1;1;4;15;
Jonas Valanciunas;C;36;5;10;0;0;7;10;5;9;14;1;1;1;1;3;17;
Kyle Lowry;PG;34;8;19;1;6;5;6;1;1;2;5;3;0;1;3;22;
DeMar DeRozan;SG;31;6;15;0;1;2;4;1;3;4;1;1;0;1;1;14;
Tyler Hansbrough;;8;0;0;0;0;0;0;1;1;2;0;0;0;0;1;0;
Terrence Ross;;22;2;7;2;5;0;0;0;2;2;0;1;0;0;1;6;
Greivis Vasquez;;14;2;6;0;3;2;2;2;1;3;3;1;0;0;0;6;
Louis Williams;;25;1;8;1;5;6;7;0;2;2;2;2;0;3;0;9;
NO
Dante Cunningham;PF;31;2;4;0;0;1;2;2;4;6;1;1;1;1;2;5;
Omer Asik;C;31;4;6;0;0;6;10;4;7;11;0;0;2;1;4;14;
Eric Gordon;SG;41;4;14;3;9;0;0;0;8;8;4;2;1;5;0;11;
Tyreke Evans;SG;34;5;13;2;4;1;2;1;3;4;12;1;1;4;3;13;
Quincy Pondexter;SG;22;1;6;0;2;0;0;0;0;0;0;0;1;0;1;2;
Luke Babbitt;;23;7;9;4;5;0;0;0;8;8;2;1;0;0;1;18;
Jeff Withey;;5;2;3;0;0;0;0;1;0;1;0;0;0;0;0;4;
Alexis Ajinca;;27;8;12;0;0;0;0;4;5;9;2;0;1;5;5;16;
Norris Cole;;25;7;11;1;2;0;0;0;1;1;6;1;0;1;4;15;
Jimmer Fredette;;0;0;0;0;0;2;2;0;0;0;0;0;0;0;0;2;
