03-13;MIA-TOR;92-102;
18-21;23-29;22-28;29-24;
MIA
Luol Deng;SF;35;3;11;0;3;2;2;2;4;6;3;1;0;2;2;8;
Henry Walker;SF;22;3;12;2;9;0;0;0;2;2;2;4;0;0;3;8;
Hassan Whiteside;C;24;4;6;0;0;1;4;2;10;12;0;1;3;3;3;9;
Dwyane Wade;SG;33;9;13;1;2;6;8;0;3;3;4;1;1;5;1;25;
Goran Dragic;SG;39;8;17;0;4;2;2;0;3;3;5;2;0;2;2;18;
Chris Andersen;;19;0;2;0;1;2;2;1;4;5;2;0;1;1;1;2;
Michael Beasley;;26;4;10;1;2;2;2;2;7;9;1;1;0;2;4;11;
Mario Chalmers;;30;3;5;1;1;1;2;0;3;3;3;0;0;3;4;8;
Tyler Johnson;;12;1;3;0;1;1;2;0;1;1;1;1;0;2;2;3;
TOR
Tyler Hansbrough;PF;27;1;1;0;0;1;2;0;5;5;1;1;0;0;2;3;
Amir Johnson;PF;25;5;8;0;0;3;5;0;3;3;2;1;1;1;3;13;
Terrence Ross;SF;20;3;8;3;7;0;0;0;2;2;0;0;1;0;2;9;
Kyle Lowry;PG;37;7;12;5;8;0;0;1;7;8;8;7;1;4;3;19;
DeMar DeRozan;SG;38;3;12;0;1;12;13;3;3;6;6;0;0;3;4;18;
James Johnson;;13;3;5;0;0;1;3;0;5;5;1;2;1;1;2;7;
Patrick Patterson;;22;3;7;0;3;0;0;0;5;5;2;0;1;2;4;6;
Chuck Hayes;;9;0;3;0;0;1;2;2;2;4;2;1;0;0;1;1;
Greivis Vasquez;;26;5;11;2;6;0;0;0;1;1;2;0;0;4;1;12;
Louis Williams;;23;4;12;2;8;4;6;3;1;4;2;0;0;2;0;14;
