01-09;UTAH-OKC;94-99;
27-27;23-17;26-30;18-25;
UTAH
Derrick Favors;PF;37;9;17;0;0;4;6;4;7;11;1;0;3;4;2;22;
Gordon Hayward;SF;37;11;18;1;5;4;6;0;4;4;4;3;0;5;1;27;
Joe Ingles;SF;24;0;5;0;4;1;2;0;3;3;5;0;0;0;2;1;
Rudy Gobert;C;38;1;2;0;0;2;2;2;5;7;3;3;7;3;2;4;
Trey Burke;PG;38;8;15;2;4;2;2;1;4;5;5;2;0;2;0;20;
Trevor Booker;;21;3;8;0;1;2;4;2;7;9;0;1;0;1;2;8;
Dante Exum;;16;1;3;1;3;0;0;0;1;1;4;1;0;2;1;3;
Elijah Millsap;;30;3;6;3;4;0;0;0;4;4;0;2;1;3;4;9;
OKC
Serge Ibaka;PF;32;5;14;2;3;0;0;1;6;7;0;2;1;0;3;12;
Kevin Durant;SF;36;14;21;2;7;2;2;1;4;5;6;1;1;2;2;32;
Steven Adams;C;22;1;3;0;0;0;0;2;2;4;0;0;1;2;2;2;
Russell Westbrook;PG;38;9;17;1;1;6;6;1;3;4;12;3;0;3;3;25;
Andre Roberson;SG;14;1;4;0;1;0;0;1;1;2;1;2;0;0;1;2;
Nick Collison;;14;0;2;0;1;0;0;0;2;2;2;0;1;0;2;0;
Kendrick Perkins;;25;2;4;0;0;0;0;1;6;7;1;0;1;3;2;4;
Reggie Jackson;;15;2;6;1;1;0;0;0;3;3;0;0;0;1;0;5;
Anthony Morrow;;16;1;6;0;3;0;0;0;1;1;2;0;0;1;1;2;
Dion Waiters;;27;7;14;1;4;0;1;2;1;3;1;4;0;2;2;15;
