03-06;CHI-IND;84-98;
20-23;22-22;24-21;18-32;
CHI
Pau Gasol;PF;35;7;17;0;1;4;4;3;7;10;1;0;1;3;4;18;
Mike Dunleavy;SF;32;4;9;2;6;4;4;3;6;9;1;0;0;2;1;14;
Tony Snell;SF;25;2;5;2;3;2;2;1;1;2;1;0;0;0;1;8;
Joakim Noah;C;31;2;5;0;0;0;0;4;3;7;11;1;0;1;2;4;
Aaron Brooks;PG;24;2;11;0;2;0;0;0;1;1;2;0;1;1;2;4;
Nikola Mirotic;;31;3;13;0;6;4;5;1;7;8;0;2;0;3;5;10;
Doug McDermott;;16;8;17;0;1;0;0;2;1;3;1;0;0;0;3;16;
Kirk Hinrich;;23;2;5;1;3;0;0;0;2;2;2;0;0;0;4;5;
E'Twaun Moore;;23;1;4;0;1;3;4;0;2;2;1;2;1;1;3;5;
IND
David West;PF;24;5;8;0;0;0;0;1;9;10;5;0;0;3;5;10;
Solomon Hill;SF;26;5;10;2;5;4;4;1;4;5;0;3;1;0;1;16;
Roy Hibbert;C;20;2;7;0;0;2;2;0;3;3;0;1;1;0;2;6;
George Hill;PG;24;3;9;1;2;0;0;2;1;3;6;1;1;1;5;7;
C.J. Miles;SG;26;4;12;2;8;0;0;1;1;2;0;0;0;0;0;10;
Luis Scola;;24;2;5;0;0;3;4;2;4;6;3;0;0;1;3;7;
Damjan Rudez;;12;2;4;1;2;0;0;0;0;0;0;0;0;0;0;5;
Ian Mahinmi;;27;4;7;0;0;6;10;6;5;11;0;1;1;2;4;14;
Rodney Stuckey;;32;5;13;0;3;2;4;2;5;7;5;0;0;1;1;12;
C.J. Watson;;24;2;5;0;0;7;9;0;4;4;4;1;0;3;1;11;
