01-17;GS-HOU;131-106;
31-31;33-28;38-21;29-26;
GS
Harrison Barnes;SF;24;4;7;2;4;0;0;3;3;6;0;1;0;1;3;10;
Draymond Green;SF;21;3;6;1;4;4;6;0;4;4;2;3;1;1;3;11;
Andrew Bogut;C;20;1;2;0;0;0;0;1;5;6;2;0;2;3;3;2;
Stephen Curry;PG;33;9;18;2;8;7;8;3;4;7;11;3;1;2;0;27;
Klay Thompson;SG;31;9;15;3;5;6;9;0;5;5;2;1;5;1;0;27;
David Lee;;25;8;13;0;0;2;5;4;4;8;1;0;1;1;3;18;
Marreese Speights;;20;6;12;0;0;3;4;0;5;5;3;0;1;0;4;15;
Shaun Livingston;;15;0;5;0;0;0;0;0;3;3;2;0;0;0;1;0;
Justin Holiday;;17;2;4;0;0;0;0;0;1;1;4;1;0;0;1;4;
Brandon Rush;;4;1;1;0;0;0;0;0;1;1;0;0;0;0;0;2;
Leandro Barbosa;;4;3;3;0;0;0;0;0;0;0;1;0;0;0;0;6;
Andre Iguodala;;27;4;5;1;1;0;1;1;2;3;4;2;0;5;3;9;
HOU
Donatas Motiejunas;PF;22;4;8;1;1;5;5;3;4;7;2;1;1;1;4;14;
Trevor Ariza;SF;30;2;5;1;3;2;2;0;3;3;4;0;0;0;2;7;
Dwight Howard;C;35;9;15;0;0;5;7;1;9;10;3;0;0;4;4;23;
Patrick Beverley;PG;35;4;13;2;5;1;1;0;2;2;4;3;0;2;3;11;
James Harden;SG;30;4;15;0;4;4;7;1;3;4;4;1;0;3;5;12;
Kostas Papanikolaou;;13;2;5;1;3;0;0;0;3;3;2;1;0;0;0;5;
Josh Smith;;17;5;10;1;1;3;4;2;1;3;1;0;0;2;1;14;
Joey Dorsey;;6;2;2;0;0;0;3;2;0;2;0;0;0;2;1;4;
Alexey Shved;;5;2;3;0;0;1;1;0;1;1;0;1;0;1;0;5;
Jason Terry;;13;0;3;0;3;2;2;0;0;0;0;0;0;0;2;2;
Corey Brewer;;33;3;9;1;3;2;2;1;3;4;2;3;1;2;2;9;
