01-14;MEM-BKN;103-92;
32-23;19-22;31-20;21-27;
MEM
Zach Randolph;PF;32;8;11;0;0;4;8;5;9;14;3;1;0;0;2;20;
Tony Allen;SF;25;6;9;0;2;1;1;2;2;4;0;2;1;1;2;13;
Marc Gasol;C;31;6;11;0;0;6;7;2;6;8;1;2;0;1;3;18;
Mike Conley;PG;24;3;10;0;3;0;0;0;1;1;2;0;2;2;3;6;
Courtney Lee;SG;30;7;10;3;4;1;1;0;0;0;3;0;0;0;1;18;
Jon Leuer;;4;0;0;0;0;0;0;0;0;0;0;0;0;0;0;0;
Jarnell Stokes;;2;0;1;0;0;1;2;1;0;1;0;0;0;0;0;1;
Jeff Green;;27;3;11;0;4;4;4;1;2;3;2;0;0;1;2;10;
Kosta Koufos;;17;2;5;0;0;2;2;3;3;6;0;1;0;1;1;6;
Beno Udrih;;18;2;6;0;1;2;2;0;3;3;2;1;0;0;1;6;
Vince Carter;;14;0;4;0;3;0;0;0;0;0;2;2;0;0;1;0;
Nick Calathes;;12;2;5;0;0;1;2;0;1;1;3;4;0;3;2;5;
Jordan Adams;;2;0;0;0;0;0;0;0;0;0;0;0;0;0;1;0;
BKN
Joe Johnson;SF;38;3;12;2;5;0;0;0;2;2;3;1;0;1;1;8;
Brook Lopez;C;27;5;9;0;0;1;1;1;3;4;1;0;0;2;4;11;
Mason Plumlee;C;33;7;9;0;0;1;1;1;8;9;2;1;1;2;3;15;
Jarrett Jack;PG;33;4;12;0;3;2;3;1;1;2;6;0;0;3;3;10;
Bojan Bogdanovic;SG;24;5;8;1;3;0;0;2;4;6;1;1;0;2;1;11;
Cory Jefferson;;7;1;1;0;0;0;0;0;2;2;1;1;0;0;3;2;
Mirza Teletovic;;19;4;8;4;7;0;0;0;6;6;1;0;0;1;3;12;
Jerome Jordan;;7;0;0;0;0;2;2;1;1;2;0;0;0;0;2;2;
Darius Morris;;20;5;7;1;1;0;1;0;1;1;2;1;0;3;4;11;
Markel Brown;;3;0;1;0;1;2;2;0;1;1;0;0;0;2;0;2;
Sergey Karasev;;2;0;0;0;0;0;0;0;0;0;0;0;0;0;0;0;
Alan Anderson;;27;2;8;2;6;2;2;0;1;1;2;0;0;2;1;8;
