12-03;LAL-WSH;95-111;
33-27;19-27;17-24;26-33;
LAL
Carlos Boozer;PF;26;5;9;0;0;0;0;2;6;8;0;1;0;2;3;10;
Wesley Johnson;SF;28;2;6;2;5;0;0;0;3;3;1;1;1;0;0;6;
Jordan Hill;C;23;3;6;0;0;2;2;1;5;6;0;0;0;0;0;8;
Jeremy Lin;PG;21;0;10;0;6;0;0;2;2;4;5;0;1;4;2;0;
Kobe Bryant;SG;34;8;22;2;6;11;14;0;4;4;3;1;0;4;4;29;
Ed Davis;;22;1;2;0;0;2;3;3;5;8;0;1;1;0;5;4;
Nick Young;;24;7;14;5;8;2;2;0;2;2;0;1;1;1;2;21;
Robert Sacre;;20;3;9;0;0;0;0;1;4;5;3;0;2;0;1;6;
Ronnie Price;;27;4;4;3;3;0;0;0;2;2;4;2;0;2;3;11;
Wayne Ellington;;14;0;3;0;1;0;0;0;1;1;0;1;0;0;0;0;
WSH
Kris Humphries;PF;30;3;7;0;0;0;0;4;16;20;1;2;1;1;3;6;
Paul Pierce;SF;24;6;15;0;5;2;4;3;2;5;2;0;1;0;2;14;
Marcin Gortat;C;34;9;13;0;0;3;3;3;8;11;2;1;0;0;2;21;
John Wall;PG;37;6;18;1;5;4;5;0;4;4;16;0;1;4;3;17;
Bradley Beal;SG;37;11;19;3;4;2;2;1;1;2;7;1;0;1;2;27;
Drew Gooden;;17;0;2;0;2;0;0;0;5;5;0;0;0;1;1;0;
Otto Porter Jr.;;12;1;5;0;0;2;2;0;1;1;0;0;0;0;1;4;
Rasual Butler;;24;5;7;2;3;2;2;0;4;4;1;2;0;0;1;14;
Kevin Seraphin;;14;2;4;0;0;0;1;1;0;1;1;0;0;1;0;4;
Andre Miller;;11;2;3;0;0;0;0;0;0;0;3;0;0;3;0;4;
