03-03;HOU-ATL;96-104;
31-22;28-23;22-27;15-32;
HOU
Donatas Motiejunas;PF;35;5;14;3;6;1;2;2;6;8;7;3;0;0;2;14;
Terrence Jones;PF;37;8;11;0;0;2;6;3;5;8;2;0;3;1;3;18;
Trevor Ariza;SF;38;4;12;1;7;0;0;0;5;5;2;1;0;2;1;9;
Patrick Beverley;PG;34;3;9;3;8;0;0;0;5;5;7;1;1;2;6;9;
Corey Brewer;SG;31;4;14;0;3;0;0;1;2;3;2;1;0;2;3;8;
Josh Smith;;24;6;14;2;6;0;0;2;5;7;3;0;2;3;3;14;
Pablo Prigioni;;13;1;3;1;3;0;0;0;1;1;5;0;0;1;1;3;
Jason Terry;;28;8;13;4;8;1;1;0;4;4;2;0;0;1;2;21;
ATL
Paul Millsap;PF;33;6;16;0;3;4;4;2;12;14;4;2;1;2;4;16;
DeMarre Carroll;SF;35;4;6;1;2;2;2;2;3;5;0;0;1;2;2;11;
Al Horford;C;36;9;14;0;0;0;0;2;6;8;1;0;3;3;1;18;
Jeff Teague;PG;31;7;12;2;4;9;11;1;1;2;6;1;0;5;1;25;
Kyle Korver;SG;31;2;6;1;5;0;0;0;1;1;2;0;1;0;1;5;
Mike Scott;;14;4;10;1;5;0;0;2;2;4;0;0;0;0;0;9;
Pero Antic;;13;1;3;1;3;0;0;0;2;2;2;0;0;0;1;3;
Dennis Schroder;;27;6;14;2;4;2;2;0;4;4;8;0;0;1;2;16;
Kent Bazemore;;20;0;5;0;3;1;2;0;9;9;0;0;0;2;1;1;
