04-01;NO-LAL;113-92;
29-31;31-18;30-21;23-22;
NO
Anthony Davis;PF;35;9;15;0;0;2;2;1;6;7;6;1;4;1;1;20;
Omer Asik;C;22;4;7;0;0;0;0;5;5;10;0;0;1;0;0;8;
Eric Gordon;SG;28;2;5;2;3;4;6;0;2;2;5;0;0;2;3;10;
Tyreke Evans;SG;28;6;10;2;4;2;2;0;2;2;8;0;0;1;4;16;
Quincy Pondexter;SG;18;4;5;2;3;0;0;0;1;1;2;0;0;0;2;10;
Ryan Anderson;;22;5;11;2;4;5;6;0;3;3;1;0;0;0;1;17;
Dante Cunningham;;20;3;4;0;0;0;0;0;2;2;1;0;0;0;0;6;
Luke Babbitt;;3;0;0;0;0;0;0;0;0;0;0;0;0;0;0;0;
Jeff Withey;;3;0;0;0;0;1;2;0;1;1;0;0;1;1;2;1;
Alexis Ajinca;;14;2;6;0;0;2;2;1;2;3;1;0;0;0;1;6;
Norris Cole;;27;8;12;1;2;0;0;1;1;2;4;1;1;0;0;17;
Jimmer Fredette;;2;0;0;0;0;0;0;0;0;0;1;0;0;0;0;0;
Toney Douglas;;18;1;3;0;0;0;1;1;6;7;2;1;0;1;4;2;
LAL
Ryan Kelly;PF;30;5;9;1;4;1;2;0;1;1;3;0;0;0;4;12;
Tarik Black;PF;28;8;10;0;0;0;1;1;2;3;0;0;1;0;3;16;
Wesley Johnson;SF;26;2;8;0;2;1;2;3;5;8;2;0;0;0;0;5;
Jeremy Lin;PG;28;3;10;0;0;4;6;1;2;3;3;1;0;0;1;10;
Jordan Clarkson;PG;31;7;9;1;1;3;4;2;5;7;10;0;0;1;2;18;
Carlos Boozer;;18;2;9;0;0;0;0;0;3;3;1;2;0;0;3;4;
Jordan Hill;;20;4;10;0;1;2;2;4;3;7;0;0;1;2;1;10;
Jabari Brown;;30;2;8;1;2;1;2;1;0;1;1;0;0;1;1;6;
Wayne Ellington;;28;4;10;2;6;1;2;0;2;2;2;1;0;1;2;11;
