02-03;MIA-DET;91-108;
12-33;27-20;28-32;24-23;
MIA
Luol Deng;SF;30;3;9;0;2;4;5;1;4;5;3;0;0;2;0;10;
Chris Bosh;C;34;14;23;3;5;3;4;0;3;3;2;1;0;2;0;34;
Hassan Whiteside;C;24;5;12;0;0;1;2;5;5;10;0;0;5;1;3;11;
Mario Chalmers;PG;28;0;2;0;1;1;2;0;2;2;5;0;0;0;1;1;
Shabazz Napier;PG;15;0;0;0;0;0;0;0;2;2;4;0;0;0;1;0;
Chris Andersen;;21;5;7;0;0;2;4;1;4;5;0;0;1;1;1;12;
Udonis Haslem;;6;0;3;0;0;1;2;0;0;0;1;0;0;0;0;1;
James Ennis;;10;0;1;0;1;0;0;0;0;0;0;0;0;2;1;0;
Danny Granger;;16;3;6;2;4;2;2;0;4;4;0;0;0;0;2;10;
Justin Hamilton;;3;2;2;1;1;0;0;1;0;1;0;0;0;0;0;5;
Norris Cole;;33;1;5;0;0;0;0;0;0;0;8;0;0;0;2;2;
Tyler Johnson;;20;2;4;0;0;1;2;0;3;3;0;0;0;0;3;5;
DET
Greg Monroe;PF;28;6;11;0;0;0;0;1;8;9;2;1;1;2;5;12;
Kyle Singler;SF;30;5;8;3;3;0;0;0;1;1;4;0;0;0;1;13;
Andre Drummond;C;34;6;11;0;0;2;2;6;8;14;1;0;2;0;2;14;
D.J. Augustin;PG;35;8;14;2;3;7;7;0;4;4;13;1;0;0;0;25;
Kentavious Caldwell-Pope;SG;29;8;19;1;3;1;3;4;0;4;1;3;0;0;0;18;
Jonas Jerebko;;5;0;1;0;1;0;0;0;0;0;0;0;0;0;0;0;
Anthony Tolliver;;21;1;4;1;2;0;0;1;1;2;0;0;0;2;3;3;
Caron Butler;;18;3;4;1;2;0;0;0;4;4;1;1;0;0;3;7;
Joel Anthony;;8;1;1;0;0;1;2;2;1;3;0;0;2;0;1;3;
Spencer Dinwiddie;;7;0;0;0;0;0;0;0;0;0;2;0;0;0;1;0;
John Lucas III;;6;1;4;1;2;0;0;0;1;1;1;0;0;0;0;3;
Jodie Meeks;;19;3;11;0;4;4;4;0;3;3;2;1;0;2;1;10;
