11-28;DAL-TOR;106-102;
26-21;22-22;23-21;35-38;
DAL
Dirk Nowitzki;PF;32;6;19;1;7;2;3;0;8;8;1;0;1;0;2;15;
Chandler Parsons;SF;36;6;11;2;4;2;3;1;6;7;2;0;0;0;3;16;
Tyson Chandler;C;35;5;7;0;0;1;2;3;7;10;1;0;4;1;0;11;
Devin Harris;PG;33;1;4;1;3;5;6;0;2;2;6;1;1;2;3;8;
Monta Ellis;SG;36;12;25;3;5;3;4;0;1;1;6;3;1;3;1;30;
Brandan Wright;;15;2;7;0;0;0;0;1;1;2;0;0;1;1;1;4;
Jae Crowder;;5;1;1;1;1;0;0;0;0;0;0;0;0;0;2;3;
Al-Farouq Aminu;;24;5;6;2;3;2;4;0;2;2;2;0;1;0;3;14;
J.J. Barea;;23;2;6;1;3;0;0;1;4;5;9;3;0;1;2;5;
TOR
Amir Johnson;PF;30;9;15;2;2;0;0;6;3;9;0;1;1;1;4;20;
Terrence Ross;SF;23;3;8;1;4;0;0;1;0;1;0;1;0;1;1;7;
Jonas Valanciunas;C;28;2;5;0;0;4;4;1;12;13;0;1;0;0;1;8;
Kyle Lowry;PG;32;9;22;3;10;4;4;1;6;7;4;1;0;2;3;25;
DeMar DeRozan;SG;20;0;8;0;0;0;0;1;3;4;2;0;0;2;2;0;
James Johnson;;17;1;2;0;0;0;0;1;3;4;1;0;0;2;3;2;
Patrick Patterson;;30;4;9;2;5;0;2;4;8;12;2;0;0;2;2;10;
Chuck Hayes;;5;0;0;0;0;0;0;0;1;1;1;0;0;1;0;0;
Greivis Vasquez;;25;5;11;4;5;0;1;0;3;3;6;1;0;3;4;14;
Louis Williams;;30;5;11;2;7;4;5;0;1;1;1;2;0;3;3;16;
