01-17;PHI-DET;89-107;
21-31;16-25;25-25;27-26;
PHI
Luc Richard Mbah a Moute;PF;22;5;8;1;3;0;0;1;5;6;1;0;0;1;0;11;
Robert Covington;SF;28;3;9;2;6;1;1;1;1;2;2;1;0;2;0;9;
Nerlens Noel;C;24;3;7;0;0;1;2;2;5;7;0;1;2;2;2;7;
Michael Carter-Williams;PG;24;6;12;1;3;2;2;1;0;1;6;1;0;4;1;15;
K.J. McDaniels;SG;27;2;10;0;3;0;0;1;2;3;1;1;1;3;4;4;
Malcolm Thomas;;7;1;2;0;1;0;0;0;1;1;0;0;0;0;0;2;
Furkan Aldemir;;12;1;2;0;0;0;0;1;4;5;1;1;0;0;2;2;
Jerami Grant;;21;2;7;1;4;0;0;0;1;1;1;2;1;3;1;5;
Henry Sims;;17;5;6;0;0;2;2;3;7;10;1;1;0;3;2;12;
JaKarr Sampson;;16;4;5;1;2;0;0;0;1;1;2;0;0;0;1;9;
Hollis Thompson;;19;3;7;1;4;0;0;0;3;3;0;1;1;1;3;7;
Larry Drew II;;24;3;7;0;2;0;0;0;2;2;9;1;0;3;0;6;
DET
Greg Monroe;PF;32;4;11;0;0;4;4;6;7;13;4;2;1;3;2;12;
Kyle Singler;SF;26;7;12;6;8;0;0;1;1;2;1;1;0;2;2;20;
Andre Drummond;C;30;4;15;0;0;0;0;7;8;15;0;1;3;0;4;8;
Brandon Jennings;PG;22;3;9;2;6;2;2;0;1;1;6;1;0;4;1;10;
Kentavious Caldwell-Pope;SG;35;6;11;3;6;2;2;0;3;3;2;0;1;1;0;17;
Jonas Jerebko;;8;1;2;1;2;0;0;1;0;1;0;1;0;2;2;3;
Anthony Tolliver;;24;6;10;2;5;2;5;3;3;6;2;2;0;1;1;16;
Cartier Martin;;2;0;1;0;1;0;0;0;1;1;0;0;0;0;0;0;
Caron Butler;;7;0;2;0;1;0;0;0;0;0;0;0;0;0;1;0;
Joel Anthony;;2;0;1;0;0;0;0;0;0;0;0;0;0;0;0;0;
D.J. Augustin;;26;3;6;0;3;0;0;0;3;3;10;2;0;2;2;6;
Jodie Meeks;;26;4;8;1;3;6;6;0;2;2;2;6;0;1;1;15;
