11-10;ATL-NY;91-85;
17-16;21-22;26-21;27-26;
ATL
Paul Millsap;PF;34;6;14;3;4;4;4;1;3;4;2;3;0;4;3;19;
DeMarre Carroll;SF;36;2;7;1;3;4;4;4;6;10;2;1;0;2;1;9;
Al Horford;C;32;5;9;0;0;2;2;1;5;6;1;1;2;1;2;12;
Jeff Teague;PG;25;0;4;0;3;3;4;0;0;0;6;0;1;3;1;3;
Kyle Korver;SG;33;4;13;3;9;6;6;1;7;8;2;0;0;0;2;17;
Mike Scott;;14;2;7;2;3;2;2;0;2;2;0;0;0;1;2;8;
Pero Antic;;17;2;4;1;3;0;0;0;2;2;0;0;0;0;2;5;
Thabo Sefolosha;;21;2;5;0;1;0;0;1;1;2;3;1;0;0;3;4;
Dennis Schroder;;28;4;8;0;1;6;6;1;3;4;4;1;0;4;0;14;
NY
Carmelo Anthony;SF;42;11;25;0;5;3;5;1;8;9;7;0;0;3;3;25;
Samuel Dalembert;C;16;0;0;0;0;0;0;2;5;7;0;0;0;3;1;0;
Shane Larkin;PG;25;1;5;0;1;0;0;0;0;0;2;3;0;0;3;2;
Iman Shumpert;SG;30;8;12;2;4;0;0;1;2;3;5;0;0;4;5;18;
Tim Hardaway Jr.;SG;22;6;11;2;4;1;1;1;0;1;1;0;1;1;1;15;
Jason Smith;;21;3;7;0;0;0;0;2;2;4;1;0;0;0;3;6;
Cleanthony Early;;8;0;4;0;2;0;0;0;1;1;1;0;1;0;1;0;
Amar'e Stoudemire;;26;2;5;0;0;0;2;3;7;10;1;0;0;0;6;4;
Pablo Prigioni;;22;1;3;0;2;1;2;1;1;2;3;1;0;2;1;3;
J.R. Smith;;27;4;11;2;8;2;2;0;3;3;2;0;0;2;2;12;
