01-21;LAL-NO;80-96;
20-22;24-21;24-26;12-27;
LAL
Ed Davis;PF;31;3;9;0;0;1;1;4;4;8;1;1;1;3;2;7;
Wesley Johnson;SF;29;2;11;0;5;4;5;0;4;4;4;2;0;1;2;8;
Jordan Hill;C;34;7;14;0;0;1;2;5;8;13;1;0;0;3;4;15;
Ronnie Price;PG;27;0;2;0;2;2;2;0;0;0;2;1;0;0;3;2;
Kobe Bryant;SG;30;6;14;1;5;1;1;0;7;7;2;0;1;4;2;14;
Carlos Boozer;;20;2;6;0;0;2;2;1;1;2;0;0;0;1;1;6;
Nick Young;;19;3;11;2;5;1;1;0;1;1;1;1;0;1;1;9;
Robert Sacre;;10;0;2;0;0;0;0;0;2;2;0;1;1;0;2;0;
Jeremy Lin;;21;2;4;1;1;2;2;0;0;0;3;4;1;3;1;7;
Wayne Ellington;;18;3;4;2;2;4;5;0;4;4;2;2;0;0;3;12;
NO
Dante Cunningham;PF;24;0;3;0;0;1;2;1;3;4;0;0;0;1;1;1;
Anthony Davis;PF;37;11;18;0;0;7;8;1;7;8;1;3;4;3;2;29;
Omer Asik;C;30;3;4;0;0;0;0;0;10;10;2;0;0;1;2;6;
Eric Gordon;SG;39;7;13;1;4;2;2;0;5;5;10;1;0;1;2;17;
Tyreke Evans;SG;33;8;19;1;4;2;3;2;2;4;4;1;0;4;2;19;
Ryan Anderson;;23;2;7;1;4;1;2;1;3;4;1;0;1;2;0;6;
Alexis Ajinca;;6;0;1;0;0;0;0;2;2;4;0;0;0;0;0;0;
Nate Wolters;;22;3;8;0;1;0;0;3;3;6;1;2;0;3;2;6;
Quincy Pondexter;;26;4;10;0;3;4;4;0;0;0;2;1;0;0;1;12;
