01-15;CLE-LAL;109-102;
30-30;27-31;22-14;30-27;
CLE
Kevin Love;PF;37;4;12;1;6;8;9;1;6;7;1;1;0;1;2;17;
LeBron James;SF;38;12;23;4;9;8;13;1;3;4;5;2;0;1;2;36;
Timofey Mozgov;C;23;2;5;0;0;0;0;3;6;9;1;0;1;1;2;4;
Kyrie Irving;PG;37;9;16;0;4;4;4;2;0;2;3;2;0;5;2;22;
J.R. Smith;SG;37;5;13;3;10;1;2;0;4;4;2;1;0;0;1;14;
Tristan Thompson;;32;2;5;0;0;1;2;5;6;11;0;0;2;1;2;5;
Matthew Dellavedova;;11;2;2;1;1;1;2;0;0;0;1;1;0;0;2;6;
Shawn Marion;;25;1;2;0;0;3;4;0;1;1;1;1;0;0;2;5;
LAL
Ed Davis;PF;22;3;5;0;0;2;4;2;3;5;0;0;0;1;2;8;
Wesley Johnson;SF;29;3;5;2;4;0;0;0;4;4;2;0;0;0;3;8;
Jordan Hill;C;32;10;14;0;0;0;0;1;5;6;1;3;1;1;2;20;
Ronnie Price;PG;27;1;5;0;2;3;4;0;2;2;1;1;0;1;3;5;
Kobe Bryant;SG;32;7;14;3;6;2;3;1;5;6;17;0;0;3;0;19;
Carlos Boozer;;23;4;6;0;0;1;2;1;0;1;1;0;0;1;1;9;
Ryan Kelly;;21;1;6;0;3;0;0;1;2;3;0;0;0;1;4;2;
Tarik Black;;16;3;4;0;0;2;3;1;3;4;1;0;0;1;4;8;
Nick Young;;22;4;13;2;8;4;5;0;2;2;0;0;0;0;4;14;
Jeremy Lin;;15;3;4;1;1;2;2;1;1;2;3;0;0;2;3;9;
