04-13;NO-MIN;100-88;
22-20;28-15;23-27;27-26;
NO
Anthony Davis;PF;36;8;14;0;0;8;8;4;7;11;5;2;6;1;3;24;
Omer Asik;C;24;3;6;0;0;0;0;2;4;6;0;1;0;1;2;6;
Eric Gordon;SG;29;7;14;4;8;4;6;0;3;3;2;0;0;1;1;22;
Tyreke Evans;SG;31;8;14;1;1;5;6;2;1;3;5;2;0;3;2;22;
Quincy Pondexter;SG;24;0;5;0;4;0;0;0;2;2;0;0;1;0;4;0;
Ryan Anderson;;18;2;8;0;2;1;1;0;2;2;0;0;0;0;1;5;
Dante Cunningham;;24;2;4;0;1;1;2;0;5;5;0;0;1;0;1;5;
Alexis Ajinca;;18;2;6;0;0;1;1;2;4;6;1;0;1;1;3;5;
Norris Cole;;20;3;8;1;3;0;0;0;1;1;1;0;0;1;3;7;
Toney Douglas;;16;2;5;0;2;0;0;0;0;0;1;1;0;1;3;4;
MIN
Adreian Payne;PF;20;1;8;0;0;0;0;0;2;2;0;0;1;1;4;2;
Chase Budinger;SF;30;4;7;1;2;9;10;1;7;8;3;0;0;1;1;18;
Andrew Wiggins;SF;44;5;16;0;2;5;8;3;3;6;2;0;1;2;1;15;
Justin Hamilton;C;27;3;7;0;1;1;2;0;2;2;1;1;5;1;1;7;
Zach LaVine;PG;45;8;24;2;6;6;6;0;5;5;7;0;0;3;5;24;
Robbie Hummel;;33;5;9;1;2;0;0;2;8;10;2;0;0;0;4;11;
Arinze Onuaku;;16;4;4;0;0;1;2;1;7;8;0;0;2;1;3;9;
Lorenzo Brown;;25;1;3;0;1;0;0;1;1;2;4;0;1;2;3;2;
