03-20;POR-ORL;104-111;
19-25;37-33;25-17;23-36;
POR
LaMarcus Aldridge;PF;36;12;24;2;4;5;6;1;9;10;2;0;1;0;1;31;
Nicolas Batum;SF;34;2;5;1;3;3;3;2;9;11;4;1;0;5;3;8;
Robin Lopez;C;26;3;4;0;0;4;4;3;0;3;0;0;0;1;1;10;
Damian Lillard;PG;37;6;15;0;5;6;6;1;3;4;4;1;0;1;1;18;
Arron Afflalo;SG;32;3;9;1;4;0;0;0;3;3;0;0;1;3;2;7;
Allen Crabbe;;1;1;1;0;0;0;0;0;0;0;1;0;0;0;0;2;
Alonzo Gee;;8;0;1;0;0;0;0;0;1;1;0;1;0;0;1;0;
Dorell Wright;;5;0;1;0;1;0;0;0;1;1;0;0;0;0;0;0;
Meyers Leonard;;16;2;5;1;3;0;0;2;3;5;2;0;0;1;2;5;
Joel Freeland;;6;0;1;0;0;0;0;0;0;0;0;0;0;0;2;0;
Chris Kaman;;9;4;4;0;0;0;1;2;2;4;0;0;0;1;1;8;
Steve Blake;;10;0;1;0;0;0;0;0;2;2;0;0;0;0;0;0;
C.J. McCollum;;19;5;9;2;4;3;4;0;0;0;0;1;0;1;5;15;
ORL
Channing Frye;PF;31;3;7;1;2;3;3;1;2;3;1;0;0;1;1;10;
Maurice Harkless;SF;28;1;6;0;1;0;2;2;1;3;0;1;1;0;2;2;
Nikola Vucevic;C;32;10;22;0;1;2;3;4;4;8;1;1;0;1;3;22;
Elfrid Payton;PG;37;10;13;0;0;2;2;5;5;10;10;4;0;1;2;22;
Victor Oladipo;SG;36;7;23;2;3;6;6;4;4;8;4;0;0;2;3;22;
Aaron Gordon;;18;1;3;0;0;2;2;2;4;6;0;1;0;0;2;4;
Andrew Nicholson;;18;3;7;0;1;3;4;0;4;4;0;2;0;1;2;9;
Kyle O'Quinn;;14;2;4;0;1;0;0;0;3;3;1;0;0;0;3;4;
Luke Ridnour;;10;2;3;1;1;0;0;0;2;2;2;0;0;1;3;5;
Ben Gordon;;17;4;6;1;2;2;2;0;3;3;3;0;0;0;1;11;
