11-30;GS-DET;104-93;
21-24;32-16;29-31;22-22;
GS
Harrison Barnes;SF;33;3;8;0;3;3;4;1;8;9;2;1;0;1;1;9;
Draymond Green;SF;33;7;13;5;8;1;2;1;5;6;2;1;0;4;4;20;
Andrew Bogut;C;29;3;7;0;0;0;0;3;6;9;2;0;5;2;4;6;
Stephen Curry;PG;28;5;9;1;3;5;6;1;2;3;10;1;0;1;2;16;
Klay Thompson;SG;35;5;11;2;2;3;3;0;3;3;2;1;0;3;1;15;
Marreese Speights;;19;4;14;0;1;3;4;3;9;12;0;0;2;2;3;11;
Shaun Livingston;;23;5;7;0;1;2;2;0;4;4;3;0;0;2;1;12;
Leandro Barbosa;;13;4;5;0;0;0;0;0;0;0;0;0;0;0;3;8;
Andre Iguodala;;27;1;5;1;3;4;6;0;3;3;3;1;1;1;0;7;
DET
Josh Smith;SF;34;6;18;0;1;2;4;4;5;9;12;4;1;1;3;14;
Kyle Singler;SF;28;3;8;2;4;1;1;0;4;4;4;2;1;0;1;9;
Andre Drummond;C;24;1;8;0;0;0;0;2;5;7;1;0;2;1;4;2;
Brandon Jennings;PG;35;6;19;3;7;7;7;2;2;4;6;1;0;1;0;22;
Kentavious Caldwell-Pope;SG;36;8;15;4;7;3;5;1;3;4;1;2;0;2;2;23;
Jonas Jerebko;;7;0;1;0;0;0;0;1;1;2;0;1;0;1;0;0;
Greg Monroe;;31;5;12;0;0;3;7;5;5;10;0;0;1;3;3;13;
Cartier Martin;;14;2;4;1;3;0;0;0;0;0;0;0;0;0;1;5;
Caron Butler;;18;0;2;0;0;0;0;0;4;4;0;1;0;1;3;0;
D.J. Augustin;;13;2;4;1;1;0;0;0;0;0;1;0;0;3;3;5;
