11-09;PHI-TOR;88-120;
20-33;25-27;18-28;25-32;
PHI
Luc Richard Mbah a Moute;PF;29;4;8;0;2;0;0;2;2;4;0;0;0;1;1;8;
Henry Sims;C;29;5;11;0;0;2;2;5;3;8;3;1;0;1;2;12;
Tony Wroten;SG;32;6;16;1;4;5;7;0;3;3;5;1;0;3;3;18;
Hollis Thompson;SG;30;1;5;0;3;0;1;0;2;2;0;3;0;1;3;2;
JaKarr Sampson;SG;20;1;8;0;2;2;4;1;2;3;3;0;0;0;5;4;
Brandon Davies;;29;1;6;1;3;0;0;1;6;7;3;1;0;5;2;3;
Chris Johnson;;29;5;12;4;9;2;2;0;1;1;1;3;2;0;5;16;
Alexey Shved;;16;5;11;3;7;1;1;1;1;2;3;0;0;2;1;14;
K.J. McDaniels;;28;5;10;1;4;0;1;1;0;1;1;2;4;4;1;11;
TOR
Amir Johnson;PF;18;2;3;1;1;0;0;0;3;3;1;0;0;1;4;5;
Terrence Ross;SF;29;6;11;4;7;1;2;1;4;5;1;2;2;1;0;17;
Jonas Valanciunas;C;23;4;6;0;0;4;4;1;4;5;0;1;2;5;3;12;
Kyle Lowry;PG;25;5;10;0;3;4;4;1;1;2;3;1;0;4;1;14;
DeMar DeRozan;SG;26;8;12;0;0;8;8;1;5;6;2;2;1;3;1;24;
Tyler Hansbrough;;19;2;2;0;0;3;4;0;6;6;1;1;0;0;2;7;
James Johnson;;21;4;5;0;1;0;0;0;4;4;3;0;2;2;1;8;
Patrick Patterson;;21;1;2;0;1;0;0;0;3;3;3;1;1;0;1;2;
Chuck Hayes;;6;0;3;0;0;0;0;0;1;1;2;0;0;0;1;0;
Greg Stiemsma;;3;0;0;0;0;0;0;0;0;0;0;0;0;0;1;0;
Greivis Vasquez;;26;5;11;1;2;2;2;0;4;4;6;1;0;1;2;13;
Louis Williams;;18;5;9;1;2;5;6;0;0;0;1;2;0;2;0;16;
Landry Fields;;6;1;2;0;0;0;0;0;0;0;0;1;0;1;0;2;
