02-04;WSH-ATL;96-105;
18-29;28-30;28-18;22-28;
WSH
Nene Hilario;PF;29;7;12;0;0;3;5;0;3;3;1;0;0;0;3;17;
Paul Pierce;SF;25;1;5;0;2;2;2;1;3;4;2;1;0;2;5;4;
Marcin Gortat;C;29;4;5;0;0;6;6;2;7;9;2;0;1;3;6;14;
John Wall;PG;39;9;15;3;5;3;4;0;7;7;9;1;0;2;3;24;
Bradley Beal;SG;39;8;19;0;4;7;10;1;1;2;2;2;0;1;2;23;
Kris Humphries;;19;0;4;0;0;0;0;0;6;6;0;1;1;0;1;0;
Otto Porter Jr.;;20;1;7;0;2;1;1;0;3;3;1;0;0;1;1;3;
Martell Webster;;5;1;1;1;1;0;0;0;0;0;1;1;0;1;1;3;
Rasual Butler;;1;0;0;0;0;0;0;0;0;0;0;0;0;0;0;0;
Kevin Seraphin;;18;1;3;0;0;0;0;1;4;5;1;0;0;2;1;2;
Garrett Temple;;18;2;6;0;2;2;2;0;2;2;0;1;0;0;1;6;
ATL
Paul Millsap;PF;33;4;7;2;3;1;2;0;7;7;1;3;1;1;4;11;
DeMarre Carroll;SF;33;4;10;3;7;3;4;0;2;2;0;1;0;1;2;14;
Al Horford;C;34;10;24;0;0;1;1;6;7;13;2;1;1;1;0;21;
Jeff Teague;PG;31;9;13;2;4;6;8;0;2;2;8;2;0;4;5;26;
Kyle Korver;SG;37;1;7;1;6;3;3;0;5;5;6;0;0;1;2;6;
Mike Scott;;14;2;4;1;2;0;0;0;3;3;1;0;0;0;2;5;
Pero Antic;;14;3;5;1;2;2;4;1;5;6;1;0;0;1;2;9;
Dennis Schroder;;18;4;8;0;0;2;3;0;3;3;4;0;0;1;3;10;
John Jenkins;;1;0;0;0;0;0;0;0;0;0;0;0;0;0;0;0;
Kent Bazemore;;24;1;2;1;1;0;2;2;3;5;1;0;0;4;2;3;
