04-13;ORL-MIA;93-100;
22-33;17-24;27-27;27-16;
ORL
Aaron Gordon;PF;32;2;14;0;2;1;2;3;3;6;2;2;2;1;2;5;
Tobias Harris;SF;40;11;15;2;4;2;3;2;10;12;1;0;0;0;3;26;
Nikola Vucevic;C;19;1;7;0;0;1;2;2;2;4;2;0;0;0;3;3;
Elfrid Payton;PG;38;4;9;0;0;2;3;0;1;1;7;3;0;0;2;10;
Victor Oladipo;SG;42;10;23;2;7;8;12;2;4;6;1;4;2;4;4;30;
Channing Frye;;12;1;3;1;2;0;0;1;1;2;1;0;0;0;1;3;
Andrew Nicholson;;4;0;0;0;0;0;0;0;0;0;0;0;0;1;2;0;
Maurice Harkless;;20;3;5;0;2;2;4;0;2;2;0;0;0;1;1;8;
Dewayne Dedmon;;13;1;2;0;0;1;2;1;3;4;0;0;0;0;2;3;
Willie Green;;20;2;7;1;4;0;0;0;4;4;0;1;0;1;3;5;
MIA
Udonis Haslem;PF;16;2;3;0;0;0;0;1;3;4;0;0;0;2;4;4;
Luol Deng;SF;40;4;11;2;3;4;6;4;6;10;4;2;0;0;0;14;
Hassan Whiteside;C;36;10;14;0;0;4;5;1;12;13;0;0;5;2;3;24;
Dwyane Wade;SG;34;8;21;0;2;6;7;1;3;4;5;0;2;5;1;22;
Goran Dragic;SG;39;6;15;0;2;1;1;4;3;7;8;0;0;1;3;13;
Chris Andersen;;9;4;5;0;0;2;2;0;5;5;0;0;1;0;2;10;
James Ennis;;33;2;5;0;0;0;0;0;0;0;1;0;1;0;2;4;
Michael Beasley;;8;0;1;0;0;0;0;0;3;3;0;0;0;3;1;0;
Mario Chalmers;;21;3;7;1;3;2;2;0;3;3;3;0;0;0;3;9;
Tyler Johnson;;4;0;1;0;0;0;0;0;1;1;0;0;0;0;0;0;
