11-21;DET-ATL;89-99;
25-29;15-21;24-24;25-25;
DET
Greg Monroe;PF;21;4;7;0;0;2;2;2;6;8;2;0;0;2;3;10;
Josh Smith;SF;35;8;19;0;1;0;0;2;6;8;5;0;1;1;4;16;
Andre Drummond;C;38;5;12;0;0;3;4;7;9;16;0;1;1;2;1;13;
Brandon Jennings;PG;23;2;6;0;4;5;5;0;2;2;2;1;0;4;2;9;
Kentavious Caldwell-Pope;SG;32;1;7;0;2;2;2;0;0;0;0;3;0;0;2;4;
Jonas Jerebko;;13;0;1;0;0;4;4;0;0;0;0;0;1;1;0;4;
Caron Butler;;30;3;8;2;5;2;2;1;3;4;2;0;0;1;3;10;
Kyle Singler;;23;4;6;1;3;0;0;0;2;2;0;1;0;0;3;9;
D.J. Augustin;;25;4;17;1;6;5;5;1;4;5;1;0;0;1;2;14;
ATL
Paul Millsap;PF;37;5;12;0;2;5;10;3;9;12;4;2;0;2;3;15;
DeMarre Carroll;SF;31;4;10;1;6;1;4;1;6;7;2;0;0;0;4;10;
Al Horford;C;32;7;12;0;0;0;0;0;2;2;1;0;2;0;2;14;
Jeff Teague;PG;34;9;15;2;3;8;8;0;4;4;6;2;2;3;3;28;
Kyle Korver;SG;36;5;6;2;3;0;0;0;4;4;4;0;0;2;1;12;
Mike Scott;;11;2;4;0;1;0;0;0;2;2;0;1;0;0;1;4;
Pero Antic;;16;2;5;0;3;2;2;2;4;6;1;1;1;0;1;6;
Thabo Sefolosha;;17;1;4;0;2;2;2;2;5;7;0;0;0;0;3;4;
Shelvin Mack;;12;0;3;0;2;0;0;0;1;1;0;1;0;0;0;0;
Dennis Schroder;;14;3;9;0;2;0;0;0;1;1;2;0;0;2;0;6;
