12-14;UTAH-WSH;84-93;
24-22;18-15;16-30;26-26;
UTAH
Gordon Hayward;SF;34;4;14;0;3;8;9;1;6;7;3;1;1;2;3;16;
Enes Kanter;C;34;5;14;0;0;0;0;5;6;11;2;0;1;4;4;10;
Rudy Gobert;C;31;3;5;0;0;1;2;3;6;9;1;2;3;3;2;7;
Alec Burks;PG;35;5;11;3;4;6;8;1;1;2;2;0;0;3;3;19;
Trey Burke;PG;34;7;16;1;3;0;0;1;4;5;2;2;0;2;1;15;
Trevor Booker;;25;3;7;0;2;2;6;1;8;9;0;1;0;1;2;8;
Joe Ingles;;10;0;1;0;1;0;0;0;0;0;0;0;0;0;0;0;
Jeremy Evans;;5;1;3;0;1;1;1;0;0;0;0;0;1;0;2;3;
Dante Exum;;12;1;2;1;1;0;0;0;1;1;2;1;0;1;0;3;
Rodney Hood;;18;1;5;0;2;1;2;0;1;1;1;1;1;1;1;3;
Ian Clark;;2;0;0;0;0;0;0;0;0;0;0;0;0;0;0;0;
WSH
Kris Humphries;PF;26;1;4;0;0;0;0;0;4;4;1;0;1;0;3;2;
Paul Pierce;SF;25;5;8;1;3;4;4;0;0;0;1;2;0;1;4;15;
Marcin Gortat;C;31;2;8;0;0;1;2;2;5;7;2;0;1;3;1;5;
John Wall;PG;36;8;15;0;2;0;2;2;4;6;8;5;3;5;1;16;
Bradley Beal;SG;37;9;17;2;5;2;2;0;7;7;4;2;0;2;0;22;
Nene Hilario;;23;5;8;0;0;0;1;1;5;6;0;0;1;1;3;10;
Otto Porter Jr.;;11;1;4;0;0;0;0;0;3;3;0;0;0;1;1;2;
Rasual Butler;;23;3;7;1;3;0;0;0;1;1;1;1;1;1;4;7;
Kevin Seraphin;;16;2;7;0;0;0;1;3;1;4;0;0;2;1;3;4;
Andre Miller;;12;5;6;0;0;0;0;2;1;3;3;1;0;0;1;10;
Garrett Temple;;1;0;0;0;0;0;0;0;0;0;0;0;0;0;0;0;
