02-27;SA-SAC;107-96;
20-25;29-21;31-32;27-18;
SA
Tim Duncan;PF;29;4;13;0;0;4;6;1;5;6;3;0;1;1;0;12;
Kawhi Leonard;SF;36;7;14;1;3;2;2;1;6;7;5;1;2;0;3;17;
Tiago Splitter;C;24;2;8;0;0;2;3;3;6;9;0;1;3;0;1;6;
Tony Parker;PG;30;7;16;1;2;4;4;1;4;5;4;0;0;0;0;19;
Danny Green;SG;12;2;5;2;4;2;2;0;3;3;2;4;0;3;4;8;
Reggie Williams;;2;0;1;0;0;0;0;0;1;1;0;0;0;0;1;0;
Marco Belinelli;;27;1;6;1;4;5;5;0;3;3;0;1;0;1;1;8;
Aron Baynes;;18;1;3;0;0;6;6;1;0;1;3;0;0;0;2;8;
Matt Bonner;;3;0;0;0;0;0;0;0;1;1;0;0;0;0;0;0;
Boris Diaw;;20;3;7;1;3;0;0;2;1;3;0;0;0;0;1;7;
Patty Mills;;8;2;4;0;2;0;0;0;1;1;1;0;0;0;0;4;
Cory Joseph;;12;0;1;0;0;2;2;0;0;0;0;1;0;0;2;2;
Manu Ginobili;;20;6;10;2;5;2;2;1;1;2;0;0;1;0;1;16;
SAC
Carl Landry;PF;18;4;8;0;0;0;0;0;5;5;0;0;0;0;4;8;
Jason Thompson;PF;33;6;10;0;0;0;0;3;8;11;2;0;1;1;3;12;
Rudy Gay;SF;36;6;15;0;0;4;4;2;4;6;4;1;0;8;3;16;
Ray McCallum;PG;36;10;17;0;1;0;0;0;0;0;3;1;0;1;5;20;
Ben McLemore;SG;35;5;8;1;2;10;12;0;4;4;2;0;0;0;2;21;
Derrick Williams;;8;0;2;0;0;0;0;0;1;1;0;0;0;1;2;0;
Omri Casspi;;24;3;9;0;0;0;0;1;3;4;0;1;0;0;3;6;
Ryan Hollins;;12;0;0;0;0;0;0;0;0;0;0;0;1;1;1;0;
Reggie Evans;;21;0;3;0;0;3;4;1;10;11;1;0;0;3;2;3;
Andre Miller;;17;4;7;0;1;2;3;0;5;5;3;0;0;2;3;10;
