12-06;MIN-SA;101-123;
23-31;28-37;25-28;25-27;
MIN
Thaddeus Young;SF;25;5;8;0;0;4;6;0;1;1;4;4;1;1;2;14;
Andrew Wiggins;SF;34;3;13;0;0;0;0;0;1;1;0;0;0;2;2;6;
Gorgui Dieng;C;26;1;4;0;0;6;6;4;3;7;1;1;1;1;4;8;
Zach LaVine;PG;42;8;15;2;4;4;5;0;3;3;10;2;0;2;4;22;
Corey Brewer;SG;24;3;10;1;4;0;0;0;2;2;3;1;0;1;3;7;
Anthony Bennett;;27;6;11;0;1;2;2;0;10;10;2;1;0;0;2;14;
Shabazz Muhammad;;21;7;12;1;2;5;9;3;0;3;0;0;0;0;1;20;
Chase Budinger;;7;1;5;1;3;0;0;0;1;1;0;0;0;1;1;3;
Jeff Adrien;;6;0;0;0;0;0;0;1;1;2;0;0;0;0;1;0;
Robbie Hummel;;16;0;1;0;0;0;0;0;2;2;0;0;0;0;1;0;
Glenn Robinson III;;12;1;4;1;2;4;4;0;1;1;0;1;0;0;1;7;
SA
Tim Duncan;PF;19;5;11;0;0;3;3;4;6;10;5;0;2;3;4;13;
Kawhi Leonard;SF;27;7;12;0;2;4;5;0;3;3;4;1;0;3;2;18;
Matt Bonner;C;25;4;6;2;3;0;0;0;1;1;1;0;0;0;1;10;
Cory Joseph;PG;33;7;10;0;0;4;4;1;3;4;5;1;0;0;0;18;
Danny Green;SG;28;4;9;1;4;2;2;2;6;8;3;2;1;4;3;11;
Jeff Ayres;;9;3;4;0;0;0;0;1;0;1;1;0;0;1;1;6;
Kyle Anderson;;18;1;3;0;0;1;2;0;5;5;1;0;1;1;2;3;
Marco Belinelli;;28;7;12;4;6;2;2;0;2;2;6;0;0;1;1;20;
Austin Daye;;9;1;3;0;1;0;0;0;1;1;0;0;0;1;2;2;
Aron Baynes;;20;2;2;0;0;1;1;0;5;5;0;0;2;1;3;5;
Boris Diaw;;23;6;10;0;2;5;6;0;3;3;4;1;0;1;5;17;
