12-15;SA-POR;95-108;
20-23;23-25;25-28;27-32;
SA
Kawhi Leonard;SF;33;7;18;0;0;7;8;0;9;9;4;0;1;4;1;21;
Boris Diaw;C;36;4;9;1;4;1;3;2;2;4;9;1;1;0;5;10;
Aron Baynes;C;32;6;9;0;0;3;4;2;7;9;0;1;0;3;4;15;
Cory Joseph;PG;37;5;10;1;1;1;2;2;3;5;1;1;0;3;3;12;
Danny Green;SG;30;5;11;2;4;0;0;1;2;3;1;1;1;2;2;12;
Jeff Ayres;;16;2;2;0;0;0;0;0;1;1;1;1;0;1;0;4;
Kyle Anderson;;20;6;7;0;0;3;5;0;5;5;1;0;1;1;2;15;
Marco Belinelli;;23;3;9;0;1;0;0;2;1;3;2;0;0;1;3;6;
Austin Daye;;7;0;2;0;1;0;0;0;2;2;0;0;0;0;1;0;
Matt Bonner;;6;0;1;0;0;0;0;0;1;1;0;0;0;0;0;0;
POR
LaMarcus Aldridge;PF;33;10;21;0;0;3;3;5;9;14;1;1;0;3;2;23;
Nicolas Batum;SF;34;3;8;1;5;0;0;0;0;0;6;1;0;0;2;7;
Robin Lopez;C;19;1;7;0;0;2;2;0;5;5;0;0;0;1;0;4;
Damian Lillard;PG;34;8;18;1;3;6;6;3;7;10;6;2;0;2;3;23;
Wesley Matthews;SG;35;5;10;3;5;1;2;0;1;1;0;3;0;1;2;14;
Thomas Robinson;;9;2;2;0;0;3;4;0;3;3;0;0;0;2;2;7;
Allen Crabbe;;14;3;4;1;2;1;1;0;1;1;0;1;2;1;4;8;
Meyers Leonard;;1;0;0;0;0;0;0;1;0;1;0;0;0;0;0;0;
Joel Freeland;;15;3;6;0;0;0;0;1;3;4;0;0;0;0;1;6;
Chris Kaman;;20;4;6;0;0;3;4;1;2;3;0;0;0;0;2;11;
Steve Blake;;18;1;4;0;2;0;0;0;2;2;3;0;0;0;0;2;
Will Barton;;8;1;3;1;1;0;0;0;2;2;2;0;0;1;1;3;
