03-31;ATL-DET;95-105;
28-33;22-19;22-24;23-29;
ATL
Paul Millsap;PF;24;1;7;0;2;2;3;0;4;4;4;2;0;0;2;4;
DeMarre Carroll;SF;24;5;7;0;1;0;1;2;2;4;0;0;0;2;1;10;
Al Horford;C;24;8;10;0;0;0;0;2;3;5;2;0;0;2;2;16;
Jeff Teague;PG;24;4;7;1;2;0;0;1;0;1;4;1;0;2;1;9;
Kyle Korver;SG;24;4;7;3;4;0;1;0;3;3;2;0;0;3;0;11;
Mike Muscala;;24;2;9;0;1;2;2;6;7;13;1;0;0;3;3;6;
Pero Antic;;17;0;7;0;5;0;0;0;1;1;0;1;0;0;1;0;
Austin Daye;;7;1;1;1;1;0;0;0;1;1;2;2;0;1;1;3;
Thabo Sefolosha;;24;7;14;2;3;3;3;1;4;5;2;1;0;1;1;19;
Shelvin Mack;;24;6;9;0;2;0;0;0;3;3;5;1;0;2;0;12;
Kent Bazemore;;24;2;6;1;4;0;0;0;3;3;3;0;0;1;2;5;
DET
Anthony Tolliver;PF;40;4;9;3;7;2;2;1;9;10;1;0;0;1;1;13;
Caron Butler;SF;23;3;6;1;3;0;0;0;0;0;1;1;0;2;1;7;
Andre Drummond;C;31;8;11;0;0;6;11;6;7;13;1;2;1;1;1;22;
Reggie Jackson;PG;22;5;9;2;3;0;0;0;4;4;11;0;0;2;1;12;
Kentavious Caldwell-Pope;SG;32;7;16;3;9;1;1;0;1;1;3;1;0;0;2;18;
Tayshaun Prince;;25;4;9;1;1;0;0;1;2;3;2;2;1;2;0;9;
Shawne Williams;;8;0;4;0;2;2;2;1;1;2;0;0;0;0;2;2;
Joel Anthony;;17;2;2;0;0;1;1;0;4;4;1;1;4;0;3;5;
Spencer Dinwiddie;;4;0;0;0;0;0;0;0;0;0;2;0;0;0;2;0;
John Lucas III;;22;7;11;1;3;0;0;0;1;1;3;2;0;2;1;15;
Jodie Meeks;;16;1;6;0;1;0;0;0;0;0;1;2;0;1;0;2;
