12-07;MIA-MEM;87-103;
26-28;22-27;27-27;12-21;
MIA
Josh McRoberts;PF;28;6;8;2;3;0;0;3;2;5;5;0;0;3;3;14;
Luol Deng;SF;27;6;12;1;1;0;0;2;3;5;1;1;0;0;1;13;
Chris Bosh;C;36;6;12;0;1;0;2;0;2;2;2;3;1;1;0;12;
Norris Cole;PG;25;2;6;0;2;0;0;0;1;1;4;1;0;0;1;4;
Dwyane Wade;SG;35;11;20;0;0;3;5;1;1;2;6;1;0;5;2;25;
Udonis Haslem;;18;0;3;0;0;0;0;3;5;8;1;0;0;0;0;0;
James Ennis;;7;1;1;1;1;0;0;0;0;0;0;0;0;0;0;3;
Shawne Williams;;12;2;7;0;4;0;0;1;2;3;0;0;1;0;2;4;
Hassan Whiteside;;1;0;0;0;0;0;0;0;0;0;0;0;0;0;0;0;
Justin Hamilton;;1;0;0;0;0;0;0;0;0;0;0;0;0;0;0;0;
Mario Chalmers;;31;5;10;1;3;1;1;0;3;3;2;4;0;2;3;12;
Shabazz Napier;;18;0;1;0;1;0;0;0;1;1;0;0;0;0;0;0;
MEM
Zach Randolph;PF;24;8;15;0;0;1;1;3;3;6;2;1;0;0;0;17;
Tony Allen;SF;22;6;8;0;0;2;4;1;4;5;2;2;0;2;5;14;
Marc Gasol;C;28;1;6;0;0;0;0;0;6;6;7;0;1;2;1;2;
Mike Conley;PG;28;8;8;2;2;0;0;0;0;0;2;0;0;3;0;18;
Courtney Lee;SG;37;7;9;3;3;0;0;0;1;1;3;2;0;0;2;17;
Jon Leuer;;24;7;12;2;3;4;4;2;10;12;1;2;1;1;1;20;
Jarnell Stokes;;1;0;0;0;0;0;0;0;0;0;0;0;0;0;0;0;
Tayshaun Prince;;29;3;8;1;3;2;2;1;1;2;0;0;0;0;0;9;
Kosta Koufos;;19;1;2;0;0;0;0;0;2;2;0;0;2;1;4;2;
Beno Udrih;;19;2;3;0;0;0;0;0;2;2;6;0;0;3;0;4;
Nick Calathes;;1;0;0;0;0;0;0;0;0;0;0;0;0;0;0;0;
Quincy Pondexter;;8;0;2;0;2;0;0;0;2;2;1;0;0;0;1;0;
