02-07;BOS-MIL;93-96;
23-23;23-30;29-27;18-16;
BOS
Brandon Bass;PF;16;1;4;0;0;2;2;1;2;3;0;0;0;3;0;4;
Jared Sullinger;PF;31;8;14;0;3;1;2;2;5;7;2;2;1;0;2;17;
Avery Bradley;PG;38;4;15;2;9;0;0;0;3;3;2;0;0;0;4;10;
Marcus Smart;PG;36;4;8;2;5;3;5;2;3;5;1;0;0;3;5;13;
Evan Turner;SG;34;3;8;0;1;1;2;0;7;7;7;2;0;3;2;7;
Jae Crowder;;30;4;11;0;3;2;2;1;5;6;4;0;0;0;3;10;
Tayshaun Prince;;18;4;9;0;1;0;0;2;3;5;3;1;0;0;0;8;
Tyler Zeller;;17;3;6;0;0;4;4;1;3;4;0;0;0;2;2;10;
Marcus Thornton;;20;5;11;3;7;1;3;2;2;4;1;2;0;0;1;14;
MIL
Jared Dudley;SF;24;3;6;2;4;0;0;1;1;2;1;0;0;0;3;8;
Giannis Antetokounmpo;SF;37;6;10;0;0;2;4;3;8;11;5;1;2;3;3;14;
John Henson;C;25;3;6;0;0;3;4;1;4;5;1;0;3;1;4;9;
Brandon Knight;PG;38;9;17;4;8;4;6;0;4;4;5;0;1;2;0;26;
Khris Middleton;SG;35;5;10;1;3;0;0;0;8;8;2;2;0;2;0;11;
Ersan Ilyasova;;18;4;7;1;2;0;0;0;2;2;0;0;0;3;4;9;
Jorge Gutierrez;;10;0;1;0;0;0;0;1;1;2;2;0;0;0;1;0;
Jerryd Bayless;;25;4;7;0;0;1;1;0;4;4;2;1;0;1;3;9;
O.J. Mayo;;28;3;11;0;3;4;4;0;2;2;3;2;0;0;2;10;
