01-10;SA-MIN;108-93;
27-18;31-25;26-21;24-29;
SA
Tim Duncan;PF;21;5;6;0;0;3;4;0;6;6;2;0;1;2;1;13;
Austin Daye;SF;36;8;14;4;9;2;2;2;8;10;1;1;0;1;4;22;
Boris Diaw;C;32;5;14;1;2;0;0;2;3;5;3;1;0;1;3;11;
Tony Parker;PG;25;5;11;0;1;2;2;0;5;5;1;0;0;3;2;12;
Danny Green;SG;30;2;6;1;4;2;2;0;5;5;4;1;0;0;2;7;
Kyle Anderson;;2;0;0;0;0;0;0;0;1;1;0;0;0;0;0;0;
Aron Baynes;;2;0;0;0;0;0;0;0;1;1;0;0;0;1;0;0;
Tiago Splitter;;17;2;7;0;0;3;4;2;2;4;1;1;1;1;2;7;
Matt Bonner;;22;2;7;1;4;0;0;2;2;4;1;1;0;1;2;5;
Patty Mills;;26;7;11;2;4;3;4;1;1;2;3;1;0;0;3;19;
Cory Joseph;;27;5;8;0;0;2;2;0;2;2;5;3;0;1;0;12;
MIN
Thaddeus Young;SF;24;2;8;0;1;0;0;0;5;5;2;1;0;0;2;4;
Chase Budinger;SF;18;1;6;0;1;0;0;1;4;5;0;1;0;0;1;2;
Andrew Wiggins;SF;37;5;11;0;0;8;8;0;3;3;2;0;0;4;2;18;
Gorgui Dieng;C;31;7;11;0;0;4;4;5;7;12;1;1;4;0;1;18;
Mo Williams;PG;32;2;10;1;4;5;5;0;4;4;6;1;0;3;2;10;
Anthony Bennett;;25;2;7;0;2;2;2;0;6;6;0;0;0;0;3;6;
Robbie Hummel;;25;4;8;0;1;1;1;1;2;3;0;1;0;1;1;9;
Miroslav Raduljica;;6;1;2;0;0;2;2;0;1;1;0;0;0;1;2;4;
Zach LaVine;;26;7;14;1;3;4;4;0;0;0;4;1;0;3;3;19;
Glenn Robinson III;;2;0;1;0;0;0;0;0;1;1;0;1;0;0;0;0;
Troy Daniels;;14;1;3;1;3;0;0;0;2;2;2;0;0;1;1;3;
