12-23;GS-LAL;105-115;
24-34;24-29;25-32;32-20;
GS
Harrison Barnes;SF;28;2;6;1;1;0;0;3;1;4;0;0;1;0;2;5;
Draymond Green;SF;23;1;6;0;0;0;0;0;3;3;2;0;0;1;2;2;
Festus Ezeli;C;14;4;8;0;0;2;2;2;0;2;1;0;0;1;1;10;
Stephen Curry;PG;30;10;14;2;5;0;0;0;2;2;6;3;0;7;0;22;
Klay Thompson;SG;30;6;15;4;8;2;2;1;2;3;1;1;1;1;1;18;
David Lee;;18;4;8;0;0;4;4;0;7;7;1;1;0;1;1;12;
Ognjen Kuzmic;;6;1;1;0;0;0;0;0;1;1;1;1;0;0;0;2;
Marreese Speights;;20;3;8;0;1;0;0;1;4;5;2;0;0;2;4;6;
Shaun Livingston;;17;1;2;0;0;3;4;1;1;2;3;1;0;1;1;5;
Justin Holiday;;19;3;6;2;4;3;3;1;3;4;0;1;0;1;2;11;
Leandro Barbosa;;13;3;5;2;3;1;2;2;1;3;2;0;0;1;1;9;
Andre Iguodala;;15;1;4;1;3;0;0;0;0;0;0;0;0;3;1;3;
Brandon Rush;;6;0;1;0;1;0;0;0;3;3;1;0;0;0;2;0;
LAL
Ed Davis;PF;21;7;7;0;0;0;0;2;3;5;2;1;2;0;0;14;
Wesley Johnson;SF;25;5;10;2;4;2;2;0;3;3;3;1;0;1;0;14;
Jordan Hill;C;18;1;5;0;0;2;4;1;5;6;1;0;4;1;0;4;
Ronnie Price;PG;31;6;10;3;7;2;2;1;3;4;8;3;0;3;2;17;
Wayne Ellington;SG;25;5;9;2;4;0;0;0;5;5;2;1;0;3;1;12;
Carlos Boozer;;26;8;11;0;0;2;6;4;5;9;3;0;1;5;2;18;
Nick Young;;30;5;13;2;6;3;3;1;4;5;1;1;1;1;3;15;
Robert Sacre;;23;3;6;0;0;0;0;2;0;2;3;0;2;0;1;6;
Jeremy Lin;;25;4;11;3;5;0;0;0;1;1;5;3;0;1;4;11;
Jordan Clarkson;;15;2;7;0;0;0;0;2;0;2;0;1;0;1;2;4;
