03-04;DEN-MIN;100-85;
26-27;34-16;17-22;23-20;
DEN
Kenneth Faried;PF;33;8;14;0;0;2;3;4;10;14;2;2;2;3;3;18;
Wilson Chandler;SF;26;4;10;1;3;0;0;3;4;7;1;0;0;2;1;9;
Danilo Gallinari;SF;32;5;10;3;6;3;3;1;4;5;3;1;0;0;2;16;
Ty Lawson;PG;25;0;9;0;1;0;0;3;4;7;9;1;0;1;3;0;
Randy Foye;SG;18;4;7;2;2;0;0;0;2;2;1;0;0;2;0;10;
Joffrey Lauvergne;;11;3;8;0;0;0;0;2;2;4;0;0;0;0;2;6;
J.J. Hickson;;14;3;6;0;0;0;0;0;2;2;0;1;1;1;3;6;
Darrell Arthur;;15;3;4;0;0;0;0;0;0;0;0;0;0;1;1;6;
Erick Green;;2;0;0;0;0;0;0;0;0;0;0;0;0;0;0;0;
Jameer Nelson;;25;6;10;0;3;0;0;0;2;2;9;1;0;3;1;12;
Will Barton;;30;6;11;2;4;3;4;1;5;6;2;2;0;0;3;17;
Gary Harris;;9;0;3;0;1;0;0;0;2;2;0;0;0;0;2;0;
MIN
Kevin Garnett;PF;21;5;6;0;0;1;2;0;6;6;2;0;1;0;3;11;
Andrew Wiggins;SF;38;8;16;0;2;4;8;2;3;5;1;0;1;0;3;20;
Nikola Pekovic;C;15;2;6;0;0;2;2;0;5;5;0;2;0;0;1;6;
Ricky Rubio;PG;41;4;13;0;3;2;2;2;1;3;10;1;0;4;0;10;
Kevin Martin;SG;30;3;15;1;6;2;3;1;2;3;2;0;0;1;1;9;
Adreian Payne;;23;1;4;0;0;3;4;2;4;6;0;2;1;2;0;5;
Gorgui Dieng;;33;2;5;0;0;4;4;4;6;10;0;1;2;3;4;8;
Zach LaVine;;10;1;4;1;3;0;0;1;1;2;1;0;0;2;2;3;
Gary Neal;;29;6;13;1;4;0;0;0;3;3;2;1;0;0;2;13;
