11-22;WSH-MIL;111-100;
21-28;26-24;27-18;37-30;
WSH
Nene Hilario;PF;6;1;2;0;0;0;0;0;0;0;0;0;0;3;1;2;
Paul Pierce;SF;28;8;16;4;5;5;7;2;8;10;2;0;0;0;6;25;
Marcin Gortat;C;35;5;12;0;0;0;0;6;7;13;2;0;3;1;1;10;
John Wall;PG;37;7;17;2;3;5;6;0;4;4;9;5;1;4;2;21;
Garrett Temple;SG;18;0;3;0;2;1;2;1;1;2;1;2;0;0;1;1;
Kris Humphries;;20;6;9;0;0;0;0;3;6;9;1;0;1;2;1;12;
Drew Gooden;;9;1;2;0;0;2;2;3;0;3;1;0;1;0;1;4;
Rasual Butler;;28;3;6;2;5;0;0;0;2;2;2;0;0;1;3;8;
Kevin Seraphin;;13;2;7;0;0;1;1;2;3;5;1;0;0;1;2;5;
Andre Miller;;11;4;6;0;0;0;1;2;1;3;2;0;0;1;2;8;
Bradley Beal;;34;6;13;0;3;3;3;1;1;2;6;0;0;1;4;15;
MIL
Giannis Antetokounmpo;SF;36;6;11;0;0;8;8;0;4;4;5;3;0;2;2;20;
Jabari Parker;SF;28;3;11;0;1;0;0;2;3;5;0;2;0;0;1;6;
Larry Sanders;C;19;2;6;0;0;1;2;2;2;4;0;1;4;0;4;5;
Brandon Knight;PG;37;10;18;3;5;4;5;0;5;5;6;1;1;5;2;27;
Khris Middleton;SG;25;1;6;1;3;0;0;1;2;3;0;2;0;3;2;3;
Ersan Ilyasova;;21;5;8;0;2;3;4;2;3;5;3;0;0;2;2;13;
Jared Dudley;;12;1;2;1;2;2;2;0;2;2;1;1;0;1;1;5;
Zaza Pachulia;;26;3;8;0;0;0;0;1;6;7;2;0;1;1;2;6;
Jerryd Bayless;;14;1;5;0;0;3;3;0;0;0;0;0;0;0;2;5;
O.J. Mayo;;23;4;9;0;2;2;2;0;1;1;4;1;1;0;2;10;
