12-08;PHX-LAC;120-121;
28-28;29-32;23-29;32-23;8-9;
PHX
Markieff Morris;PF;28;8;16;3;7;2;2;1;6;7;0;2;1;2;5;21;
P.J. Tucker;SF;31;2;6;0;2;0;0;0;2;2;1;0;0;2;5;4;
Miles Plumlee;C;18;1;2;0;0;0;0;0;4;4;1;2;0;1;4;2;
Eric Bledsoe;PG;45;8;16;2;6;9;9;1;10;11;16;2;2;5;4;27;
Goran Dragic;SG;39;7;14;3;6;0;0;1;2;3;8;2;0;2;2;17;
Marcus Morris;;23;4;8;3;5;0;0;1;3;4;2;0;0;2;1;11;
Anthony Tolliver;;24;3;7;3;5;0;0;0;3;3;1;0;0;2;1;9;
Alex Len;;26;6;11;0;0;2;5;2;5;7;0;0;0;0;6;14;
Gerald Green;;32;5;11;2;6;3;4;1;1;2;3;1;0;0;0;15;
LAC
Blake Griffin;PF;43;14;24;2;2;15;17;0;8;8;2;1;0;3;4;45;
Matt Barnes;SF;39;4;11;0;5;0;0;0;4;4;4;1;1;1;5;8;
DeAndre Jordan;C;42;5;6;0;0;0;2;7;7;14;0;2;4;1;2;10;
Chris Paul;PG;43;8;23;1;9;3;4;1;6;7;10;1;0;3;4;20;
J.J. Redick;SG;43;5;13;2;7;5;6;0;4;4;3;1;0;1;1;17;
Glen Davis;;6;1;1;0;0;0;0;1;0;1;1;0;0;0;0;2;
Spencer Hawes;;16;2;4;0;1;0;0;1;3;4;3;1;0;0;2;4;
Hedo Turkoglu;;11;1;2;0;1;0;0;0;2;2;1;0;0;0;0;2;
Jared Cunningham;;5;1;2;1;2;1;1;0;1;1;0;0;0;0;1;4;
Jamal Crawford;;19;3;10;3;4;0;0;0;0;0;3;0;0;2;3;9;
