11-01;CHI-MIN;106-105;
27-25;36-24;22-32;21-24;
CHI
Pau Gasol;PF;36;7;12;0;0;6;9;1;5;6;2;0;4;5;3;20;
Mike Dunleavy;SF;34;3;8;3;7;4;5;0;1;1;0;1;0;0;3;13;
Joakim Noah;C;32;4;7;0;0;0;0;3;8;11;3;0;2;2;2;8;
Kirk Hinrich;SG;28;3;8;0;2;5;6;0;2;2;2;1;0;1;5;11;
Jimmy Butler;SG;39;6;12;1;3;11;15;1;3;4;2;1;1;2;3;24;
Nikola Mirotic;;28;3;6;2;5;4;4;0;8;8;1;0;1;1;3;12;
Tony Snell;;8;0;1;0;0;0;0;0;3;3;0;0;0;0;1;0;
Doug McDermott;;11;1;4;0;2;0;0;0;1;1;0;0;0;0;2;2;
Aaron Brooks;;23;6;11;3;4;1;1;0;2;2;5;0;0;3;2;16;
E'Twaun Moore;;0;0;0;0;0;0;0;0;0;0;0;0;0;0;0;0;
MIN
Thaddeus Young;SF;17;4;9;0;1;0;0;0;1;1;2;0;0;0;3;8;
Andrew Wiggins;SF;31;3;10;0;2;2;2;3;3;6;0;2;2;3;5;8;
Nikola Pekovic;C;32;6;14;0;0;5;6;2;2;4;1;1;0;0;0;17;
Ricky Rubio;PG;32;3;10;0;0;0;0;0;4;4;17;2;0;3;6;6;
Kevin Martin;SG;36;9;14;4;6;11;11;2;5;7;2;0;0;0;3;33;
Anthony Bennett;;20;6;7;0;0;0;1;0;5;5;1;2;1;0;5;12;
Robbie Hummel;;11;1;1;0;0;0;0;1;4;5;1;1;0;0;1;2;
Shabazz Muhammad;;6;0;2;0;0;1;2;0;0;0;0;0;0;1;0;1;
Chase Budinger;;5;0;2;0;1;1;2;0;1;1;0;0;0;0;0;1;
Gorgui Dieng;;16;3;4;0;0;4;5;4;4;8;0;0;0;0;3;10;
Mo Williams;;19;1;7;0;2;1;2;1;0;1;2;0;1;1;2;3;
Corey Brewer;;17;2;5;0;0;0;0;0;0;0;0;1;0;2;1;4;
