01-19;BOS-LAC;93-102;
17-23;20-24;25-27;31-28;
BOS
Jared Sullinger;PF;25;5;14;2;4;2;2;1;7;8;0;1;0;0;1;14;
Jae Crowder;SF;13;0;3;0;2;0;0;1;1;2;0;0;0;2;0;0;
Tyler Zeller;C;19;3;8;0;0;1;2;4;3;7;3;0;1;1;3;7;
Avery Bradley;PG;22;1;7;1;3;0;0;1;0;1;0;0;0;2;1;3;
Evan Turner;SG;30;2;6;1;3;5;6;1;9;10;6;0;0;1;0;10;
Brandon Bass;;27;6;12;0;0;5;6;2;0;2;1;1;0;2;2;17;
Tayshaun Prince;;19;1;2;0;0;0;0;1;1;2;1;0;0;0;1;2;
Kelly Olynyk;;26;5;11;1;4;0;2;1;6;7;2;3;0;2;3;11;
Marcus Smart;;32;4;8;4;7;2;2;0;2;2;7;1;1;1;3;14;
Marcus Thornton;;27;6;13;3;6;0;1;0;2;2;4;0;0;2;0;15;
LAC
Blake Griffin;PF;35;9;18;0;1;4;4;2;7;9;6;1;0;0;2;22;
Matt Barnes;SF;35;1;5;1;4;0;0;0;3;3;4;1;1;1;3;3;
DeAndre Jordan;C;33;8;9;0;0;3;6;6;6;12;1;2;6;2;0;19;
Chris Paul;PG;34;3;9;2;2;1;2;0;6;6;6;1;0;3;1;9;
J.J. Redick;SG;31;5;12;3;5;3;3;1;1;2;3;0;0;0;3;16;
Glen Davis;;11;2;2;0;0;0;0;0;3;3;0;0;1;1;1;4;
Spencer Hawes;;16;4;10;1;3;0;0;1;4;5;2;0;2;0;1;9;
Austin Rivers;;16;1;3;0;0;0;0;0;1;1;3;1;0;2;0;2;
Dahntay Jones;;5;1;1;0;0;0;0;0;0;0;0;0;0;0;1;2;
Jamal Crawford;;23;5;13;2;6;4;4;0;3;3;2;0;0;2;2;16;
