01-27;CLE-DET;103-95;
17-19;30-20;28-25;28-31;
CLE
Kevin Love;PF;32;3;11;1;8;0;0;0;8;8;4;0;0;0;2;7;
LeBron James;SF;36;11;24;0;4;10;11;0;6;6;7;1;0;4;3;32;
Timofey Mozgov;C;20;3;7;0;0;0;0;3;4;7;1;2;1;0;0;6;
Kyrie Irving;PG;42;13;23;6;10;6;6;1;2;3;6;3;1;3;2;38;
J.R. Smith;SG;32;2;11;1;6;0;0;0;1;1;1;1;0;0;5;5;
Tristan Thompson;;27;2;6;0;0;0;0;6;6;12;0;1;0;1;3;4;
Iman Shumpert;;18;1;5;1;5;0;0;0;1;1;0;1;1;1;2;3;
Matthew Dellavedova;;13;0;1;0;1;0;0;2;3;5;0;0;0;0;3;0;
Shawn Marion;;19;4;5;0;0;0;0;1;3;4;0;0;1;0;0;8;
DET
Greg Monroe;PF;32;7;15;0;0;3;3;5;7;12;0;0;0;3;1;17;
Kyle Singler;SF;24;2;9;1;5;0;0;1;5;6;0;0;0;1;1;5;
Andre Drummond;C;35;6;17;0;0;0;4;7;10;17;0;0;6;0;4;12;
D.J. Augustin;PG;36;8;15;3;6;0;0;1;3;4;9;2;0;5;1;19;
Kentavious Caldwell-Pope;SG;29;3;7;1;5;4;5;0;2;2;2;0;1;3;3;11;
Anthony Tolliver;;30;4;5;3;4;5;5;1;3;4;2;0;0;3;4;16;
Caron Butler;;16;1;5;0;2;0;0;0;2;2;3;0;0;1;1;2;
Spencer Dinwiddie;;12;1;3;0;1;0;0;0;3;3;3;0;1;2;0;2;
Jodie Meeks;;27;3;7;0;1;5;6;1;0;1;2;2;0;0;2;11;
