01-25;MIA-CHI;96-84;
26-20;22-18;26-24;22-22;
MIA
Chris Andersen;PF;21;2;3;0;0;0;0;1;8;9;2;0;0;0;1;4;
Luol Deng;SF;38;5;15;0;2;5;7;3;7;10;4;0;1;1;1;15;
Chris Bosh;C;36;9;20;0;4;2;2;1;6;7;3;1;0;1;1;20;
Mario Chalmers;PG;40;5;10;1;3;4;4;0;4;4;5;2;0;3;2;15;
Dwyane Wade;SG;39;10;18;0;0;6;6;1;2;3;3;0;0;5;3;26;
Udonis Haslem;;3;0;0;0;0;0;0;0;3;3;0;0;0;0;0;0;
Shawne Williams;;11;1;3;0;2;0;0;1;1;2;0;2;0;0;0;2;
Hassan Whiteside;;25;6;10;0;0;2;4;6;7;13;0;0;12;0;4;14;
Shabazz Napier;;27;0;5;0;2;0;0;0;3;3;2;1;0;0;3;0;
CHI
Pau Gasol;PF;36;6;16;0;1;1;1;6;11;17;3;0;4;2;2;13;
Tony Snell;SF;22;3;7;1;4;0;0;0;1;1;1;1;1;0;4;7;
Joakim Noah;C;22;1;5;0;0;2;2;2;3;5;2;0;2;0;2;4;
Derrick Rose;PG;33;7;17;0;6;5;6;0;2;2;4;1;1;4;1;19;
Jimmy Butler;SG;43;2;8;0;2;1;1;1;4;5;2;1;0;0;0;5;
Nikola Mirotic;;12;2;7;2;4;0;0;0;0;0;0;0;0;0;0;6;
Taj Gibson;;26;3;10;0;0;5;8;5;3;8;2;0;2;1;5;11;
Aaron Brooks;;21;6;11;4;5;1;1;0;2;2;0;1;0;2;2;17;
Kirk Hinrich;;24;1;6;0;2;0;0;0;3;3;1;1;0;0;0;2;
