02-04;DET-IND;109-114;
26-29;23-19;27-33;33-33;
DET
Greg Monroe;PF;36;7;15;0;0;2;4;5;4;9;1;3;0;2;2;16;
Kyle Singler;SF;28;3;9;2;4;0;0;0;1;1;1;0;0;1;0;8;
Andre Drummond;C;33;9;15;0;0;0;0;7;9;16;1;1;0;1;3;18;
D.J. Augustin;PG;32;4;14;1;3;3;3;0;2;2;6;0;0;3;4;12;
Kentavious Caldwell-Pope;SG;3;1;1;1;1;0;0;0;0;0;0;0;0;0;0;3;
Cartier Martin;;11;0;1;0;0;0;0;0;0;0;0;0;1;0;2;0;
Anthony Tolliver;;21;4;5;1;2;3;4;0;2;2;1;1;1;1;4;12;
Caron Butler;;24;4;7;3;4;2;3;0;0;0;2;0;0;1;2;13;
Joel Anthony;;6;2;2;0;0;0;0;0;4;4;0;1;0;0;0;4;
John Lucas III;;16;4;6;2;3;0;0;0;0;0;6;0;0;0;0;10;
Jodie Meeks;;30;5;12;2;7;1;1;0;1;1;5;1;0;1;1;13;
IND
David West;PF;31;7;10;0;0;0;0;2;5;7;3;2;0;2;4;14;
Roy Hibbert;C;36;8;11;0;0;0;0;5;7;12;3;0;3;2;1;16;
Rodney Stuckey;PG;22;4;6;0;0;0;0;0;1;1;5;0;0;0;0;8;
George Hill;PG;26;8;12;1;2;3;8;0;3;3;6;0;1;1;2;20;
C.J. Miles;SG;27;4;7;4;6;3;4;0;3;3;1;3;0;2;0;15;
Shayne Whittington;;7;2;3;0;0;2;2;0;1;1;0;0;0;1;2;6;
Luis Scola;;17;4;8;0;0;1;2;0;0;0;3;0;0;2;3;9;
Damjan Rudez;;26;2;6;2;4;0;0;1;0;1;1;0;0;1;1;6;
Solomon Hill;;21;2;5;1;3;0;0;0;4;4;3;0;0;0;2;5;
Ian Mahinmi;;4;0;1;0;0;1;2;0;2;2;0;0;0;0;0;1;
C.J. Watson;;22;5;8;4;6;0;0;0;3;3;3;0;0;0;0;14;
