02-21;NO-MIA;105-91;
25-14;27-28;33-23;20-26;
NO
Anthony Davis;PF;9;2;8;0;0;2;2;2;4;6;0;0;0;1;0;6;
Omer Asik;C;32;6;9;0;0;3;5;2;7;9;2;1;0;1;1;15;
Eric Gordon;SG;40;7;18;6;11;4;4;1;3;4;6;1;0;1;0;24;
Tyreke Evans;SG;39;4;14;0;1;5;5;0;3;3;6;3;0;2;2;13;
Quincy Pondexter;SG;27;2;6;0;2;1;1;0;1;1;3;0;1;2;2;5;
Dante Cunningham;;27;2;6;0;0;3;4;3;1;4;2;0;2;1;5;7;
Ryan Anderson;;7;2;3;0;1;0;0;0;1;1;0;0;0;1;0;4;
Luke Babbitt;;13;3;5;1;3;2;2;1;3;4;0;1;0;0;3;9;
Jeff Withey;;6;0;1;0;0;2;2;0;0;0;0;1;0;1;3;2;
Alexis Ajinca;;11;3;4;0;0;2;2;2;1;3;0;0;0;1;5;8;
Norris Cole;;30;4;9;1;3;3;4;0;6;6;3;1;0;1;4;12;
MIA
Udonis Haslem;PF;20;2;4;0;2;4;4;0;5;5;0;0;0;1;3;8;
Luol Deng;SF;31;2;7;0;1;2;2;1;2;3;1;0;1;4;2;6;
Hassan Whiteside;C;30;5;11;0;0;1;2;6;10;16;0;0;5;2;2;11;
Dwyane Wade;SG;30;8;23;1;3;2;3;1;3;4;4;0;0;3;3;19;
Goran Dragic;SG;33;4;11;1;4;3;6;1;2;3;1;1;0;1;4;12;
Chris Andersen;;18;1;3;0;0;1;2;1;2;3;4;1;1;1;1;3;
James Ennis;;23;1;4;1;2;5;6;3;5;8;1;1;0;2;2;8;
Shabazz Napier;;14;1;2;0;0;2;2;0;1;1;2;1;0;1;1;4;
Mario Chalmers;;37;9;13;2;5;0;0;0;2;2;2;1;0;2;4;20;
Tyler Johnson;;4;0;1;0;0;0;0;0;0;0;0;0;0;0;1;0;
