02-28;MIL-UTAH;75-82;
18-26;22-21;15-11;20-24;
MIL
Ersan Ilyasova;PF;34;4;13;1;4;3;4;3;2;5;0;0;0;1;3;12;
Giannis Antetokounmpo;SF;34;4;5;0;1;0;0;1;4;5;4;3;1;3;3;8;
Zaza Pachulia;C;24;1;8;0;0;0;0;0;4;4;5;1;0;3;2;2;
Michael Carter-Williams;PG;30;6;10;0;0;4;4;0;5;5;3;4;0;3;2;16;
Khris Middleton;SG;35;8;16;2;4;0;0;0;6;6;3;2;0;3;5;18;
Johnny O'Bryant III;;3;0;2;0;0;0;0;1;0;1;0;0;0;2;0;0;
Miles Plumlee;;6;0;2;0;0;0;0;1;0;1;0;1;2;1;2;0;
John Henson;;20;2;6;0;0;5;6;0;4;4;0;2;1;1;2;9;
Tyler Ennis;;11;1;2;0;0;0;0;0;1;1;0;0;0;1;0;2;
Jerryd Bayless;;15;0;1;0;1;0;0;0;1;1;1;0;0;1;3;0;
O.J. Mayo;;27;3;9;2;5;0;0;2;4;6;2;2;0;4;1;8;
UTAH
Derrick Favors;PF;37;7;11;0;0;2;2;5;7;12;0;3;3;3;5;16;
Gordon Hayward;SF;37;4;18;1;5;5;6;1;1;2;4;1;0;3;0;14;
Joe Ingles;SF;15;1;3;0;1;0;0;0;1;1;2;1;0;4;0;2;
Rudy Gobert;C;32;3;3;0;0;6;9;1;9;10;0;2;3;4;2;12;
Dante Exum;SG;12;0;3;0;2;0;0;0;2;2;1;0;0;2;2;0;
Trevor Booker;;27;6;9;0;0;0;0;6;0;6;0;2;1;2;2;12;
Trey Burke;;36;8;19;5;10;2;2;0;3;3;6;1;0;1;2;23;
Elijah Millsap;;26;0;6;0;3;3;4;0;7;7;1;5;0;1;4;3;
Rodney Hood;;19;0;4;0;1;0;0;0;3;3;4;1;0;2;1;0;
