03-27;GS-MEM;107-84;
31-24;23-25;31-16;22-19;
GS
Harrison Barnes;SF;24;1;2;1;1;0;0;1;4;5;2;2;0;0;2;3;
Draymond Green;SF;20;5;9;0;1;0;1;0;2;2;3;1;0;2;3;10;
Andrew Bogut;C;27;1;2;0;0;0;0;2;6;8;3;2;0;2;0;2;
Stephen Curry;PG;34;12;22;8;12;6;6;1;2;3;10;3;1;4;3;38;
Klay Thompson;SG;27;10;17;6;9;2;2;0;2;2;1;1;0;0;2;28;
David Lee;;17;2;3;0;0;2;3;0;0;0;1;2;0;1;1;6;
James Michael McAdoo;;3;1;2;0;0;0;1;2;0;2;0;1;0;0;0;2;
Festus Ezeli;;15;1;4;0;0;2;2;3;5;8;0;0;2;0;2;4;
Marreese Speights;;5;1;4;0;0;0;0;1;0;1;0;0;1;0;0;2;
Shaun Livingston;;21;2;8;0;0;1;2;1;1;2;4;1;0;2;2;5;
Justin Holiday;;2;0;1;0;1;0;0;0;0;0;0;0;0;0;1;0;
Leandro Barbosa;;20;2;5;0;2;0;0;2;2;4;2;1;1;2;0;4;
Andre Iguodala;;25;1;11;1;5;0;0;1;5;6;2;1;0;1;1;3;
MEM
Zach Randolph;PF;27;4;10;0;0;2;2;1;2;3;3;1;0;3;1;10;
Tony Allen;SF;19;2;4;0;0;0;0;2;2;4;1;0;1;0;2;4;
Marc Gasol;C;29;4;10;0;0;5;6;1;4;5;3;0;0;4;4;13;
Mike Conley;PG;32;7;13;2;4;0;0;0;3;3;5;3;0;5;4;16;
Courtney Lee;SG;22;1;6;0;1;2;2;0;1;1;0;2;0;1;0;4;
Jon Leuer;;3;0;1;0;0;0;0;0;0;0;0;0;0;0;1;0;
JaMychal Green;;3;0;0;0;0;0;0;0;1;1;1;0;0;1;0;0;
Jeff Green;;32;7;12;2;2;0;0;1;7;8;1;1;0;1;1;16;
Kosta Koufos;;15;4;6;0;0;1;2;1;4;5;0;0;1;1;2;9;
Beno Udrih;;19;2;7;0;1;0;0;1;0;1;2;0;0;1;1;4;
Vince Carter;;23;1;4;0;3;0;0;1;5;6;1;1;0;0;2;2;
Nick Calathes;;12;1;2;0;1;0;0;0;2;2;1;1;0;2;0;2;
Jordan Adams;;3;1;1;1;1;1;3;0;1;1;1;0;0;0;0;4;
