11-17;ORL-DET;107-93;
28-28;21-24;29-24;29-17;
ORL
Channing Frye;PF;31;4;6;4;6;0;0;0;5;5;3;0;0;1;5;12;
Tobias Harris;SF;38;10;17;3;6;1;2;1;4;5;4;5;1;0;4;24;
Nikola Vucevic;C;38;10;18;0;0;5;5;3;11;14;3;0;0;1;2;25;
Evan Fournier;SG;31;5;13;3;6;1;2;0;2;2;8;1;0;4;0;14;
Victor Oladipo;SG;32;3;5;1;1;4;5;2;4;6;3;0;1;4;4;11;
Andrew Nicholson;;5;1;4;0;0;0;0;0;1;1;1;0;0;0;0;2;
Maurice Harkless;;19;3;6;1;4;0;0;0;3;3;2;1;0;0;2;7;
Elfrid Payton;;6;1;2;0;0;0;0;0;0;0;1;1;0;0;2;2;
Luke Ridnour;;19;2;4;0;1;1;1;0;3;3;6;1;0;0;1;5;
Willie Green;;16;1;3;1;2;0;0;0;0;0;1;0;0;0;1;3;
Ben Gordon;;6;1;1;0;0;0;0;0;0;0;1;0;0;1;0;2;
DET
Greg Monroe;PF;32;2;9;0;0;2;2;2;5;7;0;0;0;2;3;6;
Josh Smith;SF;30;3;7;0;3;1;3;0;0;0;5;1;1;4;3;7;
Andre Drummond;C;28;5;12;0;0;2;4;4;6;10;0;0;3;2;4;12;
Brandon Jennings;PG;32;6;13;5;7;1;2;0;3;3;6;3;0;3;1;18;
Kentavious Caldwell-Pope;SG;34;4;10;2;4;0;0;0;5;5;2;0;0;1;3;10;
Jonas Jerebko;;17;3;11;0;3;0;0;3;2;5;1;0;0;1;4;6;
Caron Butler;;27;5;11;3;5;7;7;1;5;6;1;0;0;0;0;20;
Kyle Singler;;19;2;4;1;2;2;2;0;3;3;0;0;0;0;0;7;
Joel Anthony;;3;0;0;0;0;0;0;0;0;0;1;0;0;0;0;0;
D.J. Augustin;;18;2;3;0;0;3;4;0;2;2;1;1;0;1;1;7;
