12-10;WSH-ORL;91-89;
26-21;19-23;22-31;24-14;
WSH
Kris Humphries;PF;28;5;12;0;0;1;2;1;2;3;1;2;0;1;2;11;
Paul Pierce;SF;29;3;10;2;5;0;0;3;3;6;5;0;0;2;0;8;
Marcin Gortat;C;28;5;9;0;0;0;0;0;5;5;0;1;2;0;1;10;
John Wall;PG;35;10;17;1;1;0;1;0;6;6;11;1;0;2;4;21;
Bradley Beal;SG;34;4;8;1;3;0;0;1;2;3;3;0;1;2;0;9;
Nene Hilario;;21;6;8;0;0;0;0;0;6;6;1;0;1;1;2;12;
Otto Porter Jr.;;14;2;3;0;0;1;2;1;3;4;0;0;0;0;0;5;
Rasual Butler;;27;2;6;1;3;1;2;2;2;4;1;0;1;0;0;6;
Kevin Seraphin;;12;4;8;0;0;0;0;0;3;3;1;0;0;0;2;8;
Andre Miller;;13;0;0;0;0;1;2;0;1;1;3;1;0;1;2;1;
ORL
Channing Frye;PF;34;4;5;2;3;0;0;1;1;2;0;0;3;0;1;10;
Kyle O'Quinn;PF;30;4;15;1;2;1;2;2;4;6;4;1;2;0;2;10;
Tobias Harris;SF;36;7;11;1;2;0;1;1;5;6;0;1;0;2;2;15;
Evan Fournier;SG;21;3;5;1;1;0;0;0;0;0;1;0;0;1;2;7;
Victor Oladipo;SG;28;7;16;1;3;2;2;0;6;6;3;2;0;4;0;17;
Andrew Nicholson;;2;0;1;0;0;0;0;0;0;0;0;0;0;0;0;0;
Dewayne Dedmon;;19;2;2;0;0;2;2;2;5;7;0;1;2;0;1;6;
Elfrid Payton;;29;6;15;0;1;0;0;1;5;6;4;1;0;1;2;12;
Willie Green;;22;3;5;1;1;1;2;1;2;3;1;1;0;0;1;8;
Ben Gordon;;18;2;9;0;2;0;0;0;3;3;0;0;0;0;1;4;
