04-13;MIL-PHI;107-97;
24-31;28-27;28-20;27-19;
MIL
Ersan Ilyasova;PF;27;5;8;2;3;1;2;1;2;3;1;3;0;1;2;13;
Giannis Antetokounmpo;SF;34;3;9;0;0;6;10;1;6;7;3;0;0;1;5;12;
Zaza Pachulia;C;19;3;9;0;0;3;4;4;2;6;1;2;0;3;1;9;
Michael Carter-Williams;PG;30;11;17;0;0;8;13;0;5;5;5;3;1;2;3;30;
Khris Middleton;SG;32;4;11;1;4;0;0;2;1;3;3;1;0;1;2;9;
Miles Plumlee;;8;2;4;0;0;1;2;1;1;2;0;1;0;0;1;5;
John Henson;;21;3;3;0;0;1;2;1;2;3;1;0;6;1;3;7;
Tyler Ennis;;9;1;3;0;0;0;0;1;0;1;2;0;0;1;0;2;
Jorge Gutierrez;;13;1;1;0;0;0;0;0;0;0;1;0;0;2;2;2;
Jerryd Bayless;;21;2;7;0;0;1;1;0;5;5;2;0;0;3;3;5;
O.J. Mayo;;26;5;9;1;2;2;2;1;3;4;4;3;0;3;3;13;
PHI
Furkan Aldemir;PF;22;1;2;0;0;0;0;2;3;5;3;0;0;1;4;2;
Robert Covington;SF;33;6;13;1;6;12;13;1;6;7;1;1;4;10;3;25;
Jerami Grant;SF;28;3;9;1;4;1;4;1;6;7;4;3;0;1;4;8;
Ish Smith;PG;34;2;7;0;1;0;0;0;0;0;9;3;0;5;2;4;
Hollis Thompson;SG;36;7;18;3;10;2;2;3;1;4;0;0;0;2;5;19;
Thomas Robinson;;21;4;8;0;0;4;6;2;4;6;1;0;0;3;1;12;
Henry Sims;;26;3;13;0;2;4;5;3;3;6;2;2;1;4;5;10;
JaKarr Sampson;;21;3;8;0;4;4;4;2;3;5;1;1;1;2;3;10;
Glenn Robinson III;;20;3;3;1;1;0;0;0;0;0;1;1;0;1;1;7;
