03-31;SA-MIA;95-81;
19-20;28-22;24-18;24-21;
SA
Tim Duncan;PF;24;5;10;0;0;2;2;2;9;11;1;1;3;0;2;12;
Kawhi Leonard;SF;38;8;13;1;3;5;6;1;8;9;3;4;2;1;2;22;
Tiago Splitter;C;23;3;6;0;0;1;2;0;6;6;0;1;1;3;2;7;
Tony Parker;PG;26;7;12;0;0;2;2;0;2;2;5;1;0;4;2;16;
Danny Green;SG;15;1;3;1;3;0;1;0;0;0;1;0;0;1;2;3;
Reggie Williams;;1;1;1;1;1;0;0;0;0;0;0;0;0;0;0;3;
Marco Belinelli;;23;2;6;2;4;0;0;0;2;2;2;0;0;0;1;6;
Aron Baynes;;9;0;0;0;0;0;0;1;0;1;0;0;0;1;1;0;
Matt Bonner;;13;2;2;2;2;0;0;0;1;1;2;0;0;0;0;6;
Boris Diaw;;25;5;12;1;3;0;0;1;1;2;2;0;0;3;2;11;
Patty Mills;;2;0;0;0;0;0;0;0;0;0;0;0;0;0;0;0;
Cory Joseph;;23;2;5;0;0;3;4;2;1;3;4;4;0;1;3;7;
Manu Ginobili;;18;1;4;0;2;0;0;1;0;1;1;0;0;5;2;2;
MIA
Chris Andersen;PF;24;2;8;0;0;0;0;5;5;10;1;2;2;4;1;4;
Henry Walker;SF;26;1;3;0;2;0;0;0;2;2;0;0;0;1;4;2;
James Ennis;SF;27;2;7;1;4;2;2;1;3;4;0;1;0;1;3;7;
Dwyane Wade;SG;34;6;20;1;3;2;2;1;4;5;1;0;0;3;2;15;
Goran Dragic;SG;39;6;14;1;3;6;6;1;0;1;3;0;0;4;2;19;
Michael Beasley;;18;3;6;0;0;0;0;0;2;2;0;0;0;2;2;6;
Hassan Whiteside;;23;5;7;0;0;0;0;1;5;6;1;2;2;0;3;10;
Mario Chalmers;;24;4;7;2;2;0;0;0;0;0;3;1;0;3;3;10;
Tyler Johnson;;25;3;7;0;1;2;2;1;2;3;2;3;0;0;1;8;
Zoran Dragic;;1;0;0;0;0;0;0;0;0;0;0;0;0;0;0;0;
