11-29;IND-CLE;97-109;
21-29;28-23;22-35;26-22;
IND
David West;PF;24;7;16;0;1;0;0;1;5;6;0;0;0;0;5;14;
Solomon Hill;SF;31;4;11;2;5;3;4;2;1;3;3;0;1;2;4;13;
Ian Mahinmi;C;26;3;8;0;0;1;4;4;6;10;0;0;0;1;3;7;
Rodney Stuckey;PG;23;2;6;0;0;5;5;0;2;2;3;0;0;1;2;9;
Donald Sloan;PG;23;1;8;0;3;0;0;0;0;0;6;0;0;1;0;2;
Shayne Whittington;;7;1;2;0;0;1;2;2;1;3;0;1;0;0;0;3;
Luis Scola;;14;4;8;0;1;2;2;1;4;5;3;0;0;0;1;10;
Lavoy Allen;;18;5;8;0;0;0;0;3;5;8;1;0;0;0;5;10;
Chris Copeland;;25;3;5;1;3;4;4;1;2;3;4;0;0;1;1;11;
Damjan Rudez;;7;1;2;1;1;1;2;0;0;0;0;0;0;0;0;4;
C.J. Watson;;19;2;6;1;3;3;3;0;4;4;3;0;0;0;0;8;
C.J. Miles;;23;2;9;2;5;0;0;1;3;4;3;1;0;1;2;6;
CLE
Kevin Love;PF;33;9;13;2;3;8;9;3;7;10;2;2;0;2;3;28;
LeBron James;SF;32;9;18;0;1;1;2;0;2;2;7;1;0;3;1;19;
Tristan Thompson;C;39;4;8;0;0;5;10;4;7;11;1;0;1;0;3;13;
Kyrie Irving;PG;36;9;17;3;6;3;4;0;10;10;5;0;3;1;1;24;
Shawn Marion;SG;32;4;6;1;2;0;0;0;4;4;3;0;2;0;2;9;
Lou Amundson;;17;1;3;0;0;0;1;1;2;3;0;0;0;1;4;2;
Alex Kirk;;3;1;2;0;0;0;0;0;0;0;0;0;0;0;1;2;
Will Cherry;;14;1;4;0;2;0;2;0;0;0;0;1;0;0;2;2;
Dion Waiters;;22;1;5;0;1;3;4;0;1;1;1;0;0;1;1;5;
Joe Harris;;13;2;2;1;1;0;0;1;2;3;1;0;0;1;2;5;
