02-27;NY-DET;121-115;
23-28;18-25;25-16;29-26;10-10;16-10;
NY
Lou Amundson;PF;35;8;16;0;0;1;1;9;5;14;2;0;3;1;5;17;
Cleanthony Early;SF;20;0;4;0;2;2;2;0;2;2;0;1;1;0;4;2;
Andrea Bargnani;C;36;10;20;1;2;4;5;1;11;12;4;1;1;0;5;25;
Langston Galloway;PG;34;3;9;1;3;5;5;1;5;6;5;2;1;2;6;12;
Tim Hardaway Jr.;SG;32;7;14;2;5;2;2;0;2;2;4;0;0;1;2;18;
Jason Smith;;29;4;10;0;0;1;1;2;2;4;3;0;0;3;6;9;
Lance Thomas;;23;2;6;0;0;3;3;1;4;5;1;0;1;2;0;7;
Quincy Acy;;9;1;3;0;1;0;0;0;1;1;2;0;0;0;2;2;
Travis Wear;;6;0;1;0;0;0;0;0;2;2;0;0;0;0;0;0;
Cole Aldrich;;9;1;5;0;0;0;0;2;2;4;0;0;2;1;2;2;
Shane Larkin;;36;5;9;1;3;5;5;0;1;1;3;1;0;0;2;16;
Alexey Shved;;20;4;12;1;2;2;2;2;3;5;4;1;0;0;1;11;
DET
Greg Monroe;PF;44;9;13;0;0;10;15;4;9;13;2;2;2;1;2;28;
Tayshaun Prince;SF;20;0;5;0;0;0;0;1;4;5;1;0;0;0;2;0;
Andre Drummond;C;41;9;11;0;0;3;7;6;9;15;1;0;4;3;6;21;
Reggie Jackson;PG;41;5;24;1;5;5;5;1;4;5;5;0;0;4;4;16;
Kentavious Caldwell-Pope;SG;42;7;18;3;11;2;2;2;4;6;3;1;2;1;0;19;
Anthony Tolliver;;24;2;7;2;6;0;0;2;3;5;0;0;2;1;3;6;
Caron Butler;;21;0;3;0;2;2;2;0;2;2;3;0;0;2;4;2;
Shawne Williams;;6;1;3;0;2;1;1;0;1;1;0;0;0;0;0;3;
John Lucas III;;17;1;5;0;1;2;2;0;0;0;5;0;0;1;2;4;
Jodie Meeks;;33;5;8;2;4;4;6;0;2;2;2;0;0;2;3;16;
