11-19;DAL-WSH;105-102;
23-29;31-24;22-20;29-29;
DAL
Dirk Nowitzki;PF;28;4;12;3;4;2;2;0;4;4;2;1;0;0;3;13;
Chandler Parsons;SF;37;4;12;3;8;0;0;1;2;3;1;0;0;1;2;11;
Tyson Chandler;C;34;2;4;0;0;1;1;3;13;16;1;1;3;1;1;5;
Jameer Nelson;PG;25;2;12;1;5;0;0;0;2;2;4;1;0;4;2;5;
Monta Ellis;SG;37;10;21;2;4;12;14;0;1;1;4;1;0;4;3;34;
Greg Smith;;3;0;1;0;0;1;2;2;0;2;0;0;0;0;1;1;
Brandan Wright;;24;6;7;0;0;2;2;2;4;6;0;1;1;0;2;14;
Jae Crowder;;11;1;2;1;2;2;2;1;0;1;0;0;0;0;0;5;
Richard Jefferson;;4;0;0;0;0;0;0;0;1;1;0;0;0;0;1;0;
Al-Farouq Aminu;;13;1;3;1;2;0;0;1;3;4;0;0;1;0;1;3;
J.J. Barea;;23;4;8;1;3;5;6;0;4;4;6;0;0;2;3;14;
WSH
Nene Hilario;PF;34;3;9;0;0;3;3;1;4;5;2;0;0;3;3;9;
Paul Pierce;SF;26;6;10;3;5;2;2;0;5;5;1;0;0;1;3;17;
Marcin Gortat;C;30;7;12;0;0;3;4;1;5;6;1;0;0;1;1;17;
John Wall;PG;35;5;17;0;2;1;2;0;6;6;11;2;2;3;4;11;
Garrett Temple;SG;13;0;3;0;2;2;2;1;0;1;0;2;0;2;3;2;
Kris Humphries;;21;1;5;0;1;7;8;2;4;6;1;0;0;0;2;9;
Otto Porter Jr.;;25;2;5;2;4;0;0;2;3;5;1;1;1;0;1;6;
Rasual Butler;;6;2;3;2;2;0;0;0;2;2;0;1;0;0;2;6;
Kevin Seraphin;;11;1;1;0;0;0;0;0;2;2;1;0;0;1;3;2;
Andre Miller;;13;1;2;0;0;0;0;1;0;1;4;1;0;0;1;2;
Bradley Beal;;26;9;17;3;6;0;0;1;2;3;3;1;0;2;4;21;
