12-10;BOS-CHA;87-96;
16-22;29-18;21-33;21-23;
BOS
Jared Sullinger;PF;29;2;10;1;2;0;0;1;6;7;4;0;1;0;4;5;
Jeff Green;SF;33;6;12;0;3;4;5;0;4;4;0;0;0;1;3;16;
Tyler Zeller;C;27;6;9;0;0;1;1;2;6;8;1;0;0;1;4;13;
Rajon Rondo;PG;32;6;11;0;2;0;0;1;9;10;10;1;0;4;4;12;
Avery Bradley;PG;25;2;9;0;4;0;0;0;0;0;1;0;0;1;3;4;
Brandon Bass;;19;5;9;0;0;0;0;1;2;3;2;0;0;0;1;10;
Kelly Olynyk;;20;4;7;0;1;0;2;1;3;4;2;1;0;3;3;8;
Phil Pressey;;6;1;1;1;1;0;0;0;2;2;1;0;0;1;1;3;
Marcus Smart;;12;0;2;0;1;0;0;0;2;2;1;0;0;1;0;0;
Marcus Thornton;;19;6;13;3;8;1;2;0;2;2;0;0;0;0;0;16;
Evan Turner;;21;0;4;0;1;0;0;0;3;3;4;1;0;2;4;0;
CHA
Cody Zeller;PF;24;3;6;0;0;3;3;0;2;2;2;0;0;1;2;9;
Al Jefferson;C;36;9;15;0;0;5;6;2;12;14;3;1;1;2;0;23;
Kemba Walker;PG;36;5;14;1;3;7;8;1;4;5;7;3;0;3;0;18;
Gerald Henderson;SG;26;3;9;1;3;0;0;0;3;3;0;0;1;1;1;7;
Lance Stephenson;SG;37;6;14;0;2;1;2;1;3;4;4;0;0;2;3;13;
Marvin Williams;;24;3;7;1;2;1;3;0;5;5;0;1;1;1;2;8;
Michael Kidd-Gilchrist;;19;3;6;0;0;3;3;2;4;6;0;0;0;0;3;9;
Bismack Biyombo;;11;0;0;0;0;2;2;1;1;2;0;0;0;0;2;2;
Brian Roberts;;12;2;4;0;1;0;0;0;1;1;1;0;0;0;0;4;
Gary Neal;;15;1;9;0;3;1;2;0;2;2;1;0;0;0;1;3;
