11-09;DEN-POR;100-116;
27-36;29-28;17-21;27-31;
DEN
Kenneth Faried;PF;31;7;16;0;0;5;5;5;2;7;1;0;3;2;3;19;
Wilson Chandler;SF;28;2;4;1;2;0;0;0;3;3;2;0;0;0;2;5;
Timofey Mozgov;C;36;3;10;0;0;1;2;4;12;16;0;0;3;2;1;7;
Ty Lawson;PG;38;7;16;0;0;4;6;2;4;6;8;2;0;2;2;18;
Arron Afflalo;SG;26;8;14;1;2;1;1;1;3;4;0;0;0;1;2;18;
J.J. Hickson;;15;3;8;0;0;2;4;4;6;10;1;0;0;3;5;8;
Danilo Gallinari;;20;0;3;0;1;5;6;0;3;3;0;2;1;1;1;5;
JaVale McGee;;15;2;4;0;0;1;2;1;2;3;0;0;0;4;2;5;
Nate Robinson;;14;2;9;1;4;1;1;0;0;0;1;1;0;0;3;6;
Randy Foye;;18;2;7;2;4;3;3;1;2;3;1;0;0;0;1;9;
POR
LaMarcus Aldridge;PF;36;12;26;1;1;3;4;4;5;9;4;1;1;1;2;28;
Nicolas Batum;SF;35;4;11;2;5;0;0;3;6;9;3;1;1;3;2;10;
Robin Lopez;C;28;5;12;0;0;2;2;4;5;9;2;0;3;1;3;12;
Damian Lillard;PG;34;4;9;2;5;1;1;1;4;5;7;2;0;0;3;11;
Wesley Matthews;SG;35;8;19;5;13;0;2;1;5;6;3;1;1;0;3;21;
Thomas Robinson;;5;0;1;0;0;0;0;1;3;4;0;0;0;0;3;0;
Meyers Leonard;;1;0;0;0;0;0;0;0;0;0;1;0;0;0;0;0;
Joel Freeland;;7;2;3;0;0;0;0;0;0;0;0;1;0;0;1;4;
Chris Kaman;;19;4;9;0;0;4;5;2;6;8;0;0;5;1;0;12;
Steve Blake;;22;3;3;3;3;0;0;0;1;1;4;1;0;3;2;9;
C.J. McCollum;;13;2;4;2;3;0;0;0;0;0;3;0;0;1;0;6;
Will Barton;;5;1;3;1;1;0;0;0;0;0;0;0;0;0;2;3;
