12-04;IND-POR;82-88;
14-16;19-22;26-24;23-26;
IND
David West;PF;31;6;13;1;1;0;0;0;8;8;3;2;1;2;2;13;
Chris Copeland;SF;20;2;9;1;5;0;0;0;3;3;0;0;0;2;2;5;
Solomon Hill;SF;29;7;11;1;2;0;0;4;4;8;3;1;1;2;3;15;
Roy Hibbert;C;31;4;10;0;0;1;2;2;5;7;2;0;1;2;2;9;
Rodney Stuckey;PG;29;7;15;0;1;2;2;0;6;6;5;0;0;4;4;16;
Luis Scola;;17;4;8;0;0;2;2;1;2;3;1;0;0;1;1;10;
Damjan Rudez;;26;2;4;1;3;0;0;0;1;1;0;0;0;1;1;5;
Ian Mahinmi;;19;0;1;0;0;0;2;3;7;10;0;1;1;0;3;0;
C.J. Watson;;19;2;12;0;1;0;0;0;3;3;3;1;1;1;1;4;
C.J. Miles;;20;2;8;1;5;0;0;1;1;2;2;0;0;2;0;5;
POR
LaMarcus Aldridge;PF;36;7;21;2;2;2;2;3;10;13;3;0;2;3;2;18;
Nicolas Batum;SF;37;5;13;1;5;2;2;0;5;5;5;3;2;3;0;13;
Robin Lopez;C;30;1;5;0;0;2;4;2;5;7;0;1;0;2;5;4;
Damian Lillard;PG;34;7;15;1;5;8;11;0;8;8;3;2;0;1;1;23;
Wesley Matthews;SG;34;6;14;0;5;0;0;0;0;0;0;1;0;1;1;12;
Allen Crabbe;;17;2;3;0;1;2;2;0;1;1;0;2;1;0;0;6;
Joel Freeland;;12;2;2;0;0;0;0;0;5;5;1;0;0;0;3;4;
Chris Kaman;;18;2;6;0;0;2;2;0;7;7;4;0;0;1;0;6;
Steve Blake;;21;1;4;0;3;0;0;0;2;2;4;0;0;1;4;2;
