04-10;TOR-ORL;101-99;
29-19;20-32;27-25;25-23;
TOR
Tyler Hansbrough;PF;36;7;12;0;0;2;3;4;3;7;1;2;0;0;2;16;
Terrence Ross;SF;21;3;8;1;5;0;0;0;2;2;1;1;0;2;0;7;
Jonas Valanciunas;C;28;3;7;0;0;2;2;6;7;13;0;0;1;3;2;8;
Kyle Lowry;PG;33;4;12;1;5;1;1;1;7;8;7;0;0;4;4;10;
DeMar DeRozan;SG;37;10;21;3;5;6;6;2;1;3;5;0;0;1;2;29;
Patrick Patterson;;24;3;9;1;6;0;0;3;2;5;3;3;0;3;3;7;
Chuck Hayes;;8;1;1;0;0;0;0;1;1;2;0;0;0;0;0;2;
Greivis Vasquez;;26;3;9;0;2;3;3;0;2;2;3;1;0;1;1;9;
Louis Williams;;27;5;15;3;7;0;0;0;4;4;2;1;0;1;1;13;
ORL
Tobias Harris;SF;32;8;15;0;3;0;0;1;7;8;1;1;0;2;0;16;
Nikola Vucevic;C;36;7;18;0;0;2;2;3;1;4;3;1;1;1;4;16;
Dewayne Dedmon;C;18;1;3;0;0;0;0;3;5;8;0;1;0;3;2;2;
Elfrid Payton;PG;35;2;7;0;1;2;2;1;5;6;8;4;2;1;3;6;
Victor Oladipo;SG;43;8;18;3;4;0;0;2;3;5;4;2;1;3;4;19;
Aaron Gordon;;24;5;8;0;2;3;3;3;3;6;3;0;0;1;2;13;
Andrew Nicholson;;11;2;4;0;1;0;0;0;2;2;0;0;0;0;1;4;
Evan Fournier;;26;6;10;3;6;3;3;1;5;6;2;0;0;3;2;18;
Willie Green;;15;2;6;1;3;0;0;0;1;1;0;2;0;2;1;5;
