03-16;CLE-MIA;92-106;
22-27;16-29;25-27;29-23;
CLE
LeBron James;SF;35;8;19;4;8;6;8;1;1;2;4;0;0;4;2;26;
Timofey Mozgov;C;28;4;7;0;0;2;3;1;4;5;0;0;0;1;2;10;
Tristan Thompson;C;27;3;8;0;0;1;2;2;6;8;0;0;0;0;2;7;
Kyrie Irving;PG;34;5;15;2;7;9;11;0;2;2;6;0;1;2;2;21;
J.R. Smith;SG;28;3;8;2;6;0;0;1;3;4;2;1;1;3;3;8;
James Jones;;31;2;8;2;8;0;0;0;3;3;2;1;1;2;4;6;
Kendrick Perkins;;8;0;0;0;0;0;0;0;2;2;1;0;0;1;3;0;
Matthew Dellavedova;;16;0;3;0;1;2;2;0;1;1;2;2;0;0;3;2;
Iman Shumpert;;22;3;7;1;3;0;0;1;3;4;0;4;1;1;0;7;
Shawn Marion;;9;2;4;0;0;1;1;1;0;1;0;0;0;0;0;5;
Mike Miller;;1;0;0;0;0;0;0;0;0;0;0;0;0;0;0;0;
MIA
Udonis Haslem;PF;17;0;0;0;0;0;0;0;2;2;2;0;0;1;1;0;
Luol Deng;SF;37;5;9;1;2;0;0;1;6;7;3;0;0;1;2;11;
Hassan Whiteside;C;32;6;12;0;0;4;6;1;10;11;0;0;3;1;2;16;
Dwyane Wade;SG;31;13;18;0;0;6;8;0;2;2;2;5;0;3;2;32;
Goran Dragic;SG;40;7;13;0;2;6;6;2;3;5;9;2;0;2;3;20;
Chris Andersen;;15;2;4;0;1;0;0;1;2;3;0;0;1;1;1;4;
Henry Walker;;24;1;4;1;4;0;0;0;7;7;1;0;0;3;6;3;
Michael Beasley;;16;2;6;0;1;0;0;1;2;3;1;0;0;1;2;4;
Mario Chalmers;;29;6;10;2;5;2;2;0;5;5;3;1;1;2;2;16;
