02-11;SAC-MIL;103-111;
29-29;22-31;18-27;34-24;
SAC
Rudy Gay;SF;38;7;12;1;4;2;3;2;6;8;3;0;0;4;4;17;
Omri Casspi;SF;15;3;8;0;1;0;0;2;1;3;0;0;0;0;0;6;
DeMarcus Cousins;C;37;9;20;0;0;10;12;6;13;19;5;0;4;6;4;28;
Ramon Sessions;PG;30;0;6;0;1;2;2;0;2;2;6;0;0;2;4;2;
Ben McLemore;SG;30;5;12;4;8;2;2;0;2;2;0;3;0;0;5;16;
Derrick Williams;;31;3;7;1;4;4;6;0;4;4;3;1;0;1;4;11;
Jason Thompson;;17;3;4;0;0;1;3;5;2;7;2;1;1;3;0;7;
Carl Landry;;13;2;6;0;0;0;0;1;1;2;0;0;0;0;0;4;
Ray McCallum;;21;4;8;2;3;0;0;0;1;1;4;1;0;2;1;10;
Nik Stauskas;;9;0;1;0;1;2;2;0;0;0;1;1;0;0;1;2;
MIL
Jared Dudley;SF;32;3;5;1;2;2;2;0;3;3;2;1;0;2;1;9;
Giannis Antetokounmpo;SF;36;4;9;0;1;5;7;1;6;7;2;2;0;2;4;13;
John Henson;C;22;5;8;0;0;2;2;2;2;4;0;0;5;2;5;12;
Brandon Knight;PG;33;8;14;3;6;1;2;2;4;6;5;0;0;4;2;20;
Khris Middleton;SG;30;4;11;1;2;6;6;3;7;10;3;2;0;0;1;15;
Ersan Ilyasova;;2;1;1;0;0;0;0;0;0;0;0;0;0;0;2;2;
Johnny O'Bryant III;;14;2;5;0;0;0;3;0;4;4;2;0;0;1;1;4;
Zaza Pachulia;;26;4;10;0;0;0;0;0;6;6;1;2;0;0;4;8;
Jorge Gutierrez;;15;2;3;0;0;1;1;0;2;2;3;1;0;1;2;5;
Jerryd Bayless;;5;0;0;0;0;2;2;0;0;0;1;2;0;1;1;2;
O.J. Mayo;;25;6;14;2;4;7;7;2;1;3;4;1;0;1;1;21;
