12-02;MIL-CLE;108-111;
23-30;31-22;25-27;29-32;
MIL
Giannis Antetokounmpo;SF;25;6;14;0;0;2;2;2;3;5;4;0;0;2;5;14;
Jabari Parker;SF;38;11;15;0;0;0;0;3;5;8;3;2;0;3;2;22;
Larry Sanders;C;23;2;6;0;0;2;2;2;2;4;2;1;0;0;5;6;
Brandon Knight;PG;37;10;18;5;9;2;2;1;5;6;8;3;0;3;4;27;
O.J. Mayo;SG;26;6;13;0;4;2;3;0;3;3;5;1;1;2;3;14;
Ersan Ilyasova;;12;3;7;1;3;2;2;1;2;3;1;0;1;0;1;9;
Jared Dudley;;20;1;3;0;1;0;0;0;4;4;3;0;0;1;2;2;
Zaza Pachulia;;25;2;6;0;0;1;2;3;1;4;1;1;1;1;2;5;
Jerryd Bayless;;16;3;5;0;0;0;0;0;1;1;1;0;0;0;0;6;
Khris Middleton;;18;1;5;1;3;0;0;0;2;2;3;3;0;1;2;3;
CLE
Kevin Love;PF;40;10;16;4;8;3;5;2;9;11;0;0;1;7;2;27;
LeBron James;SF;41;6;15;0;4;14;21;1;4;5;10;0;0;7;1;26;
Anderson Varejao;C;27;4;8;0;0;0;0;0;8;8;1;2;0;0;0;8;
Kyrie Irving;PG;41;10;15;0;3;8;10;0;2;2;6;1;1;1;4;28;
Shawn Marion;SG;32;4;10;0;2;2;2;1;3;4;0;1;1;1;2;10;
Tristan Thompson;;26;3;4;0;0;0;0;1;2;3;1;1;1;2;3;6;
Dion Waiters;;9;0;1;0;0;0;0;0;0;0;1;0;0;1;2;0;
Joe Harris;;7;0;0;0;0;0;0;0;0;0;2;0;0;0;0;0;
Mike Miller;;18;2;4;2;4;0;0;2;5;7;1;0;1;0;3;6;
