12-08;GS-MIN;102-86;
25-20;23-19;31-24;23-23;
GS
Harrison Barnes;SF;29;2;5;0;1;0;0;1;5;6;1;1;0;0;2;4;
Draymond Green;SF;30;3;10;0;3;4;4;2;8;10;3;3;1;3;1;10;
Andrew Bogut;C;2;0;2;0;0;0;0;0;4;4;0;0;2;1;0;0;
Stephen Curry;PG;31;10;20;1;7;0;0;1;3;4;7;3;1;3;3;21;
Klay Thompson;SG;30;7;15;3;6;4;4;0;1;1;3;0;0;1;2;21;
Ognjen Kuzmic;;3;0;1;0;0;0;0;1;1;2;0;0;0;0;0;0;
Festus Ezeli;;21;3;4;0;0;1;2;3;5;8;0;0;1;2;3;7;
Marreese Speights;;21;5;8;0;0;2;2;3;4;7;0;1;1;2;4;12;
Shaun Livingston;;26;5;8;0;0;2;2;2;3;5;6;4;0;4;3;12;
Justin Holiday;;6;1;2;1;1;0;0;0;0;0;0;0;0;1;0;3;
Brandon Rush;;6;0;1;0;0;0;0;0;0;0;0;1;0;0;0;0;
Leandro Barbosa;;9;2;5;0;1;0;0;0;0;0;1;0;0;0;0;4;
Andre Iguodala;;24;4;10;0;3;0;0;2;2;4;3;2;0;0;0;8;
MIN
Thaddeus Young;SF;30;5;11;1;1;2;3;3;4;7;1;1;0;2;2;13;
Andrew Wiggins;SF;38;8;18;0;1;5;8;2;3;5;3;0;0;4;2;21;
Gorgui Dieng;C;27;2;4;0;0;2;2;0;11;11;4;0;2;1;1;6;
Zach LaVine;PG;41;4;16;0;2;1;2;1;3;4;8;3;0;6;1;9;
Corey Brewer;SG;33;4;12;0;2;2;4;3;1;4;4;5;0;2;2;10;
Anthony Bennett;;14;2;8;0;0;0;0;0;5;5;0;1;1;0;1;4;
Shabazz Muhammad;;18;4;8;0;1;6;6;2;0;2;1;0;0;2;1;14;
Chase Budinger;;9;2;4;1;1;0;0;0;0;0;0;1;0;0;0;5;
Jeff Adrien;;6;0;1;0;0;1;2;1;1;2;0;0;0;0;0;1;
Robbie Hummel;;15;0;3;0;1;0;0;4;1;5;1;1;1;1;0;0;
Glenn Robinson III;;7;1;3;0;2;1;2;2;2;4;0;0;0;1;0;3;
