01-20;OKC-MIA;94-86;
24-27;25-23;23-17;22-19;
OKC
Serge Ibaka;PF;30;4;10;1;4;0;0;1;3;4;0;0;1;4;5;9;
Kevin Durant;SF;39;9;24;0;8;1;1;1;7;8;8;4;1;0;1;19;
Steven Adams;C;19;5;7;0;0;0;1;1;2;3;0;0;1;1;4;10;
Russell Westbrook;PG;35;8;17;0;2;3;4;5;5;10;6;4;0;3;2;19;
Andre Roberson;SG;14;2;4;1;2;0;0;1;3;4;0;2;0;1;2;5;
Nick Collison;;9;0;0;0;0;1;2;2;2;4;0;0;0;0;1;1;
Kendrick Perkins;;23;0;3;0;0;0;0;0;3;3;0;0;0;0;3;0;
Reggie Jackson;;26;7;9;2;3;0;0;0;2;2;1;0;0;2;3;16;
Anthony Morrow;;18;5;9;2;4;0;0;1;3;4;0;1;0;0;0;12;
Dion Waiters;;26;1;9;0;3;1;2;0;0;0;0;0;0;0;2;3;
MIA
Luol Deng;SF;29;2;6;1;3;3;4;0;4;4;1;0;0;2;1;8;
Chris Bosh;C;37;5;12;1;3;5;6;1;6;7;1;1;0;4;3;16;
Hassan Whiteside;C;11;5;5;0;0;0;0;1;1;2;0;0;1;1;0;10;
Mario Chalmers;PG;28;2;4;1;3;1;1;0;1;1;3;0;0;4;2;6;
Dwyane Wade;SG;34;8;18;0;2;2;4;0;2;2;6;1;0;4;1;18;
Udonis Haslem;;6;0;0;0;0;0;0;0;2;2;1;1;0;0;0;0;
Chris Andersen;;29;3;6;1;1;0;0;1;5;6;0;0;1;0;4;7;
Danny Granger;;25;3;5;2;3;1;2;0;3;3;0;0;0;1;2;9;
Shawne Williams;;7;1;4;1;4;0;0;1;1;2;0;1;0;0;0;3;
Norris Cole;;18;2;5;0;1;0;0;0;4;4;4;0;0;1;3;4;
Shabazz Napier;;16;1;3;1;2;2;2;0;3;3;4;0;0;2;0;5;
