03-20;IND-CLE;92-95;
20-25;21-20;31-27;20-23;
IND
David West;PF;12;1;7;0;0;0;0;2;2;4;2;1;1;0;3;2;
Solomon Hill;SF;30;1;6;0;1;0;0;1;4;5;5;0;0;0;1;2;
Roy Hibbert;C;35;8;13;0;0;4;4;2;6;8;3;0;1;1;2;20;
George Hill;PG;33;9;15;4;8;2;2;1;0;1;3;0;0;2;2;24;
C.J. Miles;SG;23;3;10;1;5;1;1;0;2;2;0;1;1;0;2;8;
Luis Scola;;31;6;10;0;0;2;2;2;9;11;0;0;1;0;4;14;
Lavoy Allen;;4;0;1;0;0;1;2;1;0;1;0;0;1;0;0;1;
Damjan Rudez;;18;2;3;2;3;0;0;0;0;0;1;1;0;1;1;6;
Ian Mahinmi;;12;0;0;0;0;0;0;0;0;0;0;0;1;1;3;0;
Rodney Stuckey;;25;2;11;0;2;2;2;0;5;5;4;1;0;1;1;6;
C.J. Watson;;15;4;8;1;1;0;0;0;5;5;5;1;0;2;1;9;
CLE
Kevin Love;PF;39;3;9;1;4;4;5;2;11;13;1;0;1;0;0;11;
LeBron James;SF;39;13;26;2;6;1;2;0;7;7;5;0;0;3;0;29;
Timofey Mozgov;C;34;5;10;0;0;2;4;2;6;8;0;2;1;2;2;12;
Kyrie Irving;PG;33;4;16;1;4;4;4;3;1;4;3;0;0;1;4;13;
J.R. Smith;SG;32;4;7;1;3;2;2;0;3;3;2;0;1;1;1;11;
James Jones;;5;1;3;1;3;0;0;0;0;0;0;0;0;0;0;3;
Tristan Thompson;;18;1;2;0;0;2;2;2;2;4;0;1;1;2;5;4;
Iman Shumpert;;24;0;3;0;2;1;2;2;3;5;2;1;2;0;1;1;
Matthew Dellavedova;;17;4;6;3;4;0;0;0;1;1;5;0;0;0;3;11;
