12-19;UTAH-ORL;101-94;
29-17;20-26;32-23;20-28;
UTAH
Derrick Favors;PF;34;9;14;0;0;5;7;2;8;10;3;0;2;1;2;23;
Gordon Hayward;SF;36;5;10;1;1;9;10;0;3;3;6;0;1;4;0;20;
Enes Kanter;C;31;5;10;0;1;1;2;3;4;7;1;0;0;3;2;11;
Trey Burke;PG;33;5;15;0;4;1;1;0;3;3;5;1;0;1;1;11;
Alec Burks;PG;34;3;7;1;2;1;2;0;7;7;3;0;0;1;2;8;
Trevor Booker;;17;3;4;1;1;2;2;1;3;4;2;0;0;1;1;9;
Joe Ingles;;3;1;1;0;0;0;0;0;1;1;1;0;0;0;0;2;
Rudy Gobert;;14;3;3;0;0;0;0;0;3;3;1;0;2;0;1;6;
Rodney Hood;;23;4;7;1;2;0;0;1;1;2;2;1;0;1;2;9;
Dante Exum;;15;1;2;0;0;0;0;0;2;2;0;2;0;3;3;2;
ORL
Channing Frye;PF;26;3;10;3;6;0;0;1;2;3;0;0;1;1;4;9;
Tobias Harris;SF;35;10;18;3;5;1;1;2;2;4;3;1;0;2;1;24;
Nikola Vucevic;C;34;8;14;0;0;0;0;1;8;9;3;0;0;0;4;16;
Evan Fournier;SG;39;7;16;4;6;3;4;2;1;3;4;0;0;2;2;21;
Victor Oladipo;SG;32;1;6;0;0;0;1;0;2;2;5;0;0;2;0;2;
Kyle O'Quinn;;23;2;4;1;2;2;2;1;5;6;1;3;1;1;3;7;
Dewayne Dedmon;;9;0;2;0;0;1;2;2;1;3;0;1;0;1;3;1;
Elfrid Payton;;28;5;7;0;0;1;2;0;2;2;11;1;0;3;4;11;
Ben Gordon;;14;1;6;1;3;0;0;0;2;2;1;0;0;0;1;3;
