01-23;LAL-SA;85-99;
15-31;23-25;23-20;24-23;
LAL
Ryan Kelly;PF;22;2;4;0;0;3;5;0;3;3;0;0;1;0;3;7;
Jordan Hill;C;23;4;12;0;0;2;2;1;4;5;1;0;0;2;4;10;
Robert Sacre;C;26;2;8;0;0;3;4;4;3;7;0;0;0;0;3;7;
Jordan Clarkson;PG;29;5;9;0;0;1;3;0;3;3;4;0;0;1;2;11;
Wayne Ellington;SG;28;5;12;1;3;0;0;1;5;6;1;0;0;0;0;11;
Ed Davis;;22;3;5;0;0;0;0;2;2;4;2;0;1;0;1;6;
Carlos Boozer;;26;5;10;0;0;0;0;0;7;7;0;0;1;2;4;10;
Wesley Johnson;;26;2;8;1;2;1;2;0;4;4;4;1;1;0;2;6;
Nick Young;;20;5;11;3;6;4;4;0;0;0;0;0;0;1;1;17;
Ronnie Price;;19;0;4;0;2;0;0;0;1;1;6;3;0;2;1;0;
SA
Tim Duncan;PF;20;5;9;0;0;4;5;1;6;7;3;0;2;0;1;14;
Kawhi Leonard;SF;33;6;12;1;3;2;3;2;12;14;3;2;0;1;1;15;
Matt Bonner;C;19;2;5;0;2;0;0;1;4;5;0;0;0;0;2;4;
Tony Parker;PG;23;7;14;1;1;2;4;0;1;1;4;0;0;1;0;17;
Danny Green;SG;28;2;6;1;5;2;2;0;2;2;2;0;1;3;2;7;
JaMychal Green;;3;0;0;0;0;0;0;0;1;1;0;0;0;1;1;0;
Jeff Ayres;;4;0;0;0;0;0;0;0;0;0;1;0;0;0;1;0;
Aron Baynes;;19;3;7;0;1;0;0;2;1;3;1;0;0;0;0;6;
Boris Diaw;;20;1;8;0;4;2;2;0;3;3;1;0;0;0;1;4;
Tiago Splitter;;19;0;4;0;0;2;4;4;7;11;0;0;1;2;2;2;
Patty Mills;;12;2;6;2;4;0;0;0;1;1;0;1;0;0;0;6;
Cory Joseph;;18;2;4;1;1;4;5;1;0;1;3;0;0;0;2;9;
Manu Ginobili;;23;6;9;1;3;2;2;1;2;3;1;2;0;2;3;15;
