11-14;SA-LAL;93-80;
29-22;18-13;21-22;25-23;
SA
Tim Duncan;PF;25;6;8;0;0;1;1;0;11;11;2;1;0;1;1;13;
Kawhi Leonard;SF;18;5;6;2;2;0;2;0;5;5;0;2;2;3;3;12;
Matt Bonner;C;20;2;4;2;3;4;4;0;2;2;0;0;0;0;2;10;
Tony Parker;PG;31;4;9;0;0;3;3;0;2;2;9;0;0;3;1;11;
Danny Green;SG;29;3;10;3;7;0;0;1;2;3;1;2;0;0;4;9;
Jeff Ayres;;7;1;1;0;0;0;0;0;1;1;1;0;0;1;3;2;
Kyle Anderson;;11;0;4;0;2;0;0;0;3;3;1;0;0;0;0;0;
Austin Daye;;4;1;4;0;1;0;0;0;0;0;0;0;0;0;0;2;
Aron Baynes;;20;1;3;0;0;2;2;3;4;7;0;0;0;0;5;4;
Boris Diaw;;24;3;12;1;3;0;0;2;3;5;2;1;0;0;0;7;
Cory Joseph;;26;5;10;1;2;3;4;0;3;3;4;1;0;2;2;14;
Manu Ginobili;;25;2;9;1;3;4;4;1;1;2;8;2;0;0;2;9;
LAL
Carlos Boozer;PF;32;8;13;0;0;3;4;2;6;8;1;2;0;2;2;19;
Wesley Johnson;SF;33;2;4;0;1;2;2;1;4;5;4;0;1;1;1;6;
Jordan Hill;C;28;4;13;0;0;2;4;5;6;11;0;0;0;1;0;10;
Jeremy Lin;PG;38;5;11;1;3;4;4;0;4;4;4;1;0;3;2;15;
Kobe Bryant;SG;36;1;14;0;5;7;9;0;4;4;6;1;2;4;1;9;
Ryan Kelly;;12;1;3;1;1;2;2;0;2;2;1;1;0;0;1;5;
Ed Davis;;20;3;5;0;0;0;3;0;4;4;0;0;1;1;4;6;
Xavier Henry;;4;0;1;0;0;0;0;0;1;1;0;0;0;0;0;0;
Robert Sacre;;14;1;5;0;0;0;0;1;2;3;0;0;0;0;0;2;
Jordan Clarkson;;22;3;6;0;2;2;3;2;2;4;1;1;1;1;2;8;
