01-03;PHI-LAC;91-127;
21-34;32-28;21-26;17-39;
PHI
Luc Richard Mbah a Moute;PF;24;4;7;2;4;4;4;1;0;1;1;1;0;0;1;14;
Robert Covington;SF;32;9;15;4;7;1;2;0;3;3;0;1;0;1;3;23;
Nerlens Noel;C;34;3;12;0;0;1;2;6;6;12;4;0;1;6;3;7;
Tony Wroten;SG;39;8;21;2;8;9;10;1;3;4;7;1;0;6;1;27;
K.J. McDaniels;SG;26;2;10;0;2;0;2;2;4;6;1;1;0;1;2;4;
Malcolm Thomas;;17;0;2;0;1;0;0;1;4;5;1;0;0;1;2;0;
Furkan Aldemir;;13;1;3;0;0;1;2;4;3;7;0;0;0;1;1;3;
Jerami Grant;;16;0;1;0;0;1;2;0;2;2;0;1;0;0;0;1;
Henry Sims;;15;1;1;0;0;0;0;0;2;2;2;1;0;4;2;2;
JaKarr Sampson;;24;4;7;1;3;1;2;0;3;3;1;1;0;1;4;10;
LAC
Blake Griffin;PF;30;7;13;0;1;1;1;0;2;2;3;1;0;3;1;15;
Matt Barnes;SF;23;3;8;1;5;0;2;0;2;2;0;1;0;0;2;7;
DeAndre Jordan;C;26;3;5;0;0;1;4;4;6;10;1;1;1;1;1;7;
Chris Paul;PG;30;7;11;3;5;7;7;2;6;8;12;2;0;1;4;24;
J.J. Redick;SG;27;7;12;3;7;0;0;0;1;1;1;0;0;0;2;17;
Glen Davis;;14;2;2;0;0;4;4;0;3;3;2;1;0;0;0;8;
Spencer Hawes;;21;3;9;1;4;0;0;1;5;6;3;1;2;1;4;7;
Ekpe Udoh;;6;2;2;0;0;0;0;0;1;1;0;0;0;1;2;4;
Jordan Farmar;;18;5;8;2;5;1;1;0;1;1;6;3;0;0;0;13;
Jared Cunningham;;6;1;2;1;1;0;0;0;1;1;0;1;0;0;0;3;
Reggie Bullock;;19;3;4;3;4;1;2;0;4;4;2;2;0;0;1;10;
Jamal Crawford;;22;3;9;1;5;5;5;2;2;4;3;0;0;1;2;12;
