03-23;HOU-IND;110-100;
26-15;27-24;23-29;34-32;
HOU
Donatas Motiejunas;PF;38;6;9;1;2;4;4;0;2;2;3;3;0;2;4;17;
Trevor Ariza;SF;32;1;2;0;0;2;2;0;11;11;1;2;0;4;3;4;
Joey Dorsey;C;25;0;2;0;0;0;0;0;8;8;0;0;1;1;6;0;
Patrick Beverley;PG;20;3;6;2;3;0;0;1;0;1;0;1;2;3;1;8;
James Harden;SG;43;10;21;3;8;21;22;1;3;4;7;2;2;4;4;44;
Josh Smith;;29;7;14;4;6;0;0;2;3;5;3;1;0;2;2;18;
Pablo Prigioni;;10;0;0;0;0;2;2;0;0;0;0;1;0;0;2;2;
Corey Brewer;;25;2;6;1;2;6;6;0;2;2;1;0;0;1;0;11;
Jason Terry;;18;2;5;2;3;0;1;0;2;2;1;1;0;2;3;6;
IND
David West;PF;31;4;13;0;0;2;4;1;3;4;5;0;0;2;2;10;
Solomon Hill;SF;25;2;6;1;2;0;0;1;0;1;2;0;0;5;3;5;
Roy Hibbert;C;32;8;12;0;0;2;2;6;4;10;1;1;1;2;3;18;
George Hill;PG;36;9;15;2;6;0;1;1;5;6;3;3;3;1;4;20;
C.J. Miles;SG;32;3;16;0;8;0;0;0;2;2;3;0;0;1;2;6;
Luis Scola;;17;3;8;0;0;3;6;3;4;7;1;0;0;1;0;9;
Damjan Rudez;;21;3;6;1;3;0;0;0;0;0;1;0;0;2;1;7;
Ian Mahinmi;;15;1;4;0;0;0;0;3;5;8;0;1;1;3;5;2;
C.J. Watson;;30;7;10;4;5;5;6;1;1;2;5;2;0;1;3;23;
