12-21;BOS-MIA;84-100;
21-28;21-24;19-20;23-28;
BOS
Jared Sullinger;PF;21;4;8;0;0;1;2;1;5;6;0;1;0;3;2;9;
Jeff Green;SF;33;4;12;3;7;2;2;0;3;3;3;0;0;1;0;13;
Tyler Zeller;C;25;10;15;0;0;2;3;5;3;8;0;0;2;2;3;22;
Avery Bradley;PG;33;2;10;0;2;0;0;1;6;7;4;2;0;2;2;4;
Marcus Smart;PG;28;1;4;1;4;0;0;0;4;4;4;1;0;2;2;3;
Brandan Wright;;13;3;5;0;0;0;0;2;1;3;0;0;0;1;0;6;
Brandon Bass;;5;1;2;0;0;2;2;2;0;2;0;1;0;0;0;4;
Jae Crowder;;7;0;2;0;1;0;0;2;0;2;1;0;0;0;1;0;
Kelly Olynyk;;28;5;13;0;3;3;4;0;3;3;4;0;1;1;5;13;
Jameer Nelson;;20;1;6;1;5;0;0;1;1;2;3;1;0;2;2;3;
Evan Turner;;26;2;6;1;1;2;2;0;2;2;3;0;1;1;1;7;
MIA
Chris Andersen;PF;24;3;6;0;0;1;3;0;6;6;1;2;0;0;0;7;
Luol Deng;SF;36;9;15;1;2;4;4;0;3;3;1;2;0;2;0;23;
Shawne Williams;SF;31;4;11;2;7;1;1;0;5;5;0;2;2;1;3;11;
Norris Cole;PG;37;7;13;0;2;1;2;1;3;4;4;0;1;1;1;15;
Mario Chalmers;PG;35;5;13;0;3;1;4;0;2;2;10;1;0;2;1;11;
Udonis Haslem;;25;3;4;0;0;4;4;1;5;6;2;0;0;1;1;10;
James Ennis;;26;4;8;2;3;6;6;3;5;8;0;1;0;1;3;16;
Danny Granger;;18;2;7;1;4;2;2;1;3;4;0;1;0;0;5;7;
Justin Hamilton;;7;0;1;0;0;0;0;0;0;0;0;0;0;0;0;0;
