01-04;IND-LAL;87-88;
28-15;20-26;21-22;18-25;
IND
David West;PF;32;5;13;0;2;1;1;4;4;8;3;0;0;5;1;11;
Solomon Hill;SF;36;3;11;2;6;2;2;1;3;4;1;1;0;2;2;10;
Roy Hibbert;C;29;5;12;0;0;2;2;3;8;11;0;1;1;1;1;12;
Rodney Stuckey;PG;28;3;11;2;3;2;2;2;2;4;4;1;0;2;3;10;
Donald Sloan;PG;36;6;14;1;6;3;4;0;7;7;9;0;0;1;2;16;
Luis Scola;;16;2;5;0;0;1;2;2;6;8;3;0;0;1;3;5;
Lavoy Allen;;19;1;2;0;0;0;0;3;3;6;1;0;1;0;2;2;
Chris Copeland;;12;1;4;0;2;0;1;0;0;0;0;0;0;1;4;2;
C.J. Miles;;32;7;18;3;9;2;4;1;1;2;0;2;0;1;3;19;
LAL
Ed Davis;PF;32;4;8;0;0;3;4;1;5;6;0;0;0;1;3;11;
Wesley Johnson;SF;12;0;2;0;2;0;0;0;3;3;1;0;0;0;0;0;
Jordan Hill;C;23;1;7;0;0;2;2;2;3;5;1;1;2;2;2;4;
Ronnie Price;PG;26;3;7;1;4;0;0;0;0;0;1;2;0;0;3;7;
Kobe Bryant;SG;32;7;14;2;3;4;4;0;6;6;6;3;0;2;2;20;
Carlos Boozer;;26;5;9;0;0;2;2;1;3;4;1;0;0;2;2;12;
Ryan Kelly;;12;0;0;0;0;0;0;0;2;2;0;0;0;0;2;0;
Nick Young;;29;4;12;2;5;12;12;0;3;3;1;1;0;1;2;22;
Robert Sacre;;13;0;1;0;0;0;0;1;3;4;1;0;1;0;1;0;
Jeremy Lin;;22;2;6;1;2;5;6;0;3;3;2;1;0;2;2;10;
Wayne Ellington;;14;1;5;0;2;0;0;0;1;1;0;0;0;1;1;2;
