03-01;NO-DEN;99-92;
21-16;16-21;28-28;34-27;
NO
Dante Cunningham;PF;40;7;12;0;0;0;0;2;5;7;1;2;1;3;1;14;
Omer Asik;C;25;3;5;0;0;3;5;2;14;16;3;1;0;0;0;9;
Eric Gordon;SG;32;6;14;3;10;3;5;1;1;2;2;1;0;2;3;18;
Tyreke Evans;SG;34;7;14;0;1;8;11;3;4;7;7;1;0;5;4;22;
Quincy Pondexter;SG;34;3;8;2;5;0;0;0;2;2;2;0;0;1;3;8;
Luke Babbitt;;17;2;4;0;2;0;0;0;2;2;1;0;2;1;0;4;
Alexis Ajinca;;22;3;6;0;0;4;4;1;5;6;3;1;1;0;3;10;
Norris Cole;;26;4;9;0;3;2;3;0;1;1;3;1;0;3;4;10;
Jimmer Fredette;;11;1;2;0;1;2;2;0;1;1;0;0;0;1;1;4;
DEN
Kenneth Faried;PF;27;1;6;0;1;1;2;1;5;6;3;1;1;1;5;3;
Wilson Chandler;SF;34;6;10;2;5;0;2;1;7;8;0;0;0;0;4;14;
Danilo Gallinari;SF;32;7;18;2;8;5;6;1;3;4;0;0;1;1;2;21;
Ty Lawson;PG;27;2;6;0;2;1;2;0;1;1;11;2;0;3;3;5;
Randy Foye;SG;30;7;13;5;10;0;0;0;0;0;0;2;0;3;4;19;
Joffrey Lauvergne;;11;0;5;0;1;0;0;2;1;3;0;1;0;1;1;0;
J.J. Hickson;;16;3;11;0;0;0;2;8;2;10;0;0;1;0;1;6;
Jameer Nelson;;21;3;7;0;3;0;0;0;1;1;3;1;0;1;2;6;
Will Barton;;27;7;14;0;2;2;3;3;7;10;0;2;0;0;3;16;
Gary Harris;;16;1;2;0;1;0;0;0;1;1;0;1;0;1;0;2;
