04-03;CHA-IND;74-93;
25-22;13-27;9-21;27-23;
CHA
Marvin Williams;PF;29;3;9;1;4;3;3;0;8;8;4;2;1;0;0;10;
Jeff Taylor;SF;19;0;1;0;0;0;0;0;1;1;1;1;0;0;0;0;
Al Jefferson;C;12;2;6;0;0;0;0;0;1;1;0;1;0;0;1;4;
Kemba Walker;PG;28;1;9;0;2;4;6;0;1;1;3;1;0;4;3;6;
Gerald Henderson;SG;28;5;13;1;1;1;2;0;7;7;1;0;1;3;1;12;
Noah Vonleh;;12;2;2;0;0;0;0;0;3;3;0;0;0;0;0;4;
Jason Maxiell;;19;0;2;0;0;0;0;4;3;7;2;1;0;1;3;0;
Bismack Biyombo;;24;3;6;0;0;4;7;4;5;9;0;0;3;2;1;10;
Mo Williams;;25;4;11;1;4;0;0;0;1;1;2;2;0;3;2;9;
Brian Roberts;;12;2;4;1;3;0;0;0;2;2;0;1;0;2;0;5;
Troy Daniels;;8;2;5;0;2;0;0;0;0;0;0;0;0;0;0;4;
P.J. Hairston;;10;0;5;0;2;0;0;2;0;2;1;0;0;0;1;0;
Lance Stephenson;;14;4;7;0;0;2;2;0;0;0;1;1;0;3;1;10;
IND
David West;PF;20;3;5;0;0;0;0;2;2;4;3;1;0;2;1;6;
Solomon Hill;SF;27;2;7;1;3;0;0;1;2;3;0;3;0;3;5;5;
Roy Hibbert;C;16;3;7;0;0;0;1;1;6;7;0;1;0;2;1;6;
George Hill;PG;29;2;11;0;1;0;0;0;6;6;10;3;0;2;3;4;
C.J. Miles;SG;28;4;12;1;4;3;3;1;5;6;0;0;2;1;2;12;
Luis Scola;;24;2;8;0;0;5;6;3;8;11;1;0;0;1;2;9;
Lavoy Allen;;13;2;5;0;0;2;2;3;2;5;1;0;0;1;2;6;
Chris Copeland;;4;0;0;0;0;0;0;0;1;1;2;0;0;0;0;0;
Damjan Rudez;;12;3;3;3;3;0;0;0;2;2;0;1;0;2;1;9;
Ian Mahinmi;;20;2;3;0;0;0;1;2;4;6;0;0;2;0;1;4;
Donald Sloan;;6;2;2;0;0;0;0;0;1;1;0;0;0;0;0;4;
Rodney Stuckey;;22;6;12;2;3;1;2;1;1;2;1;0;0;5;2;15;
C.J. Watson;;20;5;8;1;2;2;3;1;0;1;2;4;0;1;0;13;
