01-26;BOS-UTAH;99-90;
17-17;38-14;16-35;28-24;
BOS
Jared Sullinger;PF;27;4;10;1;3;3;3;2;7;9;1;1;0;4;1;12;
Brandon Bass;PF;25;3;6;0;0;2;2;1;6;7;1;1;1;0;5;8;
Jae Crowder;SF;16;2;4;1;1;0;0;0;1;1;0;0;0;0;1;5;
Avery Bradley;PG;29;4;12;2;4;2;2;0;0;0;0;1;0;3;2;12;
Evan Turner;SG;21;2;7;0;0;5;6;0;3;3;4;1;0;2;1;9;
Gerald Wallace;;14;0;0;0;0;2;2;0;3;3;0;2;0;2;0;2;
Tayshaun Prince;;30;7;10;2;3;3;4;0;2;2;5;0;0;0;1;19;
Tyler Zeller;;29;6;8;0;0;2;2;1;6;7;1;0;2;1;4;14;
Marcus Smart;;29;4;9;1;4;0;0;1;2;3;5;1;0;1;0;9;
Marcus Thornton;;19;3;8;1;4;2;2;0;2;2;1;1;0;1;0;9;
UTAH
Derrick Favors;PF;34;5;13;0;1;3;7;1;7;8;4;1;4;3;3;13;
Gordon Hayward;SF;36;7;17;4;5;8;12;2;4;6;3;3;2;1;2;26;
Joe Ingles;SF;31;1;6;0;2;0;0;0;4;4;5;4;0;2;6;2;
Enes Kanter;C;31;10;16;0;1;0;0;3;3;6;0;0;0;4;6;20;
Dante Exum;SG;25;0;2;0;2;0;0;0;1;1;2;0;0;2;3;0;
Trevor Booker;;4;0;0;0;0;0;0;0;0;0;0;0;0;0;0;0;
Rudy Gobert;;26;4;4;0;0;0;0;4;6;10;2;0;3;0;0;8;
Trey Burke;;32;7;20;4;12;0;0;0;0;0;0;0;0;0;1;18;
Elijah Millsap;;20;1;4;1;1;0;0;0;4;4;2;1;1;2;2;3;
