03-20;NO-GS;96-112;
26-30;16-23;26-33;28-26;
NO
Dante Cunningham;PF;30;0;4;0;0;0;0;0;4;4;1;0;1;1;4;0;
Alexis Ajinca;C;19;6;10;0;0;3;3;2;6;8;1;0;1;1;3;15;
Eric Gordon;SG;24;4;12;2;6;2;2;1;1;2;2;0;0;3;2;12;
Tyreke Evans;SG;15;1;4;0;0;0;0;1;4;5;4;0;0;4;2;2;
Quincy Pondexter;SG;27;4;9;3;5;4;4;0;3;3;2;0;0;1;0;15;
Luke Babbitt;;24;3;8;2;4;1;2;0;4;4;1;1;0;2;1;9;
Jeff Withey;;29;5;9;0;0;4;6;5;3;8;3;1;1;2;1;14;
Norris Cole;;37;7;13;2;4;0;0;0;5;5;4;0;0;2;2;16;
Jimmer Fredette;;23;2;5;1;2;5;5;0;3;3;1;1;0;4;2;10;
Elliot Williams;;12;1;3;1;1;0;0;0;0;0;3;1;0;0;0;3;
GS
Harrison Barnes;SF;20;9;13;1;1;3;3;0;1;1;0;1;0;0;2;22;
Draymond Green;SF;27;3;6;0;1;0;0;3;5;8;3;1;1;1;1;6;
Andrew Bogut;C;15;3;5;0;0;0;1;2;3;5;1;1;1;0;4;6;
Stephen Curry;PG;27;4;17;2;10;6;6;0;2;2;11;0;0;3;0;16;
Justin Holiday;SG;21;3;8;0;2;0;0;0;3;3;1;2;0;0;2;6;
David Lee;;20;3;4;0;0;1;2;1;6;7;2;0;1;0;1;7;
James Michael McAdoo;;5;0;2;0;0;0;0;2;2;4;0;1;0;1;2;0;
Festus Ezeli;;14;1;2;0;0;2;4;3;1;4;0;0;0;0;0;4;
Marreese Speights;;17;6;8;1;1;0;0;0;3;3;1;0;2;1;2;13;
Shaun Livingston;;22;3;6;0;0;2;2;0;2;2;4;2;0;3;4;8;
Leandro Barbosa;;24;4;7;1;2;3;3;1;2;3;4;1;0;0;1;12;
Andre Iguodala;;23;4;8;0;2;2;2;0;0;0;2;0;1;1;0;10;
Brandon Rush;;5;1;2;0;0;0;0;0;0;0;0;0;0;0;0;2;
