02-04;LAL-MIL;105-113;
24-26;30-20;14-28;26-20;11-19;
LAL
Ryan Kelly;PF;17;0;3;0;2;0;0;0;2;2;1;1;0;1;2;0;
Tarik Black;PF;16;2;2;0;0;1;4;0;4;4;1;0;0;2;3;5;
Robert Sacre;C;20;5;7;0;0;0;0;2;2;4;1;0;0;0;2;10;
Jordan Clarkson;PG;23;0;4;0;1;2;2;0;2;2;3;0;0;3;2;2;
Wayne Ellington;SG;38;7;17;5;12;0;0;1;1;2;2;0;0;0;3;19;
Ed Davis;;33;2;8;0;0;3;4;9;11;20;3;0;1;2;3;7;
Carlos Boozer;;37;13;21;0;0;2;2;1;8;9;4;0;0;4;1;28;
Wesley Johnson;;18;3;7;1;2;0;0;3;1;4;1;1;0;1;2;7;
Nick Young;;34;5;12;2;8;4;7;2;1;3;0;0;0;2;1;16;
Jeremy Lin;;30;2;12;1;3;6;6;0;3;3;6;1;1;1;6;11;
MIL
Jared Dudley;SF;34;4;8;1;3;0;0;0;0;0;2;0;0;1;2;9;
Giannis Antetokounmpo;SF;42;10;14;0;0;5;5;0;6;6;1;1;2;3;5;25;
John Henson;C;38;4;8;0;0;1;2;2;5;7;2;1;4;1;2;9;
Brandon Knight;PG;36;7;17;4;7;6;6;1;6;7;8;1;0;2;2;24;
Khris Middleton;SG;45;7;13;1;5;6;7;2;5;7;7;3;0;0;1;21;
Johnny O'Bryant III;;14;0;2;0;0;0;0;0;3;3;0;2;0;2;4;0;
Jerryd Bayless;;22;1;5;0;3;2;2;0;3;3;2;0;0;0;2;4;
O.J. Mayo;;33;8;15;5;8;0;0;0;2;2;3;2;1;2;4;21;
