04-03;MIL-BOS;110-101;
21-25;29-27;36-23;24-26;
MIL
Ersan Ilyasova;PF;26;8;14;1;5;0;0;2;2;4;1;0;1;0;3;17;
Giannis Antetokounmpo;SF;27;5;8;0;0;1;2;0;3;3;3;0;0;3;5;11;
Zaza Pachulia;C;30;4;10;0;0;3;6;3;5;8;5;0;1;3;1;11;
Michael Carter-Williams;PG;35;3;8;1;1;1;2;0;5;5;7;5;2;6;4;8;
Khris Middleton;SG;34;5;16;1;6;2;2;0;7;7;3;1;0;2;2;13;
Jared Dudley;;23;4;7;2;4;0;0;0;2;2;4;2;0;1;1;10;
John Henson;;17;5;5;0;0;0;0;2;6;8;0;0;1;2;0;10;
Jerryd Bayless;;19;2;4;0;2;2;2;1;2;3;2;0;0;0;3;6;
O.J. Mayo;;29;9;13;4;6;2;4;1;4;5;6;2;1;1;1;24;
BOS
Brandon Bass;PF;26;5;12;0;1;2;2;2;2;4;1;0;0;1;3;12;
Tyler Zeller;C;24;3;9;0;0;2;2;2;5;7;3;0;1;0;1;8;
Avery Bradley;PG;34;7;15;3;7;0;0;0;4;4;1;1;0;0;0;17;
Marcus Smart;PG;29;1;3;0;1;0;0;0;2;2;0;0;0;3;4;2;
Evan Turner;SG;28;3;7;0;1;0;0;1;5;6;6;1;1;3;1;6;
Jonas Jerebko;;21;7;10;1;1;2;2;1;4;5;1;2;0;1;2;17;
Jared Sullinger;;3;0;2;0;1;0;0;1;0;1;0;0;0;0;2;0;
Luigi Datome;;9;0;2;0;1;0;0;0;3;3;0;0;0;0;0;0;
Jae Crowder;;19;3;8;1;3;2;2;1;3;4;0;0;0;1;2;9;
Kelly Olynyk;;19;2;7;1;3;0;0;1;3;4;1;3;0;2;1;5;
Phil Pressey;;3;1;1;0;0;0;0;0;0;0;0;0;0;0;0;2;
Isaiah Thomas;;26;7;12;2;5;7;8;0;1;1;6;0;0;5;4;23;
