11-09;CHA-LAL;92-107;
25-18;26-24;13-34;28-31;
CHA
Marvin Williams;PF;29;4;6;3;5;0;0;2;3;5;0;1;0;0;3;11;
Michael Kidd-Gilchrist;SF;24;1;4;0;0;1;2;0;1;1;1;0;0;1;2;3;
Al Jefferson;C;34;10;23;0;0;3;6;3;4;7;1;1;0;2;3;23;
Kemba Walker;PG;34;7;11;0;0;3;5;1;2;3;4;2;0;1;1;17;
Lance Stephenson;SG;35;3;12;0;4;0;0;2;9;11;5;0;0;2;1;6;
Cody Zeller;;19;2;5;0;0;4;4;2;3;5;0;0;0;2;3;8;
Jason Maxiell;;12;2;3;0;0;0;0;1;1;2;0;1;0;0;1;4;
Bismack Biyombo;;3;0;0;0;0;0;0;0;0;0;0;0;0;1;0;0;
Jannero Pargo;;3;0;0;0;0;2;2;0;0;0;0;0;0;0;2;2;
Brian Roberts;;11;0;3;0;2;0;0;0;1;1;2;0;0;0;1;0;
Gary Neal;;24;4;9;0;2;6;8;0;1;1;1;0;0;1;0;14;
P.J. Hairston;;10;1;2;0;1;0;0;1;2;3;1;0;0;1;1;2;
Gerald Henderson;;3;1;1;0;0;0;0;0;0;0;0;0;0;0;0;2;
LAL
Carlos Boozer;PF;30;7;11;0;0;2;2;0;5;5;1;1;0;2;5;16;
Wesley Johnson;SF;35;2;6;1;2;0;0;0;3;3;0;1;0;0;1;5;
Jordan Hill;C;30;6;12;0;0;0;0;2;4;6;7;0;0;1;4;12;
Jeremy Lin;PG;33;8;12;3;6;2;2;1;2;3;7;1;0;1;3;21;
Kobe Bryant;SG;34;7;20;1;5;6;7;0;6;6;4;1;0;4;1;21;
Ed Davis;;22;5;5;0;0;0;2;1;4;5;0;0;1;1;3;10;
Xavier Henry;;7;0;2;0;0;0;0;0;0;0;0;1;0;1;0;0;
Robert Sacre;;11;2;4;0;0;2;4;1;2;3;0;0;1;0;1;6;
Ronnie Price;;18;2;6;0;2;3;3;0;2;2;8;3;0;1;4;7;
Wayne Ellington;;19;3;4;1;2;2;2;3;2;5;1;0;0;0;1;9;
