03-20;ATL-OKC;115-123;
35-34;33-27;27-29;20-33;
ATL
Paul Millsap;PF;37;8;16;1;3;2;4;0;3;3;3;4;2;2;4;19;
DeMarre Carroll;SF;33;5;9;1;5;4;6;1;4;5;1;1;0;1;2;15;
Al Horford;C;33;5;7;0;0;0;0;3;8;11;4;0;1;2;3;10;
Jeff Teague;PG;32;3;11;1;3;4;4;2;2;4;3;3;0;1;1;11;
Kent Bazemore;SG;28;4;9;2;3;0;0;0;4;4;0;1;1;1;3;10;
Mike Muscala;;5;1;1;0;0;0;0;0;0;0;0;0;0;0;0;2;
Pero Antic;;20;6;9;4;6;6;7;1;2;3;1;0;0;1;2;22;
Shelvin Mack;;21;2;6;1;4;0;0;0;1;1;4;0;0;1;0;5;
Dennis Schroder;;32;7;14;3;5;4;4;0;3;3;4;0;0;2;1;21;
OKC
Mitch McGary;PF;17;3;4;0;0;0;0;0;4;4;1;0;0;4;4;6;
Steven Adams;C;35;5;9;0;0;2;3;4;12;16;2;2;2;1;5;12;
Russell Westbrook;PG;44;8;24;3;6;17;17;2;8;10;14;1;0;6;3;36;
Dion Waiters;SG;37;11;18;2;6;2;2;1;2;3;2;1;2;0;2;26;
Andre Roberson;SG;17;2;4;1;3;0;0;0;2;2;1;1;0;1;2;5;
Nick Collison;;24;6;9;1;3;0;1;2;3;5;3;0;2;0;1;13;
Kyle Singler;;0;0;0;0;0;0;0;0;0;0;0;0;0;0;0;0;
Perry Jones;;6;1;1;0;0;0;0;0;0;0;0;0;0;0;0;2;
Steve Novak;;7;0;1;0;1;0;0;0;1;1;1;0;0;0;0;0;
D.J. Augustin;;21;1;4;0;1;0;0;1;2;3;1;0;0;0;1;2;
Anthony Morrow;;31;6;10;6;10;3;3;0;0;0;1;1;0;0;1;21;
