12-15;ORL-TOR;82-95;
25-28;27-16;13-27;17-24;
ORL
Channing Frye;PF;35;1;6;1;4;0;0;0;4;4;0;1;1;1;1;3;
Tobias Harris;SF;36;8;15;0;2;2;2;0;6;6;3;0;1;3;2;18;
Nikola Vucevic;C;35;6;13;0;0;1;3;3;6;9;2;2;2;4;4;13;
Evan Fournier;SG;30;4;10;1;3;2;2;1;2;3;2;1;0;2;3;11;
Victor Oladipo;SG;37;6;12;0;2;0;0;1;1;2;4;0;0;4;5;12;
Kyle O'Quinn;;19;1;1;0;0;0;0;0;6;6;0;0;1;2;1;2;
Maurice Harkless;;12;1;3;0;0;1;1;0;1;1;0;1;1;0;2;3;
Elfrid Payton;;14;2;3;0;0;0;0;0;2;2;2;0;1;2;1;4;
Ben Gordon;;23;7;11;2;4;0;0;1;2;3;0;0;0;1;0;16;
TOR
Amir Johnson;PF;20;5;8;0;0;1;2;1;2;3;0;0;0;1;3;11;
Terrence Ross;SF;22;3;11;3;7;0;0;0;6;6;1;0;0;0;1;9;
Jonas Valanciunas;C;23;2;6;0;0;2;2;2;6;8;0;0;1;1;1;6;
Kyle Lowry;PG;31;6;12;4;6;1;2;1;4;5;8;2;1;4;3;17;
Landry Fields;SG;22;3;6;1;1;1;2;2;2;4;2;1;0;0;1;8;
Tyler Hansbrough;;25;2;6;0;1;0;0;1;1;2;1;1;0;0;3;4;
James Johnson;;21;4;5;0;1;0;0;2;1;3;1;1;2;1;0;8;
Patrick Patterson;;28;4;6;2;4;0;0;1;2;3;6;2;0;0;0;10;
Greivis Vasquez;;20;2;9;0;5;0;0;1;1;2;4;0;0;3;2;4;
Louis Williams;;28;6;14;1;5;5;7;1;2;3;2;1;0;1;0;18;
