12-26;IND-DET;109-119;
26-32;27-25;29-36;27-26;
IND
David West;PF;29;3;12;0;0;0;0;5;6;11;3;1;1;3;3;6;
Solomon Hill;SF;37;4;8;1;2;5;5;1;2;3;4;1;0;0;0;14;
Roy Hibbert;C;23;5;10;0;0;9;10;1;4;5;0;0;0;0;6;19;
Rodney Stuckey;PG;19;4;7;1;1;0;0;1;4;5;3;0;0;2;3;9;
C.J. Watson;PG;32;6;8;2;3;0;2;0;4;4;6;0;1;4;1;14;
Shayne Whittington;;1;0;1;0;1;0;2;0;0;0;0;0;0;0;0;0;
Luis Scola;;24;7;13;0;1;0;1;2;5;7;3;1;0;4;5;14;
Lavoy Allen;;19;5;6;0;0;0;0;0;2;2;1;0;2;2;2;10;
Chris Copeland;;3;1;1;1;1;0;0;0;1;1;0;0;0;0;0;3;
George Hill;;27;5;12;3;8;0;0;1;2;3;2;0;0;2;2;13;
Donald Sloan;;8;1;1;0;0;2;2;0;0;0;2;0;0;0;0;4;
C.J. Miles;;18;1;4;1;3;0;0;0;3;3;1;0;0;1;0;3;
DET
Greg Monroe;PF;31;7;11;0;0;5;8;5;10;15;1;3;1;1;1;19;
Kyle Singler;SF;22;3;9;2;5;1;2;1;3;4;1;0;1;1;2;9;
Andre Drummond;C;28;9;12;0;0;2;8;2;4;6;0;3;1;4;5;20;
Brandon Jennings;PG;28;6;12;2;5;0;0;2;2;4;10;2;0;1;2;14;
Kentavious Caldwell-Pope;SG;34;6;13;2;5;1;1;0;3;3;1;2;0;1;2;15;
Jonas Jerebko;;28;3;7;1;3;3;4;0;6;6;3;0;1;0;3;10;
Caron Butler;;15;1;4;1;3;0;0;0;2;2;1;0;0;0;0;3;
Joel Anthony;;9;0;1;0;0;2;4;1;0;1;0;0;1;0;3;2;
D.J. Augustin;;24;6;8;1;3;1;2;1;0;1;8;1;0;1;2;14;
Jodie Meeks;;21;6;9;1;2;0;0;0;0;0;0;0;1;0;2;13;
