11-04;CHA-NO;91-100;
21-26;27-21;17-26;26-27;
CHA
Marvin Williams;PF;27;4;9;1;5;0;0;2;3;5;3;1;0;0;2;9;
Al Jefferson;C;32;8;17;0;0;4;4;2;3;5;2;1;0;0;2;20;
Kemba Walker;PG;27;4;13;3;8;0;0;0;2;2;3;1;0;1;2;11;
Gerald Henderson;SG;32;2;4;0;1;2;2;0;2;2;1;2;0;0;4;6;
Lance Stephenson;SG;23;1;6;0;0;0;0;2;5;7;4;0;0;5;0;2;
Jason Maxiell;;14;2;3;0;0;1;2;0;1;1;0;0;0;1;1;5;
Cody Zeller;;23;4;5;0;0;1;2;0;5;5;2;0;1;0;1;9;
Brian Roberts;;21;1;5;0;2;2;2;0;0;0;6;0;0;1;1;4;
P.J. Hairston;;14;2;3;0;1;0;0;0;1;1;0;0;0;1;1;4;
Gary Neal;;27;9;15;2;4;1;1;0;6;6;2;1;0;3;1;21;
NO
Anthony Davis;PF;37;10;17;0;0;4;4;2;11;13;2;1;3;1;0;24;
Omer Asik;C;28;3;4;0;0;4;4;4;7;11;3;1;1;0;2;10;
Jrue Holiday;PG;35;5;11;1;3;5;5;0;1;1;9;0;1;0;0;16;
Eric Gordon;SG;28;0;6;0;3;4;4;0;1;1;2;2;0;2;3;4;
Tyreke Evans;SG;31;7;18;2;4;0;0;1;9;10;5;0;0;4;3;16;
Ryan Anderson;;26;7;12;2;6;0;0;2;1;3;2;0;0;0;1;16;
Alexis Ajinca;;5;1;3;0;0;0;0;1;1;2;0;0;0;2;5;2;
Russ Smith;;4;0;1;0;1;0;0;0;0;0;0;0;0;2;2;0;
Jimmer Fredette;;14;0;0;0;0;0;0;0;1;1;0;0;0;1;2;0;
Austin Rivers;;32;5;9;0;1;2;2;1;4;5;3;1;1;0;1;12;
