03-11;CHI-PHI;104-95;
22-22;29-29;21-12;20-29;12-3;
CHI
Pau Gasol;PF;43;13;25;0;0;1;2;4;12;16;2;0;1;4;3;27;
Nikola Mirotic;PF;43;5;13;2;5;4;5;0;12;12;5;0;1;4;3;16;
Mike Dunleavy;SF;39;2;5;2;3;0;0;0;7;7;4;1;0;1;1;6;
Tony Snell;SF;45;2;9;1;4;5;7;2;8;10;2;1;0;7;1;10;
Aaron Brooks;PG;37;12;20;3;7;4;6;0;4;4;5;0;0;1;2;31;
Doug McDermott;;10;3;4;1;2;0;0;0;0;0;0;0;0;0;1;7;
Nazr Mohammed;;16;0;3;0;0;0;0;1;2;3;0;1;0;1;1;0;
E'Twaun Moore;;12;1;2;0;0;0;0;1;1;2;2;2;0;0;1;2;
Kirk Hinrich;;19;2;6;1;3;0;0;0;4;4;4;1;0;0;3;5;
PHI
Luc Richard Mbah a Moute;PF;35;1;10;0;4;1;2;1;7;8;2;1;0;0;0;3;
Nerlens Noel;C;36;4;9;0;0;0;4;4;11;15;1;4;2;2;6;8;
Ish Smith;PG;37;9;21;3;7;2;2;1;1;2;6;0;0;1;1;23;
Jason Richardson;SG;19;2;9;0;6;0;0;1;1;2;2;2;0;0;1;4;
JaKarr Sampson;SG;17;1;4;1;3;2;2;0;3;3;0;0;0;1;0;5;
Furkan Aldemir;;9;0;0;0;0;0;0;1;1;2;0;0;1;0;1;0;
Thomas Robinson;;18;3;10;0;0;1;4;7;8;15;2;1;1;1;3;7;
Jerami Grant;;20;1;5;1;4;3;6;0;3;3;2;1;0;1;2;6;
Robert Covington;;21;5;13;1;6;1;3;2;0;2;1;1;0;1;1;12;
Isaiah Canaan;;30;7;15;4;8;2;2;0;3;3;0;0;0;2;0;20;
Hollis Thompson;;25;3;8;1;3;0;0;0;0;0;0;2;1;1;0;7;
