11-07;MIL-DET;95-98;
21-27;23-24;28-25;23-22;
MIL
Ersan Ilyasova;PF;21;4;9;0;3;0;0;1;2;3;1;0;0;0;1;8;
Jabari Parker;SF;28;8;14;0;2;2;4;2;3;5;1;3;0;4;1;18;
Larry Sanders;C;25;3;5;0;0;1;2;2;3;5;2;3;3;1;5;7;
Kendall Marshall;PG;21;1;4;1;3;0;0;0;1;1;4;1;0;0;1;3;
Brandon Knight;PG;34;5;11;1;2;6;6;2;4;6;9;0;0;5;2;17;
Giannis Antetokounmpo;;27;3;8;0;0;3;4;0;5;5;1;0;0;1;0;9;
Jared Dudley;;20;3;4;2;3;1;2;0;1;1;0;0;0;1;2;9;
Zaza Pachulia;;17;3;3;0;0;0;0;1;3;4;1;2;1;1;3;6;
John Henson;;6;1;3;0;0;2;2;1;0;1;0;0;1;0;1;4;
Jerryd Bayless;;22;3;7;0;3;2;2;0;3;3;4;0;0;0;2;8;
O.J. Mayo;;19;2;9;1;4;1;1;0;1;1;3;1;1;0;1;6;
DET
Greg Monroe;PF;26;5;8;0;0;0;0;4;3;7;3;0;0;4;4;10;
Josh Smith;SF;36;5;14;0;2;4;10;5;3;8;5;2;1;4;3;14;
Andre Drummond;C;26;5;10;0;0;1;2;3;7;10;0;0;2;1;2;11;
Brandon Jennings;PG;31;5;12;4;6;1;2;0;2;2;6;2;0;1;2;15;
Kentavious Caldwell-Pope;SG;30;7;11;3;5;2;2;0;5;5;0;0;0;1;3;19;
Jonas Jerebko;;11;2;3;0;1;0;0;0;0;0;1;1;0;1;4;4;
Caron Butler;;36;5;8;3;4;1;2;0;4;4;0;1;0;2;3;14;
Kyle Singler;;14;1;2;0;0;0;0;0;2;2;1;0;1;2;1;2;
Joel Anthony;;7;0;0;0;0;0;0;0;1;1;0;0;1;0;2;0;
D.J. Augustin;;23;2;7;1;5;4;6;0;1;1;2;1;0;2;0;9;
