01-18;NO-TOR;95-93;
21-14;29-22;14-35;31-22;
NO
Ryan Anderson;PF;27;3;11;2;7;1;2;2;2;4;2;0;0;3;4;9;
Dante Cunningham;PF;28;1;5;0;0;0;2;1;3;4;1;3;0;0;1;2;
Omer Asik;C;32;5;10;0;0;1;2;3;6;9;0;1;0;1;2;11;
Eric Gordon;SG;36;6;15;1;5;1;1;0;5;5;5;1;0;5;3;14;
Tyreke Evans;SG;36;9;14;1;3;7;9;1;4;5;5;1;0;4;2;26;
Alexis Ajinca;;34;10;13;0;0;2;2;2;4;6;3;1;1;1;5;22;
Jimmer Fredette;;16;3;6;1;1;0;1;0;1;1;2;0;0;1;0;7;
Nate Wolters;;7;1;3;0;0;0;0;1;0;1;1;1;0;2;1;2;
Quincy Pondexter;;23;1;5;0;1;0;1;1;5;6;0;0;1;0;2;2;
TOR
Amir Johnson;PF;32;6;7;0;0;2;4;3;7;10;0;0;2;1;1;14;
Terrence Ross;SF;11;0;3;0;2;0;0;0;1;1;0;0;0;0;0;0;
Jonas Valanciunas;C;28;2;5;0;0;2;2;1;6;7;0;1;2;3;3;6;
Kyle Lowry;PG;38;4;10;0;3;0;0;2;3;5;5;2;0;4;2;8;
DeMar DeRozan;SG;36;7;18;1;4;7;9;0;3;3;1;1;0;1;3;22;
Tyler Hansbrough;;12;0;0;0;0;0;0;0;2;2;0;0;0;0;1;0;
James Johnson;;11;0;1;0;0;0;0;0;4;4;1;0;0;3;1;0;
Patrick Patterson;;24;3;5;2;4;2;2;1;2;3;1;1;1;0;4;10;
Greivis Vasquez;;28;5;14;4;9;2;2;0;2;2;9;2;0;3;3;16;
Louis Williams;;21;4;9;0;3;9;10;0;0;0;1;2;0;0;0;17;
