01-16;CHI-BOS;119-103;
22-24;33-34;33-28;31-17;
CHI
Pau Gasol;PF;31;9;16;0;0;2;3;4;7;11;4;0;2;3;1;20;
Taj Gibson;PF;39;5;11;0;0;3;3;1;7;8;2;0;0;0;4;13;
Derrick Rose;PG;33;12;20;5;8;0;0;1;2;3;10;1;2;0;0;29;
Kirk Hinrich;SG;34;2;4;2;2;0;0;1;2;3;3;2;1;0;1;6;
Jimmy Butler;SG;39;10;19;0;2;2;2;1;4;5;2;6;0;1;0;22;
Nikola Mirotic;;26;1;5;0;4;3;4;0;3;3;4;2;0;1;2;5;
Aaron Brooks;;20;6;10;3;5;0;0;0;2;2;1;1;1;2;4;15;
E'Twaun Moore;;18;3;4;3;4;0;0;0;1;1;2;0;0;0;2;9;
BOS
Jared Sullinger;PF;29;7;18;2;6;4;4;3;5;8;2;1;1;1;5;20;
Jae Crowder;SF;21;1;3;0;0;0;0;0;0;0;3;1;0;0;0;2;
Tyler Zeller;C;19;5;8;0;0;2;2;0;6;6;1;0;0;2;0;12;
Avery Bradley;PG;34;3;7;1;2;0;0;0;2;2;3;1;0;3;3;7;
Evan Turner;SG;34;5;11;0;1;1;2;0;6;6;8;0;1;4;2;11;
Brandon Bass;;23;7;11;0;0;2;2;2;3;5;2;0;1;2;1;16;
Kelly Olynyk;;25;7;14;0;1;0;0;4;5;9;0;0;1;1;4;14;
Phil Pressey;;15;3;4;1;2;1;2;1;1;2;3;0;0;0;0;8;
Marcus Smart;;27;1;4;1;3;2;2;1;5;6;5;2;0;0;1;5;
Marcus Thornton;;13;3;5;0;1;2;2;0;1;1;2;0;0;0;0;8;
