02-04;DEN-BOS;100-104;
29-26;22-35;27-22;22-21;
DEN
Kenneth Faried;PF;32;6;8;0;0;5;5;3;8;11;0;0;1;1;3;17;
Wilson Chandler;SF;36;2;8;0;5;4;4;2;6;8;4;1;1;2;2;8;
Jusuf Nurkic;C;21;4;7;0;0;6;6;3;4;7;2;1;3;2;2;14;
Ty Lawson;PG;43;9;15;1;3;4;4;1;1;2;8;2;0;4;0;23;
Arron Afflalo;SG;36;6;17;3;9;3;4;1;2;3;3;2;0;1;3;18;
Darrell Arthur;;19;1;7;0;2;0;0;2;4;6;0;2;1;1;5;2;
J.J. Hickson;;7;1;4;0;0;1;2;0;1;1;0;0;0;0;0;3;
Alonzo Gee;;10;2;2;0;0;2;2;1;2;3;0;1;0;0;2;6;
Danilo Gallinari;;25;1;9;0;5;5;6;1;6;7;1;0;0;3;2;7;
Erick Green;;5;1;3;0;0;0;0;0;0;0;0;0;0;0;0;2;
Gary Harris;;6;0;0;0;0;0;0;0;0;0;0;0;0;1;0;0;
BOS
Brandon Bass;PF;23;4;13;0;0;1;1;2;2;4;1;0;0;0;1;9;
Tyler Zeller;C;27;6;12;0;0;2;3;1;4;5;0;0;0;2;0;14;
Avery Bradley;PG;32;7;15;1;2;2;2;2;2;4;0;1;1;3;3;17;
Marcus Smart;PG;41;2;6;0;2;0;2;3;7;10;8;3;0;2;4;4;
Evan Turner;SG;30;3;11;1;4;0;0;1;7;8;8;2;1;3;2;7;
Jared Sullinger;;21;5;12;2;3;2;4;5;2;7;4;0;0;0;3;14;
Jae Crowder;;26;5;12;2;6;2;2;2;4;6;3;2;1;2;3;14;
Phil Pressey;;0;0;0;0;0;0;0;0;0;0;0;0;0;0;0;0;
James Young;;20;3;9;2;6;0;0;1;1;2;3;0;0;0;3;8;
Marcus Thornton;;20;5;9;4;5;3;3;2;3;5;0;2;0;1;2;17;
