12-05;MIA-MIL;85-109;
30-25;20-29;21-26;14-29;
MIA
Josh McRoberts;PF;22;1;1;0;0;0;0;0;1;1;0;2;0;2;2;2;
Danny Granger;SF;27;2;4;2;3;1;5;0;0;0;1;0;2;2;5;7;
Chris Bosh;C;38;9;23;1;6;2;3;1;5;6;1;2;0;5;1;21;
Mario Chalmers;PG;36;2;9;1;2;4;4;0;3;3;6;6;0;3;4;9;
Dwyane Wade;SG;34;10;18;0;0;8;10;1;2;3;8;0;0;4;0;28;
Shawne Williams;;14;1;3;0;2;0;0;0;2;2;0;1;0;1;2;2;
James Ennis;;24;2;4;1;2;2;4;0;3;3;0;2;0;0;3;7;
Justin Hamilton;;20;1;1;0;0;1;1;1;0;1;1;0;1;0;3;3;
Shabazz Napier;;25;2;5;2;3;0;0;0;1;1;4;3;0;1;2;6;
MIL
Giannis Antetokounmpo;SF;32;3;8;0;0;8;11;3;4;7;0;0;2;1;2;14;
Jabari Parker;SF;29;6;9;0;0;2;2;3;0;3;3;2;0;3;0;14;
Zaza Pachulia;C;24;2;2;0;0;0;0;2;6;8;2;2;1;5;4;4;
Brandon Knight;PG;21;5;11;1;3;2;2;0;5;5;3;1;0;5;4;13;
O.J. Mayo;SG;13;2;5;0;1;0;0;0;0;0;1;0;0;1;3;4;
Jared Dudley;;21;3;5;1;2;1;2;0;3;3;1;1;0;0;3;8;
Larry Sanders;;18;3;7;0;0;0;0;3;3;6;0;0;0;1;2;6;
Kendall Marshall;;24;7;8;4;5;2;2;0;3;3;4;0;0;4;3;20;
Nate Wolters;;5;0;0;0;0;0;0;0;0;0;0;0;0;0;1;0;
Jerryd Bayless;;29;2;5;1;2;7;7;1;3;4;5;2;0;2;2;12;
Khris Middleton;;24;6;9;2;3;0;0;0;6;6;2;3;0;2;2;14;
