10-31;MEM-IND;97-89;
23-19;22-34;33-14;19-22;
MEM
Zach Randolph;PF;33;7;14;0;0;8;10;6;7;13;1;3;0;1;3;22;
Tony Allen;SF;32;1;4;0;2;3;4;0;4;4;3;5;0;0;3;5;
Marc Gasol;C;33;9;16;0;0;2;3;0;6;6;2;2;2;2;5;20;
Mike Conley;PG;33;6;19;3;8;2;3;0;2;2;4;1;0;4;2;17;
Courtney Lee;SG;16;4;5;1;1;3;3;1;3;4;2;0;0;0;1;12;
Jon Leuer;;8;0;0;0;0;0;0;1;0;1;1;0;0;0;1;0;
Tayshaun Prince;;18;2;5;1;2;1;2;0;1;1;1;0;0;0;0;6;
Kosta Koufos;;22;1;4;0;0;1;2;3;2;5;1;0;0;0;2;3;
Beno Udrih;;17;4;6;1;2;0;0;0;3;3;2;0;0;1;0;9;
Vince Carter;;6;1;3;1;2;0;0;0;0;0;0;0;0;1;1;3;
Quincy Pondexter;;23;0;3;0;2;0;0;0;1;1;3;0;0;0;3;0;
IND
Luis Scola;PF;19;1;3;0;0;0;0;3;2;5;1;0;0;5;1;2;
Solomon Hill;SF;17;1;2;1;2;2;2;0;3;3;0;0;0;1;4;5;
Roy Hibbert;C;27;4;9;0;0;0;2;1;7;8;1;0;1;2;3;8;
Donald Sloan;PG;35;5;11;1;2;1;2;1;4;5;7;1;0;2;0;12;
C.J. Miles;SG;32;5;12;1;5;2;2;0;3;3;4;1;1;3;1;13;
Lavoy Allen;;26;3;4;0;0;2;2;2;8;10;2;1;1;1;3;8;
Chris Copeland;;31;5;14;2;7;4;4;2;4;6;2;0;0;2;1;16;
Damjan Rudez;;20;3;4;3;4;2;2;0;0;0;0;0;0;0;0;11;
Ian Mahinmi;;21;2;5;0;0;0;0;2;3;5;0;1;0;1;2;4;
Rodney Stuckey;;13;5;10;0;1;0;0;0;1;1;2;1;0;1;0;10;
