04-12;ATL-WSH;99-108;
22-38;23-28;30-24;24-18;
ATL
Elton Brand;PF;21;3;4;0;0;2;4;1;2;3;1;1;1;2;3;8;
Mike Muscala;PF;27;2;6;1;2;0;0;0;4;4;4;0;0;0;3;5;
Dennis Schroder;PG;29;6;16;0;3;2;3;1;5;6;3;0;0;3;3;14;
John Jenkins;SG;35;6;12;2;6;3;4;0;3;3;2;3;0;0;2;17;
Kent Bazemore;SG;28;2;8;0;2;3;4;2;4;6;2;3;1;1;3;7;
Pero Antic;;18;3;5;2;3;0;0;1;6;7;1;0;0;1;3;8;
Mike Scott;;30;6;15;3;7;4;5;0;3;3;1;0;0;2;3;19;
Austin Daye;;26;3;9;1;5;0;0;1;1;2;4;1;0;1;1;7;
Shelvin Mack;;26;5;12;0;1;4;4;1;3;4;6;2;0;1;1;14;
WSH
Nene Hilario;PF;27;6;8;0;0;2;2;4;6;10;0;0;0;3;2;14;
Paul Pierce;SF;29;4;7;4;6;2;2;1;6;7;2;2;0;0;1;14;
Marcin Gortat;C;32;6;13;0;0;3;4;4;5;9;4;0;2;0;2;15;
John Wall;PG;35;9;20;2;4;4;4;0;4;4;9;2;1;10;2;24;
Bradley Beal;SG;37;6;17;2;7;3;4;2;1;3;1;3;1;2;3;17;
Kris Humphries;;15;0;2;0;0;3;6;1;3;4;0;0;0;1;2;3;
Drew Gooden;;21;2;6;0;1;1;2;2;4;6;1;0;0;1;4;5;
Otto Porter Jr.;;26;4;7;1;2;0;0;0;4;4;1;1;2;2;3;9;
Kevin Seraphin;;1;0;0;0;0;0;0;0;0;0;0;0;0;0;0;0;
Ramon Sessions;;17;2;5;0;1;3;3;0;4;4;4;0;0;0;0;7;
