03-06;MIA-WSH;97-99;
18-40;21-27;34-21;24-11;
MIA
Udonis Haslem;PF;27;3;9;0;0;0;0;1;4;5;1;1;1;0;2;6;
Henry Walker;SF;33;3;12;2;9;0;0;0;4;4;0;0;0;1;4;8;
Hassan Whiteside;C;20;5;8;0;0;0;0;0;2;2;0;0;1;0;1;10;
Goran Dragic;SG;29;7;12;1;2;3;7;2;3;5;7;1;0;4;4;18;
Tyler Johnson;SG;36;5;8;0;3;1;2;3;2;5;3;1;0;2;2;11;
Chris Andersen;;13;1;4;0;1;2;2;1;5;6;1;0;0;1;1;4;
James Ennis;;29;2;3;2;2;5;6;1;4;5;0;1;0;4;2;11;
Michael Beasley;;22;6;13;1;4;0;0;0;3;3;2;0;0;2;1;13;
Shabazz Napier;;31;5;10;4;6;2;2;0;2;2;4;1;0;0;2;16;
WSH
Nene Hilario;PF;32;6;12;0;0;8;8;0;2;2;4;0;0;3;3;20;
Paul Pierce;SF;22;4;9;2;6;0;0;0;3;3;1;0;0;3;0;10;
Marcin Gortat;C;32;7;12;0;0;0;0;4;13;17;1;0;2;1;1;14;
John Wall;PG;35;2;7;0;3;2;2;1;6;7;12;3;2;0;1;6;
Bradley Beal;SG;33;6;11;2;4;3;5;0;2;2;1;0;0;1;4;17;
Drew Gooden;;17;4;9;1;3;2;2;2;2;4;0;0;0;0;2;11;
Otto Porter Jr.;;28;3;10;0;2;0;0;1;2;3;1;0;0;2;3;6;
Kevin Seraphin;;9;2;4;0;0;0;0;1;0;1;1;1;0;2;2;4;
Ramon Sessions;;13;2;5;0;2;1;1;0;3;3;2;2;0;2;2;5;
Garrett Temple;;18;2;3;2;3;0;0;1;0;1;1;0;0;1;3;6;
