04-01;SA-ORL;103-91;
23-19;29-21;30-20;21-31;
SA
Tim Duncan;PF;12;2;5;0;0;2;4;0;3;3;0;0;1;1;0;6;
Kawhi Leonard;SF;21;3;7;2;2;2;2;1;6;7;1;2;0;0;0;10;
Tiago Splitter;C;21;3;8;0;0;2;2;4;3;7;2;0;0;1;1;8;
Tony Parker;PG;22;2;7;1;1;2;2;0;0;0;4;0;0;0;1;7;
Danny Green;SG;15;1;3;1;3;0;0;0;2;2;0;0;0;1;1;3;
Jeff Ayres;;6;1;4;0;0;0;0;1;2;3;0;0;0;0;1;2;
Marco Belinelli;;30;4;12;3;7;1;2;0;4;4;3;1;0;2;0;12;
Aron Baynes;;24;5;10;0;0;8;8;2;3;5;0;0;1;2;1;18;
Matt Bonner;;9;1;2;0;1;0;0;1;0;1;0;0;0;0;0;2;
Boris Diaw;;24;4;9;2;5;1;1;1;3;4;4;2;1;1;0;11;
Patty Mills;;12;1;4;1;4;0;0;1;2;3;1;1;0;0;0;3;
Cory Joseph;;26;4;8;0;1;0;0;0;7;7;2;0;0;1;3;8;
Manu Ginobili;;18;4;7;3;5;2;2;0;3;3;3;2;0;1;1;13;
ORL
Tobias Harris;SF;40;7;14;1;3;3;4;1;6;7;1;1;1;2;2;18;
Nikola Vucevic;C;33;8;21;0;1;0;0;3;8;11;5;0;3;1;0;16;
Dewayne Dedmon;C;24;3;3;0;0;1;1;3;7;10;0;0;1;2;6;7;
Elfrid Payton;PG;36;7;15;0;0;0;0;4;3;7;7;4;1;1;3;14;
Victor Oladipo;SG;40;9;19;2;3;4;4;1;5;6;7;0;0;3;1;24;
Aaron Gordon;;11;0;1;0;1;0;0;0;2;2;1;0;0;1;2;0;
Andrew Nicholson;;17;1;7;0;3;0;0;0;2;2;1;0;1;1;1;2;
Kyle O'Quinn;;6;0;1;0;0;0;0;0;2;2;0;1;0;0;0;0;
Maurice Harkless;;4;0;3;0;1;0;0;2;1;3;0;0;0;0;0;0;
Luke Ridnour;;16;2;6;2;4;0;0;0;0;0;1;0;0;0;0;6;
Willie Green;;13;2;3;0;1;0;0;0;0;0;1;1;0;1;0;4;
