12-23;BOS-ORL;95-100;
9-26;21-27;30-32;35-15;
BOS
Jared Sullinger;PF;9;0;5;0;2;0;0;0;2;2;0;0;0;1;1;0;
Jeff Green;SF;25;2;6;0;1;0;0;0;0;0;0;1;0;1;0;4;
Tyler Zeller;C;29;6;9;0;0;10;10;1;9;10;0;1;1;2;3;22;
Jameer Nelson;PG;30;3;9;1;6;2;2;2;2;4;11;4;0;1;3;9;
Avery Bradley;PG;31;7;13;4;6;2;2;1;3;4;1;0;0;1;3;20;
Brandan Wright;;13;2;4;0;0;1;2;0;3;3;1;0;1;0;0;5;
Brandon Bass;;19;5;16;0;1;1;2;2;3;5;1;0;2;0;3;11;
Jae Crowder;;11;1;3;0;1;0;0;0;2;2;1;0;0;0;3;2;
Kelly Olynyk;;26;5;12;1;3;3;4;1;7;8;1;1;0;0;3;14;
Phil Pressey;;6;1;2;0;1;0;0;0;1;1;1;1;0;1;0;2;
Marcus Smart;;17;0;0;0;0;3;7;2;0;2;2;0;0;2;1;3;
Evan Turner;;25;1;6;1;2;0;0;0;4;4;3;2;0;3;1;3;
ORL
Kyle O'Quinn;PF;34;6;12;2;4;4;4;1;12;13;0;2;1;0;4;18;
Tobias Harris;SF;33;7;13;3;4;2;4;0;4;4;4;0;1;1;1;19;
Nikola Vucevic;C;33;8;12;0;0;2;2;2;10;12;2;0;1;3;3;18;
Elfrid Payton;PG;29;6;10;0;1;0;2;0;1;1;7;2;0;4;2;12;
Victor Oladipo;SG;36;2;15;0;2;4;5;1;3;4;6;2;0;2;4;8;
Channing Frye;;22;3;5;2;3;0;0;1;3;4;3;1;1;1;5;8;
Dewayne Dedmon;;8;1;3;0;0;0;0;1;2;3;0;0;0;1;0;2;
Evan Fournier;;31;2;9;0;4;3;6;1;2;3;0;0;0;1;1;7;
Ben Gordon;;15;4;4;0;0;0;0;0;1;1;1;0;0;1;1;8;
