03-09;BOS-MIA;100-90;
24-19;19-21;30-24;27-26;
BOS
Brandon Bass;PF;33;7;14;0;1;0;0;6;3;9;4;3;0;1;1;14;
Jae Crowder;SF;28;0;3;0;2;4;4;1;4;5;1;2;0;1;3;4;
Tyler Zeller;C;15;3;5;0;0;0;0;2;1;3;0;0;1;0;2;6;
Marcus Smart;PG;27;3;7;1;3;2;2;2;3;5;1;0;0;2;6;9;
Evan Turner;SG;27;4;12;0;1;0;0;1;5;6;2;0;0;1;2;8;
Jonas Jerebko;;23;4;9;0;2;1;1;2;4;6;1;0;0;1;3;9;
Gerald Wallace;;13;1;2;0;0;0;0;1;2;3;2;1;1;0;1;2;
Luigi Datome;;21;6;9;1;2;0;0;1;2;3;0;0;0;0;4;13;
Kelly Olynyk;;21;4;9;1;4;1;2;0;2;2;2;1;0;0;1;10;
Phil Pressey;;0;0;0;0;0;0;0;0;0;0;0;0;0;0;0;0;
Isaiah Thomas;;31;7;17;3;10;8;8;0;1;1;4;0;0;3;2;25;
MIA
Luol Deng;SF;33;3;10;1;3;4;4;2;2;4;4;1;0;1;0;11;
Henry Walker;SF;25;0;2;0;2;2;2;0;4;4;0;0;0;2;2;2;
Hassan Whiteside;C;22;2;6;0;0;3;6;1;8;9;0;0;0;1;4;7;
Mario Chalmers;PG;34;2;3;1;2;7;9;0;3;3;4;2;0;2;5;12;
Dwyane Wade;SG;35;13;23;2;4;6;7;0;4;4;2;0;0;4;2;34;
Chris Andersen;;19;2;2;0;0;2;2;1;4;5;1;0;1;0;1;6;
Michael Beasley;;32;6;16;0;4;2;2;1;1;2;1;1;0;2;0;14;
Shabazz Napier;;7;0;0;0;0;2;2;0;0;0;1;0;0;0;2;2;
Tyler Johnson;;33;1;7;0;2;0;0;0;1;1;2;1;1;1;1;2;
