02-09;OKC-DEN;124-114;
38-18;35-41;33-33;18-22;
OKC
Serge Ibaka;PF;24;3;7;1;2;0;0;2;5;7;0;1;3;0;4;7;
Kevin Durant;SF;37;13;19;7;12;7;11;0;4;4;2;1;0;4;2;40;
Kendrick Perkins;C;20;2;2;0;0;0;0;1;1;2;1;0;0;1;2;4;
Russell Westbrook;PG;32;8;14;1;2;9;12;1;4;5;9;0;0;1;1;26;
Andre Roberson;SG;24;5;6;2;3;0;0;0;3;3;3;1;1;1;4;12;
Mitch McGary;;25;6;12;0;0;5;6;5;5;10;0;0;1;0;1;17;
Nick Collison;;27;0;3;0;0;2;2;0;4;4;3;0;0;1;2;2;
Reggie Jackson;;19;1;3;0;0;3;4;0;4;4;4;0;0;1;3;5;
Anthony Morrow;;13;4;6;1;2;0;0;0;0;0;1;0;0;0;2;9;
Dion Waiters;;18;1;8;0;3;0;0;0;1;1;1;1;0;3;2;2;
DEN
Kenneth Faried;PF;33;8;14;0;0;6;8;5;5;10;1;0;0;1;4;22;
Wilson Chandler;SF;35;9;15;1;3;4;4;0;1;1;2;1;0;0;4;23;
Jusuf Nurkic;C;34;6;10;0;0;4;6;5;9;14;2;2;1;4;6;16;
Ty Lawson;PG;38;8;12;5;7;1;2;0;1;1;9;1;0;2;3;22;
Arron Afflalo;SG;28;2;9;0;5;2;3;1;2;3;1;0;0;1;1;6;
Darrell Arthur;;17;4;10;0;1;1;2;1;4;5;1;1;2;0;1;9;
J.J. Hickson;;12;2;3;0;0;1;2;0;2;2;1;1;0;1;1;5;
Danilo Gallinari;;14;1;6;1;6;0;0;0;1;1;0;1;0;1;1;3;
Erick Green;;1;0;1;0;1;0;0;0;0;0;0;0;0;0;0;0;
Randy Foye;;25;2;7;2;5;2;2;0;1;1;3;0;1;0;4;8;
Gary Harris;;1;0;0;0;0;0;0;0;0;0;0;0;0;0;0;0;
