11-30;CHI-BKN;102-84;
25-22;22-20;29-21;26-21;
CHI
Pau Gasol;PF;33;9;12;0;0;7;8;1;12;13;1;1;2;2;2;25;
Mike Dunleavy;SF;23;2;7;0;3;0;0;0;3;3;2;0;0;0;1;4;
Joakim Noah;C;32;1;3;0;1;1;4;2;8;10;3;1;1;5;5;3;
Derrick Rose;PG;26;5;12;2;7;2;3;1;5;6;2;0;0;4;1;14;
Jimmy Butler;SG;39;7;12;1;3;11;13;0;4;4;5;1;0;0;1;26;
Nikola Mirotic;;27;3;5;1;3;5;5;2;10;12;1;1;1;3;5;12;
Tony Snell;;6;0;0;0;0;0;0;0;0;0;0;1;0;0;1;0;
Doug McDermott;;6;0;1;0;0;0;0;0;0;0;0;0;0;0;0;0;
Nazr Mohammed;;3;1;2;0;0;0;0;0;0;0;0;0;0;0;0;2;
Aaron Brooks;;22;4;11;2;5;1;1;1;0;1;3;0;0;5;3;11;
Kirk Hinrich;;19;2;4;1;2;0;0;0;0;0;2;1;1;0;5;5;
E'Twaun Moore;;2;0;0;0;0;0;0;0;1;1;0;0;0;0;0;0;
BKN
Kevin Garnett;PF;24;3;7;0;0;1;1;0;7;7;3;3;0;0;1;7;
Joe Johnson;SF;28;1;7;0;3;1;2;0;4;4;1;1;0;3;3;3;
Brook Lopez;C;22;5;11;0;0;1;1;0;2;2;0;0;0;0;5;11;
Deron Williams;PG;34;3;12;0;1;4;4;0;1;1;3;1;0;2;0;10;
Bojan Bogdanovic;SG;31;6;12;1;4;0;0;2;3;5;2;1;0;1;2;13;
Mirza Teletovic;;16;1;6;0;3;2;2;1;2;3;0;0;0;2;2;4;
Cory Jefferson;;7;0;2;0;1;0;0;1;1;2;1;0;0;0;1;0;
Jerome Jordan;;13;2;4;0;0;0;0;0;2;2;2;1;0;1;3;4;
Mason Plumlee;;16;2;5;0;0;5;10;2;1;3;0;0;0;1;3;9;
Jarrett Jack;;27;5;13;0;1;2;2;1;3;4;4;1;0;0;0;12;
Jorge Gutierrez;;4;2;3;0;0;2;2;0;0;0;0;0;0;0;0;6;
Alan Anderson;;12;2;3;1;1;0;0;0;1;1;0;1;0;0;5;5;
Sergey Karasev;;4;0;1;0;0;0;0;0;0;0;0;0;0;0;0;0;
