10-31;SA-PHX;89-94;
24-11;21-25;26-31;18-27;
SA
Tim Duncan;PF;30;6;11;0;0;4;6;1;8;9;2;0;0;1;0;16;
Austin Daye;SF;19;2;7;2;6;0;0;0;2;2;2;2;0;1;4;6;
Kawhi Leonard;SF;24;0;5;0;1;6;6;1;7;8;1;0;0;1;0;6;
Tony Parker;PG;38;8;16;2;2;1;2;0;2;2;6;0;0;4;1;19;
Danny Green;SG;22;1;5;1;4;0;0;0;4;4;0;0;2;2;4;3;
Jeff Ayres;;5;1;1;0;0;0;0;0;2;2;0;0;0;1;2;2;
Marco Belinelli;;21;3;5;2;2;1;2;0;2;2;2;1;0;1;2;9;
Aron Baynes;;12;2;3;0;0;2;2;1;2;3;2;0;0;1;3;6;
Boris Diaw;;29;6;14;1;6;0;0;1;5;6;2;0;0;0;4;13;
Cory Joseph;;14;3;6;0;2;1;2;1;4;5;1;0;1;0;3;7;
Manu Ginobili;;25;0;5;0;2;2;3;0;2;2;2;0;0;0;2;2;
PHX
Markieff Morris;PF;33;7;16;0;1;6;6;2;9;11;3;0;1;0;2;20;
Marcus Morris;PF;22;2;8;0;4;0;0;0;3;3;2;1;1;0;2;4;
Miles Plumlee;C;15;2;6;0;0;0;0;1;3;4;1;0;1;1;4;4;
Eric Bledsoe;PG;39;3;15;1;2;5;5;3;6;9;3;1;1;2;2;12;
Goran Dragic;SG;34;4;10;0;2;2;2;1;2;3;1;0;0;2;2;10;
Anthony Tolliver;;17;0;2;0;2;1;2;0;2;2;0;0;0;0;1;1;
Alex Len;;32;4;6;0;0;2;3;4;7;11;1;0;1;0;2;10;
Isaiah Thomas;;29;10;17;0;3;3;4;1;1;2;4;0;0;2;4;23;
Gerald Green;;19;3;7;1;4;3;4;0;5;5;0;0;0;0;2;10;
