12-31;MIL-CLE;96-80;
31-18;21-29;19-7;25-26;
MIL
Johnny O'Bryant III;PF;13;1;5;0;0;0;2;3;0;3;1;1;0;1;1;2;
Giannis Antetokounmpo;SF;30;5;11;1;3;3;4;0;8;8;5;1;3;3;1;14;
Zaza Pachulia;C;23;4;9;0;0;1;2;3;5;8;1;1;0;1;2;9;
Brandon Knight;PG;34;11;19;4;9;0;0;1;5;6;2;1;1;2;3;26;
Khris Middleton;SG;32;3;9;2;5;1;2;2;6;8;3;3;0;2;0;9;
Jared Dudley;;30;4;8;1;2;0;0;2;5;7;1;0;0;0;4;9;
John Henson;;25;3;8;0;0;0;0;1;6;7;3;0;1;0;2;6;
Nate Wolters;;16;2;3;0;0;0;0;1;2;3;1;1;0;0;0;4;
Kendall Marshall;;15;1;5;0;0;0;0;0;1;1;4;0;0;1;0;2;
O.J. Mayo;;23;6;13;3;6;0;0;0;3;3;4;2;1;0;5;15;
CLE
Brendan Haywood;C;15;2;5;0;0;0;1;3;2;5;0;0;2;1;1;4;
Tristan Thompson;C;37;3;11;0;0;4;4;7;6;13;2;0;1;2;4;10;
Kyrie Irving;PG;39;9;23;1;7;6;7;0;5;5;4;0;0;3;0;25;
Mike Miller;SG;33;2;8;1;6;0;0;0;8;8;3;2;1;1;4;5;
Matthew Dellavedova;SG;30;3;8;3;5;2;2;0;4;4;4;0;0;1;2;11;
Lou Amundson;;5;0;2;0;0;0;0;0;1;1;0;0;0;1;1;0;
James Jones;;23;3;8;3;6;0;0;0;5;5;1;0;0;0;2;9;
Alex Kirk;;2;0;1;0;0;0;0;1;0;1;0;0;0;0;0;0;
A.J. Price;;11;1;4;0;1;2;2;1;2;3;1;0;0;1;0;4;
Joe Harris;;19;1;5;0;4;0;0;0;1;1;0;1;1;0;0;2;
Dion Waiters;;27;5;10;0;2;0;0;1;2;3;4;2;0;2;2;10;
