01-10;BKN-DET;93-98;
21-22;26-25;22-27;24-24;
BKN
Kevin Garnett;PF;17;1;3;0;1;0;0;3;4;7;4;0;0;1;1;2;
Joe Johnson;SF;36;7;14;3;6;0;0;1;1;2;4;0;0;1;1;17;
Mason Plumlee;C;25;7;10;0;0;0;0;1;4;5;0;1;1;2;3;14;
Jarrett Jack;PG;29;2;12;1;8;0;0;0;1;1;8;2;0;3;5;5;
Bojan Bogdanovic;SG;27;5;11;0;3;4;4;0;1;1;2;0;0;2;5;14;
Mirza Teletovic;;20;1;9;1;4;0;0;1;5;6;2;0;0;2;2;3;
Jerome Jordan;;6;1;1;0;0;0;0;0;2;2;0;0;0;1;1;2;
Brook Lopez;;27;3;9;1;2;4;4;3;12;15;1;1;1;0;4;11;
Darius Morris;;19;4;10;2;5;0;0;0;2;2;3;1;0;1;0;10;
Sergey Karasev;;11;1;2;0;0;0;0;0;1;1;1;0;0;0;0;2;
Alan Anderson;;23;5;7;1;2;2;2;0;4;4;0;1;0;0;1;13;
DET
Greg Monroe;PF;36;6;11;0;0;4;4;4;13;17;2;0;0;3;1;16;
Kyle Singler;SF;28;4;9;3;4;0;1;0;2;2;2;0;1;0;1;11;
Andre Drummond;C;28;6;9;0;0;2;3;2;7;9;0;1;2;2;2;14;
Brandon Jennings;PG;29;6;17;3;8;5;9;0;3;3;11;2;0;1;2;20;
Kentavious Caldwell-Pope;SG;24;2;5;1;4;1;2;1;3;4;4;4;0;3;2;6;
Jonas Jerebko;;26;4;6;3;5;0;0;2;5;7;1;0;0;0;2;11;
Anthony Tolliver;;5;0;0;0;0;0;0;0;0;0;0;0;0;0;0;0;
Caron Butler;;20;3;7;0;4;2;2;0;2;2;0;1;0;0;0;8;
D.J. Augustin;;19;2;7;1;3;0;0;0;0;0;6;0;0;1;0;5;
Jodie Meeks;;24;1;9;0;5;5;5;0;0;0;1;0;0;0;0;7;
