01-14;DAL-DEN;107-114;
24-28;26-31;28-31;29-24;
DAL
Greg Smith;PF;17;0;1;0;0;1;2;1;4;5;1;0;1;0;2;1;
Richard Jefferson;SF;30;6;13;4;9;0;0;2;4;6;1;1;1;0;4;16;
Chandler Parsons;SF;28;6;13;1;5;0;0;1;1;2;2;1;0;1;2;13;
Raymond Felton;PG;29;4;12;0;2;2;2;0;3;3;5;1;1;0;0;10;
Monta Ellis;SG;22;1;11;0;2;3;4;0;4;4;0;1;0;3;2;5;
Dwight Powell;;29;5;8;0;1;1;2;3;2;5;2;0;1;1;6;11;
Charlie Villanueva;;19;4;7;2;5;1;1;0;4;4;1;1;0;1;2;11;
Al-Farouq Aminu;;20;4;7;1;2;1;1;2;3;5;2;2;1;0;3;10;
J.J. Barea;;21;6;15;1;5;4;4;1;2;3;6;0;0;2;2;17;
Devin Harris;;26;5;13;0;6;3;4;0;2;2;4;1;0;0;2;13;
DEN
Kenneth Faried;PF;30;7;12;0;0;8;8;4;10;14;0;0;2;3;2;22;
Wilson Chandler;SF;39;6;13;1;5;2;4;1;9;10;6;0;0;2;3;15;
Jusuf Nurkic;C;25;3;8;0;0;1;1;2;7;9;2;1;2;1;4;7;
Ty Lawson;PG;44;10;18;0;3;9;13;1;4;5;12;0;0;3;1;29;
Arron Afflalo;SG;31;4;11;2;6;2;2;0;3;3;3;3;0;2;5;12;
Darrell Arthur;;21;2;5;0;2;4;4;0;1;1;0;0;1;2;2;8;
J.J. Hickson;;22;6;9;0;0;1;1;3;5;8;1;0;1;2;1;13;
Alonzo Gee;;14;2;3;1;1;0;0;0;0;0;1;2;0;0;3;5;
Erick Green;;4;1;1;0;0;0;0;0;0;0;0;0;0;1;1;2;
Gary Harris;;11;0;2;0;2;1;2;0;1;1;0;0;1;0;3;1;
