01-19;CHI-CLE;94-108;
19-24;20-30;23-30;32-24;
CHI
Taj Gibson;PF;38;4;10;0;0;2;5;3;7;10;1;1;5;1;3;10;
Pau Gasol;PF;37;4;14;0;0;3;4;5;6;11;2;0;2;0;2;11;
Derrick Rose;PG;30;5;14;3;5;5;5;0;1;1;2;1;0;1;1;18;
Jimmy Butler;SG;40;6;16;1;3;7;9;1;6;7;3;1;1;0;1;20;
Kirk Hinrich;SG;27;0;4;0;1;0;0;0;3;3;0;0;0;1;2;0;
Nikola Mirotic;;15;0;1;0;0;3;3;1;1;2;0;0;0;1;2;3;
Cameron Bairstow;;3;0;1;0;0;2;2;0;0;0;0;0;0;0;0;2;
Tony Snell;;23;5;8;2;4;0;0;1;3;4;0;1;1;4;2;12;
Nazr Mohammed;;3;0;0;0;0;0;0;0;1;1;0;0;0;0;2;0;
Aaron Brooks;;19;5;9;2;3;4;4;0;1;1;3;1;0;0;1;16;
E'Twaun Moore;;7;1;3;0;0;0;0;0;0;0;1;0;0;0;0;2;
CLE
Kevin Love;PF;30;3;13;1;3;9;10;5;7;12;2;1;0;3;4;16;
LeBron James;SF;36;12;23;0;3;2;3;1;4;5;4;0;0;6;4;26;
Timofey Mozgov;C;33;7;14;0;0;1;1;5;10;15;0;1;2;1;4;15;
Kyrie Irving;PG;41;7;16;1;2;3;4;1;3;4;12;0;2;1;1;18;
J.R. Smith;SG;34;7;11;6;9;0;0;1;2;3;1;1;0;1;1;20;
James Jones;;2;0;1;0;1;0;0;0;0;0;0;0;0;0;0;0;
Tristan Thompson;;27;3;10;0;0;0;1;6;4;10;0;0;0;0;4;6;
Brendan Haywood;;2;0;0;0;0;2;4;0;0;0;0;0;0;0;0;2;
Matthew Dellavedova;;13;1;1;0;0;1;2;0;0;0;0;0;0;0;0;3;
Joe Harris;;2;0;0;0;0;0;0;0;0;0;0;0;0;0;1;0;
Shawn Marion;;18;1;1;0;0;0;0;1;3;4;1;2;0;0;0;2;
Mike Miller;;2;0;0;0;0;0;0;0;1;1;0;0;0;0;0;0;
