02-23;MEM-LAC;90-87;
21-22;17-22;28-24;24-19;
MEM
Zach Randolph;PF;32;2;12;0;0;3;6;1;9;10;2;0;1;0;3;7;
Jeff Green;SF;35;5;12;3;6;3;4;1;5;6;2;1;0;2;0;16;
Marc Gasol;C;31;6;11;0;0;2;2;0;6;6;4;1;3;4;2;14;
Mike Conley;PG;34;5;10;1;3;7;8;1;2;3;7;2;0;1;0;18;
Courtney Lee;SG;30;3;8;1;3;2;2;0;1;1;3;2;0;0;3;9;
Jon Leuer;;9;2;2;0;0;0;0;1;2;3;0;0;0;0;1;4;
Tony Allen;;28;4;10;0;1;2;4;2;3;5;0;2;0;2;2;10;
Kosta Koufos;;18;2;6;0;0;0;0;2;3;5;1;0;0;0;1;4;
Beno Udrih;;8;2;5;0;1;0;0;0;0;0;0;0;0;0;0;4;
Nick Calathes;;16;2;5;0;1;0;0;0;3;3;3;2;0;1;1;4;
LAC
Spencer Hawes;PF;32;4;12;1;4;0;0;1;0;1;2;0;3;0;3;9;
Matt Barnes;SF;36;3;7;2;5;0;0;0;7;7;1;0;1;3;4;8;
DeAndre Jordan;C;40;4;4;0;0;1;4;3;14;17;1;1;2;1;2;9;
Chris Paul;PG;39;13;22;2;3;2;2;0;4;4;10;2;2;4;0;30;
J.J. Redick;SG;37;3;12;1;6;1;2;0;3;3;4;1;0;0;2;8;
Glen Davis;;12;2;2;0;0;0;0;0;3;3;0;0;0;1;1;4;
Hedo Turkoglu;;5;2;2;0;0;0;0;0;2;2;0;0;1;1;0;4;
Austin Rivers;;11;0;3;0;1;0;0;0;0;0;1;1;1;1;3;0;
Jamal Crawford;;27;4;15;3;8;4;4;1;2;3;2;1;0;2;1;15;
