11-25;CHI-DEN;109-114;
21-31;28-25;27-30;33-28;
CHI
Pau Gasol;PF;36;10;20;0;0;2;3;3;8;11;3;1;0;2;3;22;
Cameron Bairstow;PF;19;1;4;0;0;0;0;2;0;2;1;0;1;2;4;2;
Mike Dunleavy;SF;37;5;9;3;7;4;5;0;2;2;0;3;0;0;2;17;
Derrick Rose;PG;10;1;4;0;3;0;0;0;0;0;3;0;0;1;1;2;
Jimmy Butler;SG;40;7;13;0;1;18;20;3;6;9;1;1;0;2;3;32;
Nikola Mirotic;;21;1;5;0;2;2;3;2;5;7;2;2;1;0;3;4;
Doug McDermott;;11;0;1;0;0;0;0;0;1;1;0;0;0;0;0;0;
Tony Snell;;0;0;0;0;0;0;0;0;0;0;0;0;0;0;0;0;
Nazr Mohammed;;12;2;4;0;0;0;0;0;4;4;0;1;2;0;3;4;
Aaron Brooks;;23;4;12;2;5;6;6;0;0;0;2;0;0;1;1;16;
Kirk Hinrich;;31;4;10;2;3;0;0;1;0;1;8;1;0;4;2;10;
DEN
Kenneth Faried;PF;24;5;11;0;0;2;5;4;5;9;0;1;0;1;1;12;
Wilson Chandler;SF;29;6;11;2;4;0;0;2;5;7;0;0;0;1;3;14;
Timofey Mozgov;C;28;5;8;0;0;1;2;2;7;9;0;0;1;2;6;11;
Ty Lawson;PG;35;7;16;1;1;5;7;1;2;3;12;3;1;4;2;20;
Arron Afflalo;SG;32;7;11;3;4;2;2;1;3;4;1;0;0;0;3;19;
Darrell Arthur;;14;1;5;1;4;0;0;0;1;1;1;0;1;1;2;3;
J.J. Hickson;;19;2;5;0;0;3;4;1;3;4;1;0;2;2;1;7;
Alonzo Gee;;12;2;2;0;0;2;2;1;0;1;0;0;1;1;0;6;
Danilo Gallinari;;29;5;9;0;1;5;5;1;4;5;3;0;1;1;2;15;
Nate Robinson;;13;3;7;1;2;0;0;1;1;2;4;0;0;1;4;7;
Gary Harris;;6;0;0;0;0;0;0;0;0;0;0;1;0;0;1;0;
