01-02;IND-MIL;94-91;
23-21;23-32;20-15;28-23;
IND
David West;PF;31;3;8;0;0;0;0;4;4;8;4;1;0;4;0;6;
Solomon Hill;SF;36;1;7;0;1;5;6;1;4;5;3;3;0;2;0;7;
Roy Hibbert;C;25;6;11;0;0;6;6;3;4;7;0;0;0;3;4;18;
Rodney Stuckey;PG;28;3;9;0;2;5;5;0;3;3;4;1;0;2;3;11;
Donald Sloan;PG;33;4;11;2;5;0;0;0;8;8;6;1;0;0;0;10;
Luis Scola;;17;7;9;0;0;0;2;1;4;5;1;0;0;1;0;14;
Lavoy Allen;;23;3;9;0;0;0;0;1;4;5;5;0;1;1;3;6;
Chris Copeland;;15;0;3;0;3;0;0;0;0;0;0;1;0;1;1;0;
C.J. Miles;;32;8;14;6;9;0;1;0;4;4;1;0;2;1;1;22;
MIL
Johnny O'Bryant III;PF;13;0;4;0;0;0;0;0;0;0;2;0;0;1;0;0;
Giannis Antetokounmpo;SF;33;2;8;0;2;2;2;1;3;4;0;0;4;2;5;6;
Zaza Pachulia;C;25;4;10;0;0;4;4;4;10;14;1;1;1;0;0;12;
Brandon Knight;PG;33;9;19;2;5;0;0;0;2;2;7;4;0;2;1;20;
Khris Middleton;SG;31;5;10;1;5;0;0;1;7;8;3;2;0;1;6;11;
Jared Dudley;;23;3;6;3;5;0;0;0;2;2;4;1;0;0;0;9;
John Henson;;23;6;9;0;0;2;4;3;7;10;1;0;2;2;3;14;
Kendall Marshall;;12;1;2;0;1;0;0;1;1;2;4;0;0;1;0;2;
Jerryd Bayless;;23;3;9;0;2;0;0;0;0;0;5;2;0;1;0;6;
O.J. Mayo;;24;5;12;1;4;0;0;0;1;1;1;0;0;2;3;11;
