04-01;DEN-UTAH;84-98;
29-22;13-32;17-27;25-17;
DEN
Kenneth Faried;PF;27;7;13;0;0;5;5;4;6;10;0;0;1;0;4;19;
Wilson Chandler;SF;25;1;7;0;3;0;0;0;3;3;1;0;0;1;3;2;
Danilo Gallinari;SF;25;3;14;2;9;0;0;0;3;3;2;1;0;0;2;8;
Ty Lawson;PG;30;6;13;1;2;2;3;0;2;2;3;1;0;1;1;15;
Randy Foye;SG;28;2;9;1;8;0;0;1;2;3;2;1;0;1;2;5;
Joffrey Lauvergne;;23;3;7;0;1;2;2;3;5;8;1;0;3;0;1;8;
Jusuf Nurkic;;15;1;2;0;0;0;0;0;0;0;1;0;0;2;4;2;
Jameer Nelson;;20;1;8;1;5;0;0;1;1;2;0;0;1;0;1;3;
Erick Green;;7;2;4;1;2;0;0;0;0;0;1;1;0;0;0;5;
Will Barton;;23;6;12;1;2;0;0;1;6;7;2;2;0;1;0;13;
Ian Clark;;4;0;0;0;0;0;0;0;0;0;0;0;0;0;3;0;
Gary Harris;;14;1;6;0;1;2;2;1;0;1;0;1;0;0;1;4;
UTAH
Derrick Favors;PF;25;9;16;0;0;1;2;3;4;7;1;0;3;3;4;19;
Gordon Hayward;SF;34;3;8;2;4;5;5;0;3;3;2;1;1;0;0;13;
Joe Ingles;SF;27;4;7;4;5;0;0;0;3;3;0;0;0;2;2;12;
Rudy Gobert;C;30;7;7;0;0;6;11;3;9;12;2;1;2;2;3;20;
Dante Exum;SG;29;1;4;0;2;0;0;0;1;1;12;0;0;3;2;2;
Trevor Booker;;29;3;9;1;3;2;4;1;3;4;2;1;1;1;1;9;
Jeremy Evans;;5;1;1;0;0;0;0;1;0;1;0;0;0;0;1;2;
Chris Johnson;;12;2;5;0;3;0;0;0;2;2;0;0;0;0;1;4;
Jack Cooley;;1;1;3;0;0;1;2;1;1;2;0;0;1;0;1;3;
Bryce Cotton;;1;0;0;0;0;0;0;0;0;0;0;0;0;0;0;0;
Trey Burke;;25;5;12;2;5;0;0;0;5;5;4;0;0;1;0;12;
Elijah Millsap;;21;1;5;0;1;0;0;3;6;9;1;2;0;2;1;2;
