03-29;PHI-CLE;86-87;
20-26;25-27;24-19;17-15;
PHI
Furkan Aldemir;PF;27;5;6;0;1;1;2;7;3;10;0;1;0;0;2;11;
Robert Covington;SF;31;7;13;5;9;0;2;0;4;4;1;1;0;1;5;19;
Jerami Grant;SF;22;0;4;0;2;2;4;0;2;2;0;0;0;2;2;2;
Nerlens Noel;C;34;4;12;0;0;0;0;1;10;11;3;2;0;2;4;8;
Ish Smith;PG;31;5;16;0;4;1;1;1;4;5;7;1;0;4;0;11;
Luc Richard Mbah a Moute;;25;2;8;1;3;3;4;0;4;4;1;3;0;0;0;8;
Henry Sims;;13;1;2;0;0;1;2;2;0;2;0;0;0;1;3;3;
Isaiah Canaan;;17;3;11;2;7;0;0;0;1;1;5;1;0;3;2;8;
JaKarr Sampson;;17;4;7;1;2;0;0;0;3;3;1;0;0;0;1;9;
Hollis Thompson;;24;3;5;1;2;0;0;0;3;3;0;2;0;0;2;7;
CLE
Kevin Love;PF;31;4;10;2;5;0;1;3;7;10;1;2;1;2;1;10;
LeBron James;SF;38;8;24;1;4;3;6;2;9;11;6;0;1;5;0;20;
Timofey Mozgov;C;33;6;9;0;0;2;2;5;5;10;1;0;0;2;4;14;
Kyrie Irving;PG;38;7;18;1;2;2;3;0;3;3;4;2;0;5;1;17;
J.R. Smith;SG;37;3;8;3;7;0;0;1;2;3;2;0;0;0;1;9;
James Jones;;6;0;1;0;1;0;0;0;0;0;0;0;0;0;1;0;
Tristan Thompson;;20;2;5;0;0;2;2;4;5;9;0;0;0;1;1;6;
Iman Shumpert;;11;2;7;2;2;3;4;0;1;1;0;3;0;0;0;9;
Matthew Dellavedova;;20;0;2;0;2;0;0;1;2;3;2;0;0;0;2;0;
Shawn Marion;;6;1;1;0;0;0;0;2;1;3;1;0;0;2;1;2;
