11-01;MEM-CHA;71-69;
23-15;13-15;15-16;20-23;
MEM
Zach Randolph;PF;29;6;12;0;0;0;0;1;11;12;0;0;0;1;3;12;
Tayshaun Prince;SF;18;1;5;0;1;0;0;1;2;3;1;0;0;1;1;2;
Tony Allen;SF;34;3;7;0;0;0;1;1;3;4;0;4;0;1;4;6;
Marc Gasol;C;36;9;18;0;0;4;5;2;6;8;2;0;0;4;5;22;
Mike Conley;PG;34;3;14;0;3;3;3;0;4;4;7;1;0;3;2;9;
Jon Leuer;;12;1;5;0;1;0;0;1;1;2;0;1;0;0;1;2;
Kosta Koufos;;20;0;2;0;0;1;2;3;3;6;1;0;0;2;2;1;
Beno Udrih;;21;3;8;0;0;0;0;0;2;2;5;1;0;2;2;6;
Quincy Pondexter;;17;0;1;0;1;2;2;0;0;0;0;1;0;0;1;2;
Vince Carter;;21;3;8;3;5;0;0;0;4;4;0;0;0;4;1;9;
CHA
Marvin Williams;PF;25;1;3;1;3;0;0;0;3;3;2;0;0;2;5;3;
Michael Kidd-Gilchrist;SF;28;2;4;0;0;7;10;1;11;12;1;0;0;1;1;11;
Al Jefferson;C;38;8;19;0;0;3;4;3;3;6;2;1;4;2;3;19;
Kemba Walker;PG;31;1;11;1;5;2;3;0;3;3;4;2;0;2;1;5;
Lance Stephenson;SG;27;1;6;0;1;0;0;1;7;8;4;1;0;3;1;2;
Cody Zeller;;23;3;7;0;0;0;0;0;4;4;0;1;0;3;0;6;
Jason Maxiell;;10;0;1;0;0;0;0;0;1;1;0;0;0;3;2;0;
Brian Roberts;;17;2;4;1;2;0;0;0;0;0;3;2;0;1;0;5;
Gary Neal;;24;4;10;1;3;1;1;0;4;4;1;2;0;2;3;10;
Gerald Henderson;;17;4;7;0;0;0;0;0;3;3;0;1;0;1;0;8;
