11-16;HOU-OKC;69-65;
24-19;18-14;9-18;18-14;
HOU
Donatas Motiejunas;PF;32;3;9;0;2;1;2;7;2;9;1;0;1;3;3;7;
Trevor Ariza;SF;37;4;11;1;4;2;4;0;4;4;1;1;0;0;2;11;
Dwight Howard;C;40;4;14;0;0;4;13;4;5;9;1;0;1;4;5;12;
Patrick Beverley;PG;29;4;10;2;8;2;2;3;5;8;1;2;0;0;3;12;
James Harden;SG;37;5;17;2;9;7;8;1;8;9;5;1;1;4;3;19;
Tarik Black;;13;1;3;0;0;0;0;4;4;8;0;0;0;2;2;2;
Kostas Papanikolaou;;15;0;6;0;3;0;0;2;2;4;0;0;2;1;0;0;
Jason Terry;;19;0;2;0;2;0;0;1;1;2;1;0;0;0;3;0;
Troy Daniels;;4;0;1;0;1;0;0;0;0;0;1;0;0;0;1;0;
Francisco Garcia;;13;2;7;2;6;0;1;0;1;1;0;1;1;0;1;6;
OKC
Serge Ibaka;PF;35;5;13;0;4;0;0;2;4;6;2;0;5;3;4;10;
Lance Thomas;SF;26;4;11;0;0;7;8;1;0;1;2;1;0;0;3;15;
Steven Adams;C;23;0;2;0;0;1;2;3;3;6;1;0;6;2;5;1;
Reggie Jackson;PG;37;3;11;0;3;9;9;1;10;11;4;1;0;4;5;15;
Jeremy Lamb;SG;25;2;5;1;4;0;0;0;4;4;1;2;1;2;1;5;
Nick Collison;;16;1;3;0;2;2;2;1;4;5;1;0;0;1;4;4;
Kendrick Perkins;;23;1;3;0;0;0;2;3;3;6;1;0;3;2;4;2;
Sebastian Telfair;;21;3;9;2;4;1;1;0;3;3;1;1;0;1;1;9;
Ish Smith;;6;0;2;0;0;0;0;0;2;2;0;0;0;0;0;0;
Anthony Morrow;;29;1;9;0;2;2;4;0;1;1;1;1;0;0;3;4;
