12-22;DEN-CHA;82-110;
18-28;22-30;17-26;25-26;
DEN
Kenneth Faried;PF;21;2;3;0;1;4;5;3;6;9;0;0;1;2;1;8;
Wilson Chandler;SF;25;3;4;0;1;0;0;0;6;6;1;1;1;1;4;6;
Timofey Mozgov;C;15;1;4;0;0;0;0;0;3;3;1;1;0;1;1;2;
Ty Lawson;PG;31;8;15;2;3;0;0;0;0;0;4;0;0;4;0;18;
Arron Afflalo;SG;32;4;12;0;3;1;2;0;3;3;0;0;0;0;1;9;
J.J. Hickson;;13;1;3;0;0;0;2;1;2;3;0;0;1;1;0;2;
Alonzo Gee;;30;4;8;0;1;7;7;1;1;2;1;1;0;1;2;15;
Jusuf Nurkic;;20;3;9;0;0;2;2;1;4;5;1;2;1;2;5;8;
Nate Robinson;;21;3;14;0;6;0;0;1;1;2;2;0;0;1;4;6;
Erick Green;;15;2;6;0;0;0;0;0;1;1;1;0;0;0;0;4;
Gary Harris;;17;0;4;0;3;4;6;2;1;3;0;1;0;0;2;4;
CHA
Cody Zeller;PF;19;4;7;0;0;2;4;0;4;4;0;1;2;2;4;10;
Michael Kidd-Gilchrist;SF;23;2;4;0;0;1;2;1;2;3;1;1;1;0;3;5;
Al Jefferson;C;26;10;13;0;0;2;4;1;6;7;2;1;0;0;2;22;
Kemba Walker;PG;30;5;12;2;5;6;6;0;1;1;9;0;0;1;1;18;
Gerald Henderson;SG;19;2;5;0;0;0;0;1;5;6;2;0;0;1;2;4;
Jason Maxiell;;6;2;2;0;0;1;2;0;3;3;0;0;0;0;0;5;
Marvin Williams;;26;1;5;0;3;2;2;1;3;4;3;1;0;0;0;4;
Jeff Taylor;;6;0;2;0;1;0;2;0;0;0;0;0;0;0;2;0;
Bismack Biyombo;;16;3;3;0;0;0;0;1;3;4;0;0;0;0;1;6;
Jannero Pargo;;8;2;3;2;3;0;0;0;0;0;1;0;0;1;1;6;
Brian Roberts;;18;3;5;1;1;0;0;0;0;0;3;0;0;4;2;7;
P.J. Hairston;;21;4;11;2;5;0;0;1;9;10;0;1;3;1;1;10;
Gary Neal;;24;5;8;1;1;2;2;0;2;2;2;1;0;2;2;13;
