12-19;CHA-PHI;109-91;
37-26;29-20;19-26;24-19;
CHA
Cody Zeller;PF;23;1;4;0;0;2;2;3;4;7;1;0;0;0;3;4;
Michael Kidd-Gilchrist;SF;31;4;9;0;0;1;2;2;6;8;1;2;0;1;0;9;
Al Jefferson;C;36;9;23;0;0;2;2;3;9;12;3;1;0;2;1;20;
Kemba Walker;PG;38;13;23;3;4;1;2;2;2;4;5;1;0;3;0;30;
Gerald Henderson;SG;32;5;11;1;3;0;0;1;1;2;4;1;2;2;3;11;
Marvin Williams;;29;3;6;3;6;0;2;2;4;6;2;0;1;1;2;9;
Bismack Biyombo;;9;2;2;0;0;0;0;3;0;3;0;0;0;2;2;4;
Brian Roberts;;10;1;3;1;1;2;2;0;0;0;2;1;0;1;2;5;
P.J. Hairston;;15;1;7;0;5;5;5;1;1;2;1;2;0;1;1;7;
Gary Neal;;18;4;10;2;5;0;0;0;1;1;6;2;0;1;3;10;
PHI
Luc Richard Mbah a Moute;PF;33;4;9;2;3;0;0;0;7;7;2;2;0;1;1;10;
Robert Covington;SF;27;6;10;6;8;1;2;0;2;2;1;0;2;4;3;19;
Nerlens Noel;C;31;3;7;0;0;0;0;1;8;9;3;3;3;2;1;6;
Michael Carter-Williams;PG;30;6;17;0;3;2;2;0;5;5;10;1;1;4;2;14;
Hollis Thompson;SG;23;1;7;0;4;0;0;0;1;1;2;0;2;0;0;2;
Jerami Grant;;11;0;1;0;1;0;0;0;2;2;1;0;0;0;0;0;
Henry Sims;;14;3;4;0;0;1;1;0;1;1;0;0;0;3;1;7;
JaKarr Sampson;;20;2;2;0;0;4;4;1;4;5;0;0;1;3;2;8;
K.J. McDaniels;;27;2;4;0;1;2;2;0;2;2;1;0;2;4;3;6;
Tony Wroten;;24;5;10;4;6;5;6;0;1;1;3;0;1;3;4;19;
