12-10;NO-DAL;107-112;
15-25;36-22;27-30;29-35;
NO
Anthony Davis;PF;40;11;20;0;0;9;9;5;6;11;2;0;2;1;3;31;
Luke Babbitt;SF;23;2;7;1;5;0;0;0;2;2;0;0;0;0;3;5;
Omer Asik;C;26;2;6;0;0;2;4;5;10;15;0;0;0;2;3;6;
Jrue Holiday;PG;35;12;22;5;8;1;2;0;1;1;10;3;0;2;3;30;
Tyreke Evans;SG;33;4;11;0;1;0;0;0;2;2;1;1;1;2;3;8;
Dante Cunningham;;27;2;3;0;0;0;0;2;3;5;0;0;0;0;0;4;
Ryan Anderson;;30;3;8;0;2;7;7;3;2;5;0;0;0;4;3;13;
Gal Mekel;;9;2;6;0;1;0;0;0;1;1;2;1;0;0;1;4;
Austin Rivers;;17;2;5;1;1;1;2;1;2;3;1;0;0;0;1;6;
DAL
Dirk Nowitzki;PF;31;8;16;0;1;4;4;2;4;6;2;1;0;3;0;20;
Chandler Parsons;SF;34;8;13;3;6;1;1;0;2;2;2;1;1;1;1;20;
Tyson Chandler;C;31;4;7;0;0;1;1;2;4;6;1;0;2;0;2;9;
J.J. Barea;PG;23;1;7;0;1;0;0;0;2;2;1;0;0;0;1;2;
Monta Ellis;SG;38;11;19;2;2;2;3;0;4;4;5;1;1;2;2;26;
Brandan Wright;;19;2;2;0;0;1;1;0;1;1;1;0;0;0;1;5;
Jae Crowder;;15;1;4;1;3;0;0;0;0;0;0;0;0;0;3;3;
Al-Farouq Aminu;;15;0;0;0;0;3;4;0;2;2;0;0;1;1;3;3;
Richard Jefferson;;9;1;2;0;1;2;2;1;3;4;2;1;0;0;1;4;
Devin Harris;;26;8;13;3;7;1;1;0;2;2;3;1;0;1;4;20;
