04-07;SA-OKC;113-88;
29-10;34-31;25-16;25-31;
SA
Tim Duncan;PF;23;5;9;0;0;2;2;2;7;9;3;1;5;4;0;12;
Kawhi Leonard;SF;24;10;15;4;4;2;2;0;2;2;2;3;1;3;3;26;
Aron Baynes;C;22;5;8;0;0;0;0;3;3;6;0;1;0;0;0;10;
Tony Parker;PG;16;1;5;0;1;0;1;0;0;0;2;0;0;1;0;2;
Danny Green;SG;17;3;4;2;3;0;0;0;3;3;1;0;0;0;4;8;
Jeff Ayres;;12;1;1;0;0;1;2;3;2;5;0;0;0;0;2;3;
Reggie Williams;;11;3;4;0;1;2;2;2;1;3;1;0;0;0;2;8;
Marco Belinelli;;25;6;12;0;3;0;0;1;0;1;1;0;0;1;3;12;
Matt Bonner;;10;0;1;0;1;0;0;0;2;2;0;0;0;0;1;0;
Boris Diaw;;26;3;6;0;0;0;0;1;3;4;6;0;1;3;2;6;
Patty Mills;;20;4;11;1;6;1;2;0;2;2;3;1;0;2;1;10;
Cory Joseph;;15;2;5;1;1;1;2;0;5;5;6;1;0;0;1;6;
Manu Ginobili;;18;4;8;2;4;0;0;0;4;4;2;0;0;1;1;10;
OKC
Kyle Singler;SF;14;0;1;0;1;1;4;0;2;2;0;0;0;1;0;1;
Enes Kanter;C;25;3;9;0;0;3;4;3;2;5;0;1;0;1;3;9;
Steven Adams;C;26;2;6;0;0;1;2;2;2;4;0;0;2;1;1;5;
Russell Westbrook;PG;26;7;16;1;2;2;4;0;2;2;2;6;0;4;3;17;
Dion Waiters;SG;27;4;11;1;3;1;4;1;3;4;3;2;0;4;0;10;
Mitch McGary;;19;3;7;0;0;0;0;4;5;9;2;0;0;2;0;6;
Perry Jones;;15;4;6;1;2;1;3;0;0;0;0;0;1;0;1;10;
Steve Novak;;10;1;3;0;2;0;0;0;0;0;1;0;0;0;2;2;
D.J. Augustin;;22;2;6;1;3;0;0;0;2;2;4;1;0;0;1;5;
Andre Roberson;;18;2;4;1;2;0;0;1;6;7;1;2;0;2;2;5;
Jeremy Lamb;;13;4;7;0;1;3;4;0;4;4;0;0;0;0;1;11;
Anthony Morrow;;25;2;8;0;3;3;3;0;0;0;1;1;0;0;0;7;
