01-23;CHI-DAL;102-98;
30-21;24-30;26-24;22-23;
CHI
Pau Gasol;PF;38;5;10;0;0;3;3;3;13;16;3;1;1;3;2;13;
Tony Snell;SF;31;4;7;2;4;0;0;0;3;3;2;1;0;2;1;10;
Joakim Noah;C;23;3;8;0;0;0;0;6;1;7;1;0;2;4;2;6;
Derrick Rose;PG;37;7;17;3;5;3;3;2;1;3;3;1;1;5;0;20;
Jimmy Butler;SG;38;8;18;0;2;4;5;3;5;8;6;3;0;2;1;20;
Nikola Mirotic;;2;1;1;1;1;0;0;0;1;1;0;0;0;1;1;3;
Taj Gibson;;33;6;10;0;0;3;4;1;6;7;2;1;1;3;4;15;
Aaron Brooks;;13;1;3;0;1;2;3;0;2;2;3;0;0;0;3;4;
E'Twaun Moore;;4;1;1;1;1;0;0;0;0;0;0;0;0;0;0;3;
Kirk Hinrich;;21;2;3;2;2;2;2;0;0;0;2;1;0;1;4;8;
DAL
Dirk Nowitzki;PF;34;10;15;2;5;2;2;0;7;7;0;0;1;3;0;24;
Chandler Parsons;SF;38;8;14;1;3;2;2;0;1;1;2;2;0;0;2;19;
Tyson Chandler;C;36;3;6;0;0;4;4;6;6;12;3;1;5;2;2;10;
Rajon Rondo;PG;27;3;9;0;0;0;0;2;0;2;4;1;0;2;3;6;
Monta Ellis;SG;38;7;18;0;2;3;3;1;1;2;4;5;0;3;3;17;
Dwight Powell;;21;0;4;0;0;4;4;0;0;0;0;1;2;0;3;4;
Richard Jefferson;;11;0;1;0;1;0;0;0;3;3;1;0;0;0;1;0;
J.J. Barea;;11;4;9;1;3;0;0;0;1;1;0;1;0;0;0;9;
Devin Harris;;24;2;6;2;4;3;3;0;2;2;2;1;0;2;2;9;
