02-02;ATL-NO;100-115;
22-32;20-23;32-33;26-27;
ATL
Paul Millsap;PF;32;5;14;0;3;5;6;2;4;6;1;0;2;2;2;15;
Al Horford;C;30;4;9;0;1;0;0;5;4;9;4;3;0;1;1;8;
Jeff Teague;PG;29;8;17;1;2;4;5;0;2;2;7;1;0;1;3;21;
Kyle Korver;SG;30;5;7;2;2;0;0;0;3;3;1;0;0;1;2;12;
Kent Bazemore;SG;27;4;9;0;2;1;3;0;3;3;0;0;0;0;2;9;
Mike Scott;;23;3;8;1;5;1;1;0;3;3;0;2;0;0;1;8;
Mike Muscala;;5;2;2;0;0;0;0;1;0;1;0;0;0;0;1;4;
Pero Antic;;6;0;1;0;0;0;0;0;0;0;0;0;1;1;1;0;
DeMarre Carroll;;23;2;4;2;4;0;0;0;2;2;0;0;0;0;1;6;
Dennis Schroder;;19;4;13;0;2;2;2;1;1;2;5;0;0;0;0;10;
John Jenkins;;16;3;5;1;1;0;0;0;1;1;1;0;0;0;1;7;
NO
Dante Cunningham;PF;22;4;6;0;0;2;2;0;1;1;2;0;1;0;0;10;
Anthony Davis;PF;34;12;23;0;0;5;7;8;5;13;3;1;2;2;2;29;
Omer Asik;C;33;2;6;0;0;5;6;3;14;17;1;0;1;1;1;9;
Eric Gordon;SG;28;7;11;4;6;2;2;0;3;3;7;0;1;1;4;20;
Tyreke Evans;SG;32;7;14;1;2;0;0;2;3;5;12;2;0;0;1;15;
Ryan Anderson;;28;5;10;1;4;4;4;1;5;6;0;0;1;2;1;15;
John Salmons;;8;0;1;0;1;0;0;0;0;0;1;0;0;1;0;0;
Luke Babbitt;;1;0;0;0;0;0;0;0;0;0;0;0;1;0;0;0;
Jeff Withey;;1;0;0;0;0;0;0;0;0;0;0;0;0;0;0;0;
Nate Wolters;;1;0;0;0;0;0;0;0;0;0;0;0;0;0;0;0;
Jimmer Fredette;;21;3;6;2;5;2;2;1;1;2;3;1;2;3;3;10;
Quincy Pondexter;;31;3;9;1;5;0;0;2;3;5;1;1;1;3;3;7;
