02-08;SA-TOR;82-87;
25-28;21-17;12-19;24-23;
SA
Tim Duncan;PF;32;3;14;0;0;6;6;5;7;12;5;2;2;2;1;12;
Kawhi Leonard;SF;37;5;17;1;5;0;0;2;3;5;1;1;0;3;1;11;
Aron Baynes;C;13;1;3;0;0;0;0;3;2;5;0;0;0;0;2;2;
Tony Parker;PG;30;4;13;1;3;1;2;1;2;3;3;0;1;2;3;10;
Danny Green;SG;24;2;9;1;6;1;2;1;6;7;2;3;1;0;2;6;
Marco Belinelli;;17;5;8;2;4;0;0;0;2;2;3;0;0;0;2;12;
Matt Bonner;;0;0;0;0;0;0;0;0;0;0;0;0;0;0;0;0;
Boris Diaw;;24;2;5;1;2;1;2;3;3;6;2;1;1;2;1;6;
Tiago Splitter;;19;4;8;0;0;2;2;4;3;7;2;1;1;1;1;10;
Patty Mills;;6;0;1;0;1;0;0;0;0;0;1;0;0;1;1;0;
Cory Joseph;;11;2;2;0;0;0;0;0;1;1;1;1;0;2;1;4;
Manu Ginobili;;27;3;13;1;7;2;2;1;3;4;3;1;0;1;3;9;
TOR
Amir Johnson;PF;26;6;8;0;0;3;4;1;7;8;1;1;1;1;3;15;
James Johnson;PF;30;8;10;1;1;3;4;1;3;4;0;0;0;1;0;20;
Jonas Valanciunas;C;34;3;7;0;0;2;2;3;13;16;0;1;4;1;1;8;
Kyle Lowry;PG;37;5;15;1;4;1;2;0;5;5;7;2;0;4;2;12;
DeMar DeRozan;SG;36;4;14;0;1;10;12;0;3;3;4;3;1;3;4;18;
Patrick Patterson;;27;3;4;1;2;0;0;0;3;3;2;2;1;0;0;7;
Tyler Hansbrough;;4;0;1;0;0;0;0;1;1;2;0;0;0;1;1;0;
Terrence Ross;;15;1;4;0;0;0;0;0;4;4;1;2;0;1;0;2;
Greivis Vasquez;;16;2;6;1;3;0;0;0;2;2;2;0;0;0;2;5;
Louis Williams;;15;0;5;0;2;0;0;0;1;1;1;0;0;2;2;0;
