01-25;LAC-PHX;120-100;
23-16;32-41;34-20;31-23;
LAC
Blake Griffin;PF;36;11;19;0;0;1;4;3;4;7;7;1;0;1;2;23;
Matt Barnes;SF;26;1;9;0;4;2;2;0;5;5;2;2;0;2;3;4;
DeAndre Jordan;C;32;5;5;0;0;8;15;5;9;14;2;0;4;3;4;18;
Chris Paul;PG;36;7;11;3;5;6;7;0;8;8;12;2;0;4;2;23;
J.J. Redick;SG;31;7;12;3;4;3;3;1;2;3;0;1;0;1;3;20;
Ekpe Udoh;;2;1;1;0;0;0;0;0;1;1;0;0;1;0;0;2;
Glen Davis;;8;1;4;0;0;0;0;3;0;3;0;0;0;0;2;2;
Spencer Hawes;;16;4;6;2;3;1;1;0;1;1;0;0;0;0;1;11;
Hedo Turkoglu;;11;2;3;1;1;0;0;0;0;0;1;0;0;0;0;5;
Austin Rivers;;15;1;4;0;1;0;0;0;4;4;2;0;0;0;2;2;
C.J. Wilcox;;2;0;1;0;0;0;0;0;1;1;0;1;0;0;0;0;
Dahntay Jones;;2;0;0;0;0;0;0;0;0;0;0;0;0;0;0;0;
Jamal Crawford;;24;3;12;1;5;3;4;2;1;3;2;0;0;0;1;10;
PHX
Markieff Morris;PF;20;4;9;0;0;1;2;0;3;3;2;0;0;1;1;9;
P.J. Tucker;SF;30;1;8;1;4;0;0;2;1;3;2;0;0;0;4;3;
Alex Len;C;25;6;8;0;0;3;4;1;5;6;0;0;2;1;3;15;
Eric Bledsoe;PG;32;6;11;1;4;4;6;0;1;1;7;2;1;4;4;17;
Goran Dragic;SG;38;3;11;0;1;4;4;2;3;5;8;2;0;2;3;10;
Marcus Morris;;20;5;7;2;3;1;2;0;3;3;1;0;1;0;5;13;
T.J. Warren;;3;0;1;0;1;0;0;0;0;0;0;0;0;0;0;0;
Miles Plumlee;;20;1;3;0;0;0;0;0;7;7;0;1;2;2;0;2;
Isaiah Thomas;;25;6;11;4;8;9;9;0;1;1;1;0;0;0;4;25;
Archie Goodwin;;3;0;0;0;0;0;0;0;1;1;0;0;0;0;0;0;
Gerald Green;;20;2;9;2;6;0;0;0;1;1;2;0;1;1;1;6;
Reggie Bullock;;3;0;1;0;1;0;0;0;0;0;0;0;1;0;0;0;
Zoran Dragic;;3;0;1;0;1;0;0;0;0;0;0;0;0;0;0;0;
