11-14;CLE-BOS;122-121;
25-31;34-28;25-42;38-20;
CLE
Kevin Love;PF;37;2;10;0;3;8;12;3;12;15;4;0;1;1;4;12;
LeBron James;SF;41;16;27;3;8;6;9;0;4;4;7;0;1;3;4;41;
Anderson Varejao;C;28;7;10;0;0;2;2;2;0;2;3;0;1;0;3;16;
Kyrie Irving;PG;41;8;16;3;7;8;9;2;2;4;5;3;1;0;1;27;
Shawn Marion;SG;27;3;4;0;1;0;0;0;4;4;1;1;1;1;0;6;
Tristan Thompson;;20;2;7;0;0;0;0;1;3;4;0;0;0;1;2;4;
Dion Waiters;;17;4;8;1;1;1;2;0;3;3;1;1;0;1;2;10;
Joe Harris;;19;1;2;1;2;3;3;0;2;2;0;0;0;2;3;6;
Mike Miller;;10;0;1;0;1;0;0;0;2;2;1;0;0;2;2;0;
BOS
Jared Sullinger;PF;28;7;13;1;2;4;5;3;7;10;3;0;0;2;1;19;
Jeff Green;SF;36;5;12;1;6;8;10;1;2;3;1;1;0;2;1;19;
Kelly Olynyk;C;31;8;13;2;5;3;4;2;4;6;1;2;1;1;4;21;
Rajon Rondo;PG;31;3;10;0;0;0;0;0;8;8;16;3;0;3;4;6;
Avery Bradley;PG;36;6;10;0;2;0;0;1;4;5;2;0;0;2;3;12;
Dwight Powell;;0;0;0;0;0;0;0;0;0;0;0;0;0;0;0;0;
Brandon Bass;;19;5;8;0;0;2;2;0;2;2;2;1;0;0;3;12;
Tyler Zeller;;15;4;5;0;0;0;0;0;0;0;1;0;0;1;4;8;
Marcus Thornton;;18;5;8;2;3;0;0;1;1;2;1;0;0;0;3;12;
Evan Turner;;26;5;9;0;2;2;2;0;3;3;5;0;0;3;3;12;
