04-15;ATL-CHI;85-91;
22-17;27-25;23-28;13-21;
ATL
Paul Millsap;PF;27;2;9;0;1;1;2;1;5;6;4;4;2;1;3;5;
DeMarre Carroll;SF;27;4;14;2;6;0;0;0;2;2;0;1;0;1;1;10;
Al Horford;C;22;7;10;0;0;0;0;4;3;7;4;1;2;1;1;14;
Jeff Teague;PG;23;5;11;0;1;0;0;0;2;2;4;1;1;3;1;10;
Kyle Korver;SG;21;3;6;2;5;1;1;0;4;4;1;0;0;1;2;9;
Mike Muscala;;19;3;6;1;2;0;0;1;0;1;0;2;1;2;3;7;
Pero Antic;;16;1;5;1;4;0;0;1;4;5;0;0;1;1;3;3;
Elton Brand;;12;0;2;0;0;0;0;0;1;1;1;0;0;0;1;0;
Austin Daye;;12;0;4;0;2;1;2;2;2;4;0;0;2;2;1;1;
Shelvin Mack;;17;1;6;0;2;0;0;0;4;4;1;1;0;0;0;2;
Dennis Schroder;;17;9;13;2;3;1;1;0;2;2;0;0;0;2;1;21;
John Jenkins;;12;0;2;0;1;0;0;1;1;2;0;0;0;0;1;0;
Kent Bazemore;;15;1;4;0;2;1;1;0;2;2;0;0;1;1;1;3;
CHI
Taj Gibson;PF;20;0;3;0;0;0;0;1;2;3;1;1;1;2;1;0;
Pau Gasol;PF;37;6;15;0;0;6;8;2;11;13;1;1;2;6;1;18;
Mike Dunleavy;SF;28;2;6;1;4;0;0;0;6;6;0;2;0;2;5;5;
Derrick Rose;PG;10;1;3;0;2;0;0;0;2;2;1;0;0;4;0;2;
Jimmy Butler;SG;40;6;14;2;2;7;9;1;5;6;3;2;1;0;0;21;
Nikola Mirotic;;32;3;9;2;7;3;3;2;4;6;3;1;3;2;3;11;
Tony Snell;;24;2;6;0;4;1;1;0;5;5;1;0;1;0;0;5;
Nazr Mohammed;;7;1;1;0;0;0;0;1;2;3;0;0;1;0;1;2;
Aaron Brooks;;33;8;18;2;5;5;5;0;6;6;3;4;0;4;0;23;
E'Twaun Moore;;8;2;2;0;0;0;0;0;0;0;1;0;0;1;1;4;
