01-06;DET-SA;105-104;
20-37;29-21;33-19;23-27;
DET
Greg Monroe;PF;28;7;10;0;0;3;4;5;6;11;3;2;0;1;2;17;
Kyle Singler;SF;16;1;1;0;0;1;2;0;3;3;0;2;0;1;0;3;
Andre Drummond;C;35;8;10;0;0;4;9;7;10;17;0;2;1;4;3;20;
Brandon Jennings;PG;29;5;18;1;5;2;2;1;0;1;7;1;1;2;1;13;
Kentavious Caldwell-Pope;SG;37;4;9;0;2;2;2;0;0;0;1;1;1;1;5;10;
Jonas Jerebko;;11;2;3;1;2;0;0;1;4;5;0;1;0;0;4;5;
Anthony Tolliver;;23;1;5;0;4;1;1;1;4;5;0;1;0;2;4;3;
Caron Butler;;10;1;2;0;1;0;0;0;0;0;0;0;0;1;2;2;
Joel Anthony;;0;0;0;0;0;0;0;0;0;0;0;0;0;0;0;0;
D.J. Augustin;;22;8;18;1;3;2;3;0;0;0;5;0;0;2;3;19;
Jodie Meeks;;30;4;11;0;2;5;5;0;3;3;3;0;0;0;4;13;
SA
Tim Duncan;PF;22;7;12;0;1;1;2;2;5;7;1;0;2;2;2;15;
Marco Belinelli;SF;23;4;8;2;5;2;2;0;3;3;2;0;0;2;0;12;
Tiago Splitter;C;28;4;9;0;0;2;4;4;3;7;2;1;1;2;3;10;
Tony Parker;PG;13;0;3;0;0;3;4;0;0;0;2;0;0;2;2;3;
Danny Green;SG;33;5;10;3;5;0;0;2;4;6;3;2;1;0;3;13;
Jeff Ayres;;17;5;8;0;0;6;7;2;2;4;0;0;1;0;3;16;
Matt Bonner;;8;0;3;0;2;1;2;0;1;1;0;0;0;0;0;1;
Boris Diaw;;22;3;5;1;1;3;5;1;2;3;1;0;0;2;0;10;
Patty Mills;;21;2;10;1;5;1;2;2;1;3;1;1;0;2;4;6;
Cory Joseph;;27;3;4;0;0;1;2;0;4;4;4;0;1;1;1;7;
Manu Ginobili;;28;3;7;2;2;3;4;0;3;3;8;2;0;4;3;11;
