12-03;SA-BKN;93-95;
19-19;23-21;16-28;30-20;5-7;
SA
Tim Duncan;PF;36;5;18;0;1;4;4;6;11;17;1;0;3;2;3;14;
Kawhi Leonard;SF;39;4;16;1;2;3;4;4;9;13;1;1;0;0;0;12;
Boris Diaw;C;22;0;6;0;2;0;0;1;1;2;3;0;0;2;2;0;
Tony Parker;PG;29;4;8;1;1;0;0;0;1;1;6;0;0;3;1;9;
Danny Green;SG;33;7;14;6;11;0;0;2;8;10;2;2;3;0;3;20;
Marco Belinelli;;15;2;3;1;2;0;0;0;1;1;1;0;0;1;1;5;
Aron Baynes;;17;2;5;0;0;0;0;2;2;4;1;1;0;0;2;4;
Matt Bonner;;21;3;10;1;6;0;0;1;0;1;0;0;0;0;1;7;
Cory Joseph;;24;3;8;0;0;1;2;1;2;3;3;0;0;0;3;7;
Manu Ginobili;;29;6;13;2;7;1;2;1;5;6;5;1;0;0;3;15;
BKN
Mirza Teletovic;PF;43;9;13;5;7;3;4;1;14;15;2;0;0;0;2;26;
Joe Johnson;SF;42;4;16;0;1;0;0;3;2;5;2;1;0;1;1;8;
Brook Lopez;C;45;6;17;0;0;4;4;2;14;16;3;0;2;0;1;16;
Deron Williams;PG;39;6;15;2;5;3;4;0;3;3;9;0;0;2;2;17;
Bojan Bogdanovic;SG;34;5;10;2;4;2;2;1;7;8;0;0;0;2;1;14;
Mason Plumlee;;10;1;3;0;0;0;4;1;2;3;0;0;0;1;1;2;
Jerome Jordan;;8;1;1;0;0;0;0;1;1;2;0;1;0;0;0;2;
Jarrett Jack;;28;4;10;0;1;0;0;0;1;1;3;0;0;2;1;8;
Alan Anderson;;16;1;5;0;1;0;0;0;1;1;1;0;0;2;1;2;
