01-05;IND-UTAH;105-101;
31-16;22-23;21-23;31-39;
IND
David West;PF;28;5;10;0;0;0;0;1;3;4;6;1;0;3;3;10;
Solomon Hill;SF;33;3;5;0;1;5;6;1;3;4;1;2;0;1;4;11;
Roy Hibbert;C;28;8;13;0;0;6;6;1;7;8;2;0;1;0;6;22;
Rodney Stuckey;PG;20;4;7;1;1;4;4;1;1;2;1;2;0;0;1;13;
C.J. Watson;PG;27;2;5;2;3;3;4;0;1;1;1;1;0;1;2;9;
Luis Scola;;20;7;9;0;0;2;2;2;2;4;1;0;0;3;1;16;
Lavoy Allen;;20;1;8;0;0;4;4;2;0;2;1;0;2;0;2;6;
Chris Copeland;;16;0;3;0;0;0;0;0;2;2;3;0;0;0;1;0;
Donald Sloan;;22;1;2;1;1;2;2;0;2;2;3;1;0;2;2;5;
C.J. Miles;;27;4;12;3;7;2;2;0;6;6;1;1;0;0;2;13;
UTAH
Derrick Favors;PF;43;10;16;0;0;7;10;7;4;11;1;1;2;1;3;27;
Gordon Hayward;SF;42;6;17;0;5;12;13;0;7;7;3;0;1;2;3;24;
Joe Ingles;SF;37;4;10;0;4;0;0;1;8;9;7;2;0;2;2;8;
Rudy Gobert;C;29;4;5;0;0;3;6;2;2;4;0;0;3;3;3;11;
Dante Exum;SG;30;5;14;3;9;0;0;0;0;0;0;0;0;0;3;13;
Trevor Booker;;17;5;8;1;2;1;1;2;2;4;1;1;0;0;5;12;
Steve Novak;;3;0;1;0;1;0;0;0;0;0;0;0;0;0;0;0;
Jeremy Evans;;3;0;1;0;0;0;0;0;0;0;0;0;0;0;0;0;
Elijah Millsap;;18;1;6;0;1;0;0;1;4;5;4;1;0;0;4;2;
Ian Clark;;17;0;3;0;1;4;4;1;0;1;0;1;0;2;1;4;
