03-06;PHX-BKN;108-100;
21-21;29-25;19-34;23-12;16-8;
PHX
Markieff Morris;PF;41;7;16;0;2;5;6;2;3;5;4;2;0;2;6;19;
Marcus Morris;PF;41;9;21;1;9;0;0;2;5;7;2;4;0;1;2;19;
Alex Len;C;17;1;2;0;0;3;5;2;4;6;0;0;0;0;4;5;
Eric Bledsoe;PG;37;5;10;1;2;8;11;1;9;10;6;2;0;7;3;19;
Brandon Knight;PG;42;4;16;0;5;4;4;0;5;5;7;0;0;0;2;12;
Brandan Wright;;25;5;5;0;0;4;4;1;7;8;0;2;1;0;3;14;
P.J. Tucker;;37;4;7;1;3;2;3;2;4;6;0;2;0;1;3;11;
Archie Goodwin;;5;1;1;0;0;1;2;0;1;1;0;0;1;1;0;3;
Gerald Green;;7;1;4;0;1;0;0;0;0;0;0;0;0;2;1;2;
Marcus Thornton;;12;2;9;0;4;0;0;2;1;3;0;1;0;1;0;4;
BKN
Joe Johnson;SF;29;5;11;1;4;0;0;2;5;7;2;0;0;3;1;11;
Mason Plumlee;C;13;1;3;0;0;1;2;1;1;2;0;1;0;0;3;3;
Deron Williams;PG;44;2;16;1;5;4;6;0;3;3;9;1;0;4;5;9;
Alan Anderson;SG;26;3;7;1;2;1;1;1;5;6;2;1;0;0;1;8;
Markel Brown;SG;7;3;5;1;2;0;0;0;1;1;0;0;0;2;3;7;
Cory Jefferson;;16;4;6;0;0;4;4;7;6;13;1;0;0;2;2;12;
Thaddeus Young;;23;3;8;1;3;3;4;0;5;5;1;1;0;1;3;10;
Brook Lopez;;37;6;16;0;0;7;8;5;8;13;1;1;1;3;3;19;
Jarrett Jack;;41;3;12;0;0;4;4;0;3;3;5;0;0;3;6;10;
Bojan Bogdanovic;;29;4;13;3;6;0;0;2;2;4;0;0;0;2;2;11;
