12-12;OKC-MIN;111-92;
39-21;31-28;23-28;18-15;
OKC
Serge Ibaka;PF;33;6;10;1;3;0;0;1;3;4;1;1;2;1;1;13;
Kevin Durant;SF;28;5;8;1;2;5;5;1;3;4;5;0;2;6;3;16;
Steven Adams;C;29;8;12;0;0;0;0;7;4;11;1;0;1;2;3;16;
Russell Westbrook;PG;36;12;19;2;3;8;9;1;5;6;6;2;0;4;3;34;
Andre Roberson;SG;25;2;7;0;1;1;4;3;5;8;3;3;1;1;1;5;
Nick Collison;;8;0;1;0;0;1;2;1;1;2;1;2;0;0;2;1;
Perry Jones;;6;0;0;0;0;0;0;0;0;0;0;0;0;0;0;0;
Kendrick Perkins;;14;0;2;0;0;0;0;1;5;6;0;0;0;2;4;0;
Ish Smith;;2;2;2;0;0;0;0;0;0;0;0;1;0;0;1;4;
Reggie Jackson;;22;3;6;0;2;0;0;1;0;1;2;0;0;1;4;6;
Anthony Morrow;;22;6;14;2;7;0;0;0;3;3;2;2;0;0;0;14;
Jeremy Lamb;;16;1;7;0;6;0;0;0;2;2;2;0;0;0;1;2;
MIN
Thaddeus Young;SF;34;8;15;0;1;0;0;1;4;5;0;1;1;3;1;16;
Andrew Wiggins;SF;43;7;18;0;0;4;4;2;3;5;2;1;1;2;3;18;
Gorgui Dieng;C;37;4;5;0;0;3;8;4;5;9;4;2;4;1;4;11;
Zach LaVine;PG;32;3;11;1;4;4;6;0;2;2;1;1;2;2;3;11;
Corey Brewer;SG;37;3;8;0;2;0;0;0;5;5;8;4;1;6;2;6;
Anthony Bennett;;18;4;6;0;0;0;0;2;1;3;3;1;0;1;2;8;
Shabazz Muhammad;;29;6;13;0;0;6;8;0;0;0;3;1;0;0;0;18;
Chase Budinger;;2;0;1;0;0;0;0;0;0;0;0;0;0;0;0;0;
Jeff Adrien;;5;1;1;0;0;2;3;0;2;2;0;0;0;0;1;4;
Robbie Hummel;;2;0;0;0;0;0;0;0;0;0;0;0;0;0;0;0;
Glenn Robinson III;;2;0;0;0;0;0;0;0;0;0;0;0;0;0;0;0;
