12-02;IND-PHX;99-116;
28-26;28-28;23-29;20-33;
IND
David West;PF;27;5;12;0;0;0;0;2;4;6;3;0;1;3;3;10;
Solomon Hill;SF;29;1;5;0;1;0;2;0;4;4;1;1;0;1;2;2;
Roy Hibbert;C;31;6;14;0;0;3;3;4;6;10;1;2;1;2;3;15;
Rodney Stuckey;PG;20;4;10;1;2;0;0;1;1;2;0;0;0;2;2;9;
Donald Sloan;PG;23;3;9;0;2;0;0;0;4;4;4;0;0;1;1;6;
Shayne Whittington;;2;0;0;0;0;0;0;0;0;0;0;1;0;0;0;0;
Luis Scola;;19;4;7;0;0;0;1;0;5;5;2;1;1;0;1;8;
Lavoy Allen;;2;1;2;0;0;0;0;1;1;2;0;0;0;1;0;2;
Chris Copeland;;24;3;5;1;3;3;3;0;0;0;2;0;0;2;3;10;
Damjan Rudez;;2;1;1;0;0;0;0;0;0;0;0;0;0;0;0;2;
Ian Mahinmi;;15;2;2;0;0;0;0;0;5;5;0;1;0;1;2;4;
C.J. Watson;;25;5;9;1;2;3;4;0;1;1;7;1;0;5;4;14;
C.J. Miles;;21;6;9;1;3;4;4;0;2;2;0;1;0;1;3;17;
PHX
Markieff Morris;PF;30;6;16;0;2;3;3;1;5;6;1;0;0;0;0;15;
P.J. Tucker;SF;23;2;6;0;2;0;0;1;6;7;1;1;0;1;1;4;
Miles Plumlee;C;28;2;4;0;0;2;6;4;3;7;1;1;3;1;5;6;
Eric Bledsoe;PG;39;11;20;1;4;4;5;0;3;3;7;4;0;2;0;27;
Goran Dragic;SG;35;11;15;5;6;7;7;0;5;5;3;4;0;3;2;34;
Marcus Morris;;23;3;5;0;0;1;2;0;6;6;0;0;0;1;4;7;
Anthony Tolliver;;18;1;2;1;1;0;0;2;3;5;1;0;0;0;1;3;
Shavlik Randolph;;2;0;0;0;0;0;0;1;0;1;0;1;0;0;0;0;
T.J. Warren;;2;1;2;1;1;0;0;0;0;0;0;0;0;0;0;3;
Alex Len;;15;0;2;0;0;0;0;0;2;2;1;1;2;1;3;0;
Tyler Ennis;;2;0;1;0;1;0;0;0;0;0;1;0;0;1;0;0;
Archie Goodwin;;2;1;2;0;0;0;1;0;1;1;0;0;0;0;0;2;
Gerald Green;;21;5;11;4;8;1;2;0;1;1;2;1;0;2;3;15;
