03-30;MIL-ATL;88-101;
20-25;19-21;25-26;24-29;
MIL
Ersan Ilyasova;PF;29;4;13;2;4;2;4;1;4;5;0;0;1;1;2;12;
Giannis Antetokounmpo;SF;38;7;9;0;0;4;4;2;4;6;4;0;0;1;3;18;
Zaza Pachulia;C;36;8;10;0;0;1;3;5;8;13;3;1;0;0;2;17;
Michael Carter-Williams;PG;21;1;6;0;1;2;2;1;1;2;5;1;0;4;1;4;
Khris Middleton;SG;36;6;14;0;5;0;0;0;4;4;4;2;0;1;3;12;
Johnny O'Bryant III;;12;3;4;0;0;1;1;0;0;0;1;0;0;0;1;7;
Miles Plumlee;;3;0;0;0;0;0;0;0;0;0;0;0;0;0;1;0;
John Henson;;18;1;6;0;0;0;2;3;1;4;1;0;1;1;2;2;
Tyler Ennis;;3;0;0;0;0;0;0;0;0;0;1;0;0;1;1;0;
Jerryd Bayless;;31;4;8;2;4;4;5;0;1;1;5;0;0;2;3;14;
O.J. Mayo;;13;0;5;0;3;2;2;1;3;4;2;0;0;0;3;2;
ATL
Paul Millsap;PF;35;6;10;0;2;3;4;2;7;9;2;2;0;1;4;15;
DeMarre Carroll;SF;34;9;13;2;6;3;5;3;5;8;5;0;2;1;1;23;
Al Horford;C;34;8;18;0;2;2;2;2;5;7;2;0;2;0;2;18;
Jeff Teague;PG;29;2;8;2;2;2;2;1;3;4;9;0;0;5;4;8;
Kyle Korver;SG;34;4;10;3;9;0;0;0;1;1;5;0;0;1;4;11;
Mike Muscala;;12;1;4;1;2;0;0;1;2;3;0;0;0;0;2;3;
Pero Antic;;15;2;4;0;1;4;5;1;1;2;1;1;0;1;1;8;
Thabo Sefolosha;;13;4;6;1;1;2;2;2;2;4;0;1;0;0;2;11;
Shelvin Mack;;13;0;3;0;2;0;0;0;1;1;4;1;0;0;0;0;
Dennis Schroder;;6;0;2;0;1;4;4;0;1;1;1;0;0;0;0;4;
Kent Bazemore;;15;0;1;0;1;0;0;0;2;2;0;0;0;2;0;0;
