03-14;DET-UTAH;85-88;
18-18;25-31;12-13;30-26;
DET
Greg Monroe;PF;33;7;15;0;0;2;3;5;8;13;2;0;2;2;2;16;
Caron Butler;SF;13;1;4;0;1;0;0;1;1;2;0;0;0;1;1;2;
Andre Drummond;C;11;2;4;0;0;0;2;1;1;2;0;0;0;1;2;4;
Reggie Jackson;PG;28;4;11;2;4;0;0;0;4;4;0;0;0;5;1;10;
Kentavious Caldwell-Pope;SG;28;0;5;0;1;1;2;1;1;2;1;2;0;1;2;1;
Anthony Tolliver;;28;5;12;2;8;2;3;1;2;3;1;0;0;0;3;14;
Tayshaun Prince;;25;3;6;2;2;0;0;2;7;9;3;0;0;1;1;8;
Joel Anthony;;21;5;9;0;0;0;1;4;1;5;0;0;1;0;5;10;
Spencer Dinwiddie;;20;3;9;1;4;2;3;1;1;2;6;2;0;0;2;9;
Jodie Meeks;;33;2;9;1;3;6;8;0;2;2;5;4;0;1;1;11;
UTAH
Derrick Favors;PF;35;8;14;0;0;10;13;1;0;1;1;2;4;1;3;26;
Gordon Hayward;SF;36;4;8;0;0;4;6;0;5;5;3;1;0;6;1;12;
Rudy Gobert;C;39;5;8;0;0;0;2;5;14;19;1;1;2;2;1;10;
Rodney Hood;SG;33;5;10;2;4;0;0;0;6;6;1;3;0;0;3;12;
Dante Exum;SG;32;3;5;2;3;0;0;0;2;2;5;0;0;2;2;8;
Trevor Booker;;18;3;6;0;0;0;0;3;4;7;0;0;2;1;1;6;
Joe Ingles;;17;0;6;0;3;0;0;0;4;4;4;1;0;1;0;0;
Trey Burke;;17;3;6;1;2;2;3;0;0;0;1;0;0;1;3;9;
Elijah Millsap;;14;2;6;1;2;0;0;1;0;1;1;0;0;1;3;5;
