11-24;PHX-TOR;100-104;
26-29;22-25;18-27;34-23;
PHX
Markieff Morris;PF;37;8;16;0;4;1;2;1;7;8;4;1;1;2;0;17;
Marcus Morris;PF;19;2;7;1;4;0;0;1;1;2;0;0;0;2;3;5;
Miles Plumlee;C;5;1;1;0;0;0;0;2;0;2;1;0;0;0;3;2;
Eric Bledsoe;PG;37;8;16;3;6;6;8;3;4;7;6;2;2;3;4;25;
Goran Dragic;SG;21;3;9;0;1;0;0;1;0;1;4;0;0;4;2;6;
Shavlik Randolph;;6;0;0;0;0;0;0;0;1;1;0;0;0;0;0;0;
Anthony Tolliver;;11;1;3;1;3;0;0;0;1;1;0;0;0;1;1;3;
P.J. Tucker;;32;4;6;3;4;0;0;1;7;8;3;1;0;1;5;11;
Alex Len;;20;1;4;0;0;0;0;1;6;7;0;1;0;0;2;2;
Isaiah Thomas;;22;6;10;4;6;0;0;0;2;2;3;1;0;2;3;16;
Gerald Green;;30;5;12;2;5;1;1;1;2;3;1;0;0;5;3;13;
TOR
Amir Johnson;PF;25;1;3;0;0;0;0;1;2;3;2;1;0;2;3;2;
Terrence Ross;SF;29;4;11;2;5;3;3;0;4;4;1;1;0;0;2;13;
Jonas Valanciunas;C;32;10;11;0;0;7;8;4;7;11;0;0;1;2;1;27;
Kyle Lowry;PG;38;6;16;0;3;2;2;1;6;7;8;2;1;3;5;14;
DeMar DeRozan;SG;37;7;20;0;0;9;13;1;2;3;1;1;0;1;2;23;
James Johnson;;4;0;0;0;0;0;0;0;1;1;0;1;0;0;2;0;
Patrick Patterson;;24;0;0;0;0;2;2;1;4;5;4;0;0;0;1;2;
Chuck Hayes;;9;2;3;0;0;0;0;0;0;0;1;0;0;0;0;4;
Greivis Vasquez;;16;1;6;0;3;0;0;0;1;1;3;1;0;2;1;2;
Louis Williams;;26;6;12;2;6;3;4;0;2;2;1;2;1;2;3;17;
