12-26;SA-NO;90-97;
24-20;20-28;20-22;26-27;
SA
Tim Duncan;PF;34;8;14;0;0;4;4;0;11;11;4;1;2;4;2;20;
Kyle Anderson;SF;9;0;4;0;0;0;0;0;3;3;1;0;0;1;0;0;
Tiago Splitter;C;12;0;1;0;0;0;0;0;1;1;2;0;0;1;1;0;
Cory Joseph;PG;38;8;9;1;1;3;4;0;3;3;5;0;1;3;2;20;
Danny Green;SG;37;3;10;2;4;0;1;0;6;6;4;0;1;2;2;8;
Jeff Ayres;;0;0;0;0;0;0;0;0;0;0;0;0;0;0;0;0;
Austin Daye;;4;0;1;0;0;0;0;0;0;0;0;0;0;0;0;0;
Marco Belinelli;;32;6;14;1;4;0;2;0;3;3;1;1;0;0;1;13;
Aron Baynes;;14;2;4;0;0;3;3;1;2;3;0;0;0;0;2;7;
Matt Bonner;;8;0;0;0;0;0;0;0;0;0;0;0;0;1;3;0;
Boris Diaw;;25;5;8;0;0;0;0;0;6;6;3;0;0;2;3;10;
Manu Ginobili;;27;5;10;2;5;0;0;0;3;3;5;0;0;3;1;12;
NO
Anthony Davis;PF;38;8;19;0;0;6;6;1;11;12;3;2;5;1;1;22;
Luke Babbitt;SF;15;0;2;0;1;0;0;0;0;0;0;0;0;0;1;0;
Omer Asik;C;18;1;3;0;0;2;2;1;5;6;1;1;0;0;2;4;
Jrue Holiday;PG;35;6;14;1;2;2;4;0;5;5;7;2;2;3;2;15;
Tyreke Evans;SG;30;3;9;1;2;4;4;0;3;3;5;0;0;2;2;11;
Dante Cunningham;;13;1;1;0;0;0;0;0;1;1;0;0;0;0;0;2;
Ryan Anderson;;33;7;15;2;6;6;6;2;5;7;2;1;0;1;3;22;
John Salmons;;18;2;4;1;3;0;0;0;2;2;1;1;0;0;0;5;
Jeff Withey;;0;0;0;0;0;0;0;0;0;0;0;0;0;0;0;0;
Alexis Ajinca;;10;2;4;0;0;0;0;2;2;4;1;0;0;1;3;4;
Russ Smith;;0;0;0;0;0;0;0;0;0;0;0;0;0;0;0;0;
Jimmer Fredette;;0;0;0;0;0;0;0;0;1;1;0;0;0;0;0;0;
Austin Rivers;;29;5;13;1;3;1;2;1;2;3;5;1;0;0;1;12;
