01-04;MIL-NY;95-82;
22-21;23-17;31-26;19-18;
MIL
Johnny O'Bryant III;PF;22;3;8;0;0;4;6;2;0;2;1;0;1;0;1;10;
Giannis Antetokounmpo;SF;30;6;9;1;1;3;6;5;7;12;2;1;2;4;4;16;
Zaza Pachulia;C;31;6;12;0;0;4;4;4;10;14;3;2;0;2;4;16;
Brandon Knight;PG;32;6;14;1;3;4;5;2;0;2;5;0;0;3;0;17;
Khris Middleton;SG;22;2;6;1;2;3;3;1;4;5;3;2;0;1;2;8;
Jared Dudley;;21;1;3;0;1;0;0;0;2;2;0;3;0;2;0;2;
John Henson;;11;2;3;0;0;0;0;0;1;1;0;0;0;2;5;4;
Kendall Marshall;;21;6;8;0;2;3;3;0;2;2;3;1;0;1;1;15;
Jerryd Bayless;;25;1;5;1;3;0;0;0;3;3;4;0;0;1;2;3;
O.J. Mayo;;25;2;9;0;4;0;0;0;5;5;2;1;1;2;1;4;
NY
Quincy Acy;SF;28;4;7;0;1;1;2;1;6;7;2;2;0;0;4;9;
Cole Aldrich;C;20;6;10;0;0;0;0;2;5;7;0;1;0;4;3;12;
Jose Calderon;PG;27;1;5;1;4;4;4;0;2;2;5;1;0;2;5;7;
J.R. Smith;SG;37;6;16;3;7;0;0;0;7;7;4;0;0;2;2;15;
Tim Hardaway Jr.;SG;38;6;13;3;5;2;4;0;3;3;4;1;1;2;3;17;
Jason Smith;;24;3;11;0;0;4;4;3;2;5;2;1;0;0;2;10;
Cleanthony Early;;22;2;5;1;3;0;0;0;2;2;3;2;0;2;0;5;
Travis Wear;;15;2;5;1;3;0;0;0;1;1;2;0;1;2;1;5;
Shane Larkin;;22;1;4;0;2;0;0;1;0;1;1;0;0;1;0;2;
Pablo Prigioni;;7;0;0;0;0;0;0;0;1;1;0;0;0;1;0;0;
