12-15;LAL-IND;91-110;
15-34;12-26;31-29;33-21;
LAL
Ed Davis;PF;23;0;5;0;0;0;0;3;1;4;0;2;1;0;4;0;
Wesley Johnson;SF;24;4;7;3;5;2;2;1;2;3;2;1;1;2;2;13;
Jordan Hill;C;25;2;7;0;0;2;2;2;2;4;0;2;1;0;1;6;
Ronnie Price;PG;19;2;5;1;2;0;0;0;0;0;1;0;0;0;4;5;
Kobe Bryant;SG;30;8;26;2;8;3;3;0;4;4;3;2;0;3;4;21;
Carlos Boozer;;25;3;8;0;0;7;10;2;8;10;2;1;0;1;0;13;
Nick Young;;23;6;12;2;6;4;4;0;3;3;1;1;1;1;2;18;
Robert Sacre;;23;0;2;0;0;1;2;2;4;6;0;1;1;0;1;1;
Jeremy Lin;;17;0;6;0;1;2;2;0;0;0;1;0;0;1;1;2;
Jordan Clarkson;;13;1;5;1;2;2;4;1;0;1;2;0;0;1;0;5;
Wayne Ellington;;20;3;5;1;2;0;0;0;3;3;2;0;0;0;1;7;
IND
David West;PF;26;5;9;0;0;2;2;4;5;9;2;0;0;0;2;12;
Solomon Hill;SF;28;1;4;0;1;2;2;1;6;7;3;2;1;2;1;4;
Roy Hibbert;C;21;5;10;0;0;0;0;0;7;7;0;0;0;2;2;10;
Rodney Stuckey;PG;29;6;14;0;0;8;10;3;7;10;7;0;0;1;1;20;
C.J. Watson;PG;23;3;3;0;0;6;7;0;0;0;4;2;0;4;0;12;
Shayne Whittington;;4;0;1;0;0;0;0;0;0;0;0;0;0;0;0;0;
Lavoy Allen;;23;3;5;0;0;0;0;2;7;9;1;0;1;0;2;6;
Luis Scola;;18;2;6;1;1;4;4;0;3;3;2;1;0;0;3;9;
Chris Copeland;;4;0;0;0;0;0;0;0;0;0;0;0;0;0;1;0;
Damjan Rudez;;12;0;3;0;3;0;0;0;2;2;0;0;0;0;4;0;
Donald Sloan;;25;7;12;3;4;0;0;1;5;6;2;1;0;2;1;17;
C.J. Miles;;26;8;16;3;8;1;2;0;0;0;0;1;0;2;3;20;
