02-20;DEN-MIL;81-89;
21-19;23-23;21-28;16-19;
DEN
Kenneth Faried;PF;23;4;11;0;0;0;1;3;2;5;1;1;0;3;2;8;
Wilson Chandler;SF;38;8;20;3;12;0;0;0;4;4;3;0;1;3;2;19;
Danilo Gallinari;SF;36;3;12;2;6;2;2;1;4;5;2;4;0;0;1;10;
Jusuf Nurkic;C;33;5;9;0;0;1;3;6;9;15;2;2;3;1;4;11;
Jameer Nelson;PG;37;2;10;1;5;2;3;1;3;4;7;1;0;3;2;7;
J.J. Hickson;;15;2;6;0;0;4;6;3;5;8;0;1;0;3;1;8;
Darrell Arthur;;20;1;6;0;0;3;4;0;0;0;1;0;2;0;4;5;
Erick Green;;11;3;4;0;0;2;2;0;0;0;0;2;0;0;1;8;
Gary Harris;;4;0;0;0;0;0;0;0;0;0;0;0;0;1;1;0;
Randy Foye;;25;2;6;1;3;0;0;0;4;4;2;0;1;1;1;5;
MIL
Jared Dudley;SF;41;4;8;1;3;2;4;1;7;8;2;1;0;2;2;11;
Giannis Antetokounmpo;SF;30;3;13;0;1;4;4;0;9;9;1;1;0;2;4;10;
John Henson;C;18;6;8;0;0;2;2;2;2;4;0;1;4;2;2;14;
Jerryd Bayless;PG;39;5;11;1;3;0;0;0;7;7;8;1;1;1;3;11;
Khris Middleton;SG;33;4;10;2;4;5;5;0;4;4;4;0;0;2;4;15;
Johnny O'Bryant III;;5;1;1;0;0;1;2;0;3;3;0;0;0;0;1;3;
Zaza Pachulia;;30;4;10;0;0;0;0;3;3;6;1;0;0;2;1;8;
Tyler Ennis;;18;1;4;0;1;2;2;0;1;1;2;1;0;3;3;4;
O.J. Mayo;;26;5;13;1;3;2;3;1;3;4;4;1;0;2;1;13;
