03-02;GS-BKN;108-110;
23-33;28-24;29-29;28-24;
GS
Harrison Barnes;SF;26;2;7;1;2;1;2;3;3;6;0;3;0;0;1;6;
Draymond Green;SF;30;1;5;0;2;1;2;2;9;11;4;2;1;3;2;3;
Andrew Bogut;C;25;8;10;0;0;0;0;4;4;8;0;0;3;3;5;16;
Stephen Curry;PG;29;8;16;6;12;4;4;0;2;2;7;1;0;4;4;26;
Klay Thompson;SG;31;3;17;1;9;0;0;0;4;4;5;1;0;1;0;7;
David Lee;;11;2;4;0;0;0;0;2;1;3;2;1;2;1;0;4;
Festus Ezeli;;15;4;6;0;0;6;7;3;5;8;0;0;1;2;2;14;
Marreese Speights;;7;3;6;0;1;0;0;0;1;1;1;0;0;0;3;6;
Shaun Livingston;;25;5;8;0;0;1;3;2;1;3;4;0;0;0;3;11;
Justin Holiday;;10;1;3;1;1;0;0;0;0;0;0;1;0;0;0;3;
Andre Iguodala;;30;5;8;2;3;0;0;1;3;4;3;2;0;1;0;12;
BKN
Joe Johnson;SF;36;2;7;0;2;1;1;1;5;6;3;0;0;1;0;5;
Mason Plumlee;C;22;3;7;0;0;1;4;2;5;7;1;2;0;1;1;7;
Deron Williams;PG;34;8;19;4;7;2;2;0;4;4;4;1;0;4;1;22;
Alan Anderson;SG;29;7;10;2;5;0;0;0;3;3;0;1;0;0;0;16;
Markel Brown;SG;24;1;4;0;0;2;2;1;3;4;2;0;0;0;3;4;
Thaddeus Young;;25;5;9;2;3;2;2;1;3;4;4;2;0;1;2;14;
Brook Lopez;;26;11;22;0;0;4;5;4;2;6;0;0;1;3;3;26;
Jarrett Jack;;28;4;7;1;2;0;0;1;0;1;5;0;0;2;2;9;
Bojan Bogdanovic;;17;3;4;1;2;0;0;1;2;3;1;1;0;1;0;7;
