10-28;ORL-NO;84-101;
25-24;16-24;23-30;20-23;
ORL
Kyle O'Quinn;PF;21;2;8;0;1;0;0;0;2;2;5;1;3;1;4;4;
Tobias Harris;SF;37;9;18;1;2;6;6;2;6;8;0;1;0;4;2;25;
Nikola Vucevic;C;35;7;15;0;0;1;2;5;18;23;1;1;4;1;2;15;
Elfrid Payton;PG;31;2;8;0;0;0;0;3;2;5;7;1;0;2;5;4;
Evan Fournier;SG;32;3;11;2;4;3;3;1;2;3;2;0;0;4;2;11;
Aaron Gordon;;28;5;8;1;2;0;0;2;1;3;0;1;1;3;3;11;
Devyn Marble;;3;2;2;0;0;0;2;0;1;1;0;0;0;0;1;4;
Dewayne Dedmon;;8;1;2;0;0;1;2;2;1;3;0;0;1;1;1;3;
Luke Ridnour;;17;0;3;0;0;2;2;0;2;2;1;0;0;2;2;2;
Willie Green;;4;0;1;0;0;0;0;1;1;2;0;0;0;0;0;0;
Ben Gordon;;23;1;8;0;2;3;4;0;4;4;1;0;0;0;3;5;
NO
Anthony Davis;PF;36;10;22;0;0;6;9;9;8;17;2;3;9;0;1;26;
Omer Asik;C;34;7;10;0;0;0;3;7;10;17;2;0;5;3;4;14;
Jrue Holiday;PG;27;4;11;0;3;0;0;0;2;2;4;3;1;2;2;8;
Eric Gordon;SG;32;3;8;1;2;1;3;0;4;4;0;2;2;3;1;8;
Tyreke Evans;SG;35;5;15;0;1;2;5;2;7;9;6;0;0;0;0;12;
Ryan Anderson;;22;9;22;3;6;1;3;7;2;9;0;0;0;0;2;22;
Luke Babbitt;;2;0;0;0;0;0;0;0;0;0;0;0;0;0;0;0;
John Salmons;;10;0;0;0;0;0;0;1;1;2;1;0;0;0;3;0;
Jeff Withey;;2;0;1;0;0;0;0;0;1;1;0;0;0;0;0;0;
Alexis Ajinca;;2;1;1;0;0;0;0;0;0;0;0;0;0;1;0;2;
Jimmer Fredette;;18;0;6;0;3;2;2;0;0;0;2;1;0;0;3;2;
Austin Rivers;;20;2;5;0;2;3;6;0;1;1;3;1;0;0;1;7;
