10-29;MIL-CHA;106-108;
24-25;33-21;26-22;17-32;6-8;
MIL
Jared Dudley;SF;26;1;1;1;1;0;0;0;2;2;2;2;1;1;1;3;
Jabari Parker;SF;37;3;9;0;0;2;2;0;4;4;1;1;0;0;1;8;
Larry Sanders;C;26;5;8;0;0;0;0;1;4;5;1;2;1;0;5;10;
Brandon Knight;PG;39;5;17;2;4;10;10;0;8;8;13;0;1;4;3;22;
Khris Middleton;SG;36;7;15;0;2;3;5;1;5;6;2;0;1;4;2;17;
Ersan Ilyasova;;12;3;3;0;0;0;0;0;1;1;0;2;1;0;5;6;
Giannis Antetokounmpo;;24;3;6;1;1;3;3;0;5;5;1;0;1;0;1;10;
John Henson;;12;2;3;0;0;1;2;0;0;0;0;0;2;0;0;5;
Zaza Pachulia;;14;2;5;0;0;0;0;0;1;1;0;2;1;3;1;4;
Jerryd Bayless;;14;2;3;0;0;0;0;0;0;0;2;0;0;1;2;4;
O.J. Mayo;;24;6;10;3;6;2;2;1;2;3;3;0;1;1;4;17;
CHA
Marvin Williams;PF;33;8;12;3;6;0;0;2;2;4;3;1;0;2;0;19;
Michael Kidd-Gilchrist;SF;34;6;8;0;0;5;6;3;5;8;3;0;3;1;4;17;
Al Jefferson;C;40;6;15;0;0;2;3;2;8;10;2;2;4;2;4;14;
Kemba Walker;PG;39;9;26;3;9;5;11;2;4;6;5;1;1;0;1;26;
Lance Stephenson;SG;40;3;12;0;2;1;2;3;10;13;8;0;0;2;4;7;
Cody Zeller;;20;3;6;0;0;5;5;1;1;2;0;1;0;2;3;11;
Jason Maxiell;;13;2;5;0;0;0;0;1;1;2;0;0;1;0;2;4;
Brian Roberts;;14;2;4;0;1;0;0;0;0;0;3;1;0;0;1;4;
Gary Neal;;24;2;11;0;3;2;2;0;4;4;2;1;0;0;0;6;
Gerald Henderson;;9;0;2;0;0;0;0;1;0;1;1;1;0;1;1;0;
