11-02;SAC-LAC;98-92;
25-19;20-32;25-23;28-18;
SAC
Jason Thompson;PF;37;2;5;0;0;0;0;0;7;7;1;2;2;3;4;4;
Rudy Gay;SF;39;7;14;1;2;10;11;0;7;7;6;1;1;4;1;25;
DeMarcus Cousins;C;34;15;23;0;0;4;5;6;11;17;5;0;3;4;4;34;
Darren Collison;PG;39;4;12;0;1;6;6;1;4;5;4;0;1;3;1;14;
Ben McLemore;SG;20;1;4;1;3;0;0;0;1;1;0;1;0;0;3;3;
Derrick Williams;;4;0;0;0;0;1;2;0;0;0;0;0;1;1;0;1;
Carl Landry;;14;2;3;0;0;3;3;1;0;1;1;0;0;2;2;7;
Omri Casspi;;16;2;2;0;0;2;2;1;5;6;3;0;0;0;3;6;
Reggie Evans;;6;0;0;0;0;1;2;0;2;2;0;0;0;0;2;1;
Ramon Sessions;;9;0;2;0;1;0;2;0;0;0;0;0;0;1;1;0;
Nik Stauskas;;21;1;3;1;3;0;0;0;0;0;1;0;3;1;1;3;
LAC
Blake Griffin;PF;38;6;20;0;1;5;8;5;3;8;4;0;1;2;4;17;
Matt Barnes;SF;31;3;11;1;6;0;1;0;1;1;0;0;0;3;2;7;
DeAndre Jordan;C;25;2;5;0;0;0;0;3;6;9;1;2;4;0;4;4;
Chris Paul;PG;37;6;12;2;5;2;2;1;4;5;11;4;1;0;3;16;
J.J. Redick;SG;33;4;14;2;10;2;2;0;2;2;1;1;0;1;1;12;
Spencer Hawes;;23;5;10;1;3;6;6;1;3;4;1;1;1;2;4;17;
Hedo Turkoglu;;10;3;3;1;1;0;0;1;2;3;1;1;0;0;1;7;
Jordan Farmar;;18;4;9;2;4;0;0;0;1;1;3;1;0;0;2;10;
Chris Douglas-Roberts;;15;0;2;0;1;2;2;0;1;1;0;0;0;0;2;2;
Jared Cunningham;;11;0;2;0;0;0;0;0;1;1;1;0;0;0;2;0;
