12-15;DET-LAC;91-113;
27-29;17-26;19-31;28-27;
DET
Josh Smith;SF;27;4;11;0;1;0;2;3;3;6;4;3;1;2;2;8;
Kyle Singler;SF;18;2;9;2;7;0;0;0;1;1;0;0;0;1;3;6;
Andre Drummond;C;37;8;16;0;0;2;6;8;5;13;1;1;2;1;3;18;
Brandon Jennings;PG;24;2;6;1;3;1;1;0;1;1;6;1;0;2;3;6;
Kentavious Caldwell-Pope;SG;26;1;5;0;3;0;2;0;4;4;0;2;0;2;3;2;
Jonas Jerebko;;12;3;6;1;3;0;0;0;3;3;3;1;0;0;0;7;
Greg Monroe;;20;6;11;0;0;3;4;5;3;8;0;0;0;5;1;15;
Caron Butler;;20;3;4;1;1;0;0;0;1;1;0;0;0;0;0;7;
Spencer Dinwiddie;;9;1;4;0;3;0;0;0;0;0;1;0;0;0;1;2;
D.J. Augustin;;17;0;1;0;1;0;0;1;2;3;4;0;0;3;0;0;
Jodie Meeks;;30;5;10;3;5;7;7;0;1;1;4;2;0;1;3;20;
LAC
Blake Griffin;PF;32;7;16;1;1;3;4;2;5;7;7;2;1;3;2;18;
Matt Barnes;SF;24;3;7;3;6;1;1;0;2;2;3;1;0;2;3;10;
DeAndre Jordan;C;32;7;9;0;0;2;4;8;7;15;1;1;1;2;5;16;
Chris Paul;PG;24;4;7;2;3;1;1;0;2;2;8;0;0;1;0;11;
J.J. Redick;SG;19;7;9;0;1;0;1;0;0;0;0;1;0;1;4;14;
Glen Davis;;19;4;5;0;0;0;0;1;3;4;2;3;0;0;2;8;
Ekpe Udoh;;4;0;1;0;0;0;0;1;1;2;0;0;0;0;2;0;
Hedo Turkoglu;;8;2;3;2;3;0;0;0;1;1;0;0;0;2;1;6;
Jordan Farmar;;23;6;12;3;7;0;0;0;1;1;5;0;1;2;1;15;
Chris Douglas-Roberts;;23;3;5;1;1;2;2;0;3;3;1;0;0;0;1;9;
Jared Cunningham;;2;0;0;0;0;1;2;0;1;1;1;0;0;0;0;1;
Reggie Bullock;;2;0;0;0;0;0;0;0;1;1;0;0;0;0;0;0;
Jamal Crawford;;27;0;6;0;2;5;5;0;2;2;7;1;0;1;0;5;
