03-28;GS-MIL;108-95;
24-23;24-15;34-25;26-32;
GS
David Lee;PF;21;6;8;0;0;0;0;1;3;4;1;0;0;2;1;12;
Harrison Barnes;SF;26;4;8;2;3;3;5;0;6;6;0;1;0;2;4;13;
Andrew Bogut;C;19;2;3;0;0;0;0;1;5;6;1;0;3;2;2;4;
Stephen Curry;PG;30;8;13;6;9;3;3;0;4;4;6;1;0;6;4;25;
Klay Thompson;SG;34;8;17;3;8;2;2;1;4;5;4;2;1;2;3;21;
James Michael McAdoo;;23;5;8;0;0;2;2;1;3;4;0;0;3;2;1;12;
Festus Ezeli;;3;0;0;0;0;0;0;1;0;1;1;0;0;1;0;0;
Marreese Speights;;20;5;11;0;1;2;2;2;5;7;3;1;0;3;2;12;
Shaun Livingston;;25;2;5;0;0;0;0;0;2;2;8;0;0;1;1;4;
Justin Holiday;;8;1;3;1;3;0;0;0;1;1;2;1;1;0;0;3;
Brandon Rush;;18;0;4;0;1;0;0;0;2;2;0;0;0;0;4;0;
Leandro Barbosa;;14;1;2;0;0;0;0;0;3;3;1;1;0;1;1;2;
MIL
Ersan Ilyasova;PF;23;1;10;0;5;6;6;1;6;7;1;1;0;0;1;8;
Giannis Antetokounmpo;SF;30;4;6;0;0;4;6;1;2;3;1;1;0;2;3;12;
Zaza Pachulia;C;23;5;11;0;0;2;2;1;2;3;1;0;1;1;1;12;
Michael Carter-Williams;PG;22;3;9;0;0;2;2;1;0;1;3;2;0;3;3;8;
Khris Middleton;SG;27;5;14;0;3;4;4;1;1;2;3;2;0;2;0;14;
Jared Dudley;;25;6;10;1;3;0;0;2;3;5;0;2;0;2;2;13;
Miles Plumlee;;5;0;0;0;0;0;0;0;1;1;1;0;0;0;0;0;
John Henson;;20;3;9;0;0;2;4;7;3;10;0;1;4;1;3;8;
Tyler Ennis;;18;2;4;0;0;1;2;0;2;2;4;2;0;1;2;5;
Jerryd Bayless;;27;2;8;0;1;3;3;1;5;6;5;2;0;2;2;7;
O.J. Mayo;;20;2;6;1;3;3;3;0;2;2;5;1;0;1;3;8;
