04-02;PHX-GS;106-107;
22-27;22-28;27-22;35-30;
PHX
Brandan Wright;PF;28;6;12;0;0;4;6;5;7;12;0;2;2;3;0;16;
Markieff Morris;PF;33;7;10;1;1;2;3;1;11;12;5;0;0;4;5;17;
Marcus Morris;PF;26;5;14;0;4;0;1;1;3;4;1;0;0;1;2;10;
P.J. Tucker;SF;37;4;9;1;1;5;6;1;3;4;4;2;0;1;0;14;
Eric Bledsoe;PG;40;6;17;2;5;4;5;1;5;6;11;1;1;2;3;18;
Earl Barron;;3;0;1;0;0;0;2;0;1;1;0;0;0;0;1;0;
T.J. Warren;;28;8;12;0;2;1;1;0;5;5;2;0;0;0;0;17;
Reggie Bullock;;13;0;2;0;1;1;2;0;1;1;1;0;0;0;0;1;
Archie Goodwin;;20;2;4;0;0;0;0;0;0;0;1;1;0;0;3;4;
Jerel McNeal;;3;1;2;0;1;0;0;0;0;0;0;0;0;0;2;2;
Gerald Green;;9;3;7;1;4;0;0;0;2;2;0;0;0;0;0;7;
GS
David Lee;PF;21;3;7;0;0;1;2;2;4;6;1;0;0;0;2;7;
Harrison Barnes;SF;24;2;8;0;3;0;0;1;2;3;3;0;0;0;2;4;
Andrew Bogut;C;23;4;7;0;0;0;0;6;3;9;3;1;2;1;1;8;
Stephen Curry;PG;34;10;22;6;11;2;2;1;7;8;5;0;0;6;3;28;
Klay Thompson;SG;32;6;14;2;7;2;2;1;2;3;6;0;1;0;1;16;
James Michael McAdoo;;22;3;5;0;0;2;5;2;6;8;0;1;1;0;3;8;
Festus Ezeli;;3;1;2;0;0;0;0;0;1;1;0;0;0;0;1;2;
Marreese Speights;;18;6;12;0;0;0;0;1;5;6;0;0;0;2;2;12;
Shaun Livingston;;18;3;6;0;0;2;3;1;2;3;3;0;0;0;1;8;
Justin Holiday;;3;1;1;0;0;0;0;0;0;0;0;1;0;0;0;2;
Leandro Barbosa;;16;2;5;1;3;0;1;0;1;1;3;2;0;0;2;5;
Andre Iguodala;;27;2;4;1;2;2;2;0;2;2;5;1;1;4;2;7;
