02-11;IND-NO;106-93;
32-18;25-17;32-25;17-33;
IND
David West;PF;28;8;9;0;0;1;2;2;3;5;7;2;0;1;2;17;
Solomon Hill;SF;27;4;5;2;3;2;2;1;2;3;3;1;0;1;3;12;
Roy Hibbert;C;19;3;6;0;0;3;3;0;6;6;1;1;2;2;5;9;
George Hill;PG;29;6;11;4;5;1;1;0;3;3;9;2;0;1;1;17;
C.J. Miles;SG;23;4;11;0;4;1;1;0;3;3;0;1;0;2;1;9;
Shayne Whittington;;6;0;2;0;0;4;4;0;1;1;0;0;0;0;2;4;
Luis Scola;;18;2;6;0;0;3;3;1;6;7;1;0;0;2;0;7;
Chris Copeland;;6;0;2;0;2;0;0;0;0;0;0;0;0;0;1;0;
Damjan Rudez;;20;3;5;0;0;0;0;0;0;0;1;0;0;1;1;6;
Ian Mahinmi;;19;1;2;0;0;0;0;3;5;8;1;0;0;2;4;2;
Donald Sloan;;6;0;0;0;0;0;0;0;0;0;1;0;0;0;0;0;
Rodney Stuckey;;13;7;10;2;3;0;0;0;0;0;1;0;0;0;1;16;
C.J. Watson;;26;2;6;1;3;2;2;0;1;1;3;0;0;1;3;7;
NO
Dante Cunningham;PF;22;0;3;0;0;0;0;0;0;0;0;1;1;1;3;0;
Omer Asik;C;29;3;6;0;0;1;4;2;6;8;0;0;1;2;1;7;
Alexis Ajinca;C;25;3;8;0;0;8;8;3;4;7;2;0;0;0;4;14;
Eric Gordon;SG;24;2;10;2;5;0;0;0;1;1;2;1;0;2;1;6;
Tyreke Evans;SG;24;3;10;0;3;2;2;1;0;1;6;1;0;2;3;8;
Luke Babbitt;;34;5;7;3;4;2;2;1;7;8;0;0;0;1;0;15;
Jeff Withey;;18;5;7;0;0;1;2;0;4;4;0;0;0;1;1;11;
Jimmer Fredette;;19;4;7;0;1;1;1;0;1;1;5;1;0;2;1;9;
Toney Douglas;;25;5;9;1;1;3;6;0;1;1;7;1;0;2;3;14;
Quincy Pondexter;;20;4;7;1;1;0;0;0;1;1;0;0;1;0;0;9;
