12-02;DAL-CHI;132-129;
25-26;34-21;21-27;28-34;13-13;11-8;
DAL
Dirk Nowitzki;PF;42;8;22;2;6;4;4;1;6;7;10;0;0;1;4;22;
Chandler Parsons;SF;45;7;16;3;7;7;8;1;6;7;2;3;0;2;2;24;
Tyson Chandler;C;40;1;2;0;0;3;6;4;10;14;3;1;2;2;5;5;
Jameer Nelson;PG;23;1;4;1;3;0;0;2;2;4;3;1;1;2;1;3;
Monta Ellis;SG;45;16;35;1;4;5;5;1;1;2;1;2;0;3;4;38;
Brandan Wright;;23;1;2;0;0;2;2;1;3;4;1;1;3;0;2;4;
Jae Crowder;;0;0;0;0;0;0;0;0;0;0;0;0;0;0;0;0;
Al-Farouq Aminu;;7;0;1;0;0;0;0;0;1;1;0;0;0;1;1;0;
Richard Jefferson;;17;1;2;1;2;0;0;1;1;2;2;0;0;1;4;3;
J.J. Barea;;13;5;8;1;2;2;2;1;0;1;0;0;0;1;1;13;
Devin Harris;;35;7;10;6;6;0;0;0;4;4;8;1;0;1;4;20;
CHI
Pau Gasol;PF;50;12;25;0;1;5;5;3;11;14;2;1;1;3;3;29;
Mike Dunleavy;SF;49;8;15;2;7;2;2;0;4;4;4;1;1;0;4;20;
Joakim Noah;C;36;4;7;0;0;0;0;6;8;14;6;2;2;3;4;8;
Derrick Rose;PG;37;6;20;4;11;2;4;1;4;5;10;0;0;7;2;18;
Jimmy Butler;SG;46;9;21;0;3;5;9;4;4;8;7;0;0;1;3;23;
Nikola Mirotic;;26;4;8;0;2;7;8;1;3;4;3;0;2;1;2;15;
Tony Snell;;6;0;0;0;0;0;0;0;0;0;0;0;0;0;3;0;
Aaron Brooks;;14;2;3;0;0;4;4;0;2;2;4;0;0;2;0;8;
Kirk Hinrich;;27;2;4;2;2;2;2;0;1;1;2;1;0;1;1;8;
