02-24;CLE-DET;102-93;
30-27;23-35;24-12;25-19;
CLE
Kevin Love;PF;34;8;16;8;14;0;0;0;9;9;3;1;0;0;2;24;
LeBron James;SF;39;6;14;1;5;6;10;0;7;7;11;3;1;9;3;19;
Timofey Mozgov;C;20;5;6;0;0;4;4;1;5;6;0;0;4;0;3;14;
Kyrie Irving;PG;34;6;16;0;3;6;6;0;2;2;5;1;0;3;4;18;
J.R. Smith;SG;22;1;4;0;2;2;2;1;1;2;2;3;0;0;4;4;
James Jones;;15;2;4;2;3;0;0;1;3;4;0;0;0;0;1;6;
Kendrick Perkins;;2;1;1;0;0;0;0;0;0;0;0;0;0;1;2;2;
Tristan Thompson;;26;2;3;0;0;0;0;0;3;3;0;1;0;1;2;4;
Iman Shumpert;;30;2;10;2;7;2;2;0;3;3;1;0;0;0;2;8;
Matthew Dellavedova;;16;1;3;1;3;0;0;1;3;4;0;0;0;0;2;3;
Joe Harris;;0;0;0;0;0;0;0;0;0;0;0;0;0;0;0;0;
DET
Greg Monroe;PF;34;4;13;0;0;4;4;4;10;14;2;0;0;4;3;12;
Tayshaun Prince;SF;31;2;7;1;3;2;4;1;3;4;0;2;1;1;3;7;
Andre Drummond;C;34;8;14;0;0;1;6;4;6;10;0;1;1;2;3;17;
Reggie Jackson;PG;35;7;15;1;4;7;8;1;7;8;9;0;1;2;5;22;
Kentavious Caldwell-Pope;SG;33;7;13;5;7;2;3;0;2;2;1;2;0;1;1;21;
Anthony Tolliver;;28;2;5;1;4;1;4;1;2;3;1;0;0;0;2;6;
Caron Butler;;17;1;4;1;2;0;0;0;4;4;3;0;0;0;4;3;
Spencer Dinwiddie;;9;0;4;0;2;0;0;0;0;0;0;0;0;2;0;0;
John Lucas III;;4;1;2;0;0;0;0;0;0;0;0;0;0;1;0;2;
Jodie Meeks;;15;1;5;0;2;1;1;0;1;1;0;0;0;0;0;3;
