02-20;POR-UTAH;76-92;
24-18;19-21;16-26;17-27;
POR
LaMarcus Aldridge;PF;34;5;16;0;0;4;5;0;8;8;2;0;0;0;2;14;
Nicolas Batum;SF;34;3;6;0;1;2;2;1;4;5;3;2;1;1;0;8;
Robin Lopez;C;29;2;6;0;0;4;4;2;2;4;0;0;1;0;4;8;
Damian Lillard;PG;35;7;15;3;9;2;2;0;4;4;2;0;0;5;0;19;
Wesley Matthews;SG;32;4;9;1;5;4;4;0;7;7;2;1;0;0;0;13;
Allen Crabbe;;3;0;0;0;0;0;0;0;0;0;0;0;0;0;0;0;
Dorell Wright;;3;0;1;0;0;0;0;0;1;1;0;0;0;0;0;0;
Chris Kaman;;16;3;5;0;0;0;0;0;2;2;0;0;2;1;3;6;
Meyers Leonard;;14;0;5;0;4;0;0;0;4;4;0;1;0;0;0;0;
Steve Blake;;20;0;1;0;1;2;2;0;0;0;2;0;0;4;3;2;
C.J. McCollum;;21;2;8;0;2;2;3;0;2;2;1;1;1;2;1;6;
UTAH
Derrick Favors;PF;36;7;15;0;0;2;6;4;5;9;2;2;1;1;2;16;
Gordon Hayward;SF;30;7;13;2;6;4;6;0;4;4;3;3;0;2;2;20;
Joe Ingles;SF;31;3;6;2;3;0;0;1;2;3;2;2;0;0;2;8;
Rudy Gobert;C;24;2;3;0;0;0;0;0;7;7;2;0;5;1;4;4;
Dante Exum;SG;20;1;4;1;2;0;0;0;4;4;3;1;0;0;1;3;
Trevor Booker;;22;2;9;0;1;1;2;5;4;9;1;2;1;1;4;5;
Jeremy Evans;;12;1;1;0;0;0;0;1;2;3;1;0;0;0;0;2;
Trey Burke;;28;9;20;0;3;1;3;0;0;0;3;1;0;2;1;19;
Elijah Millsap;;26;3;7;3;6;0;0;1;6;7;1;0;0;1;2;9;
Ian Clark;;1;0;1;0;1;0;0;1;0;1;0;0;0;0;0;0;
Rodney Hood;;10;2;4;2;3;0;0;0;1;1;0;0;0;0;3;6;
