11-04;CLE-POR;82-101;
34-31;16-24;19-21;13-25;
CLE
Kevin Love;PF;36;7;14;5;8;3;3;1;9;10;2;0;0;1;4;22;
LeBron James;SF;35;4;12;2;4;1;1;1;6;7;7;1;0;3;2;11;
Anderson Varejao;C;27;4;7;0;1;1;2;2;3;5;2;0;1;4;3;9;
Kyrie Irving;PG;37;3;17;1;5;2;2;0;1;1;5;1;0;1;1;9;
Dion Waiters;SG;28;3;11;0;0;0;0;0;0;0;0;1;0;3;4;6;
James Jones;;3;0;0;0;0;0;0;0;0;0;0;0;0;0;0;0;
Alex Kirk;;3;0;0;0;0;2;2;0;0;0;1;0;0;0;0;2;
Tristan Thompson;;22;4;12;0;0;2;4;5;3;8;0;1;0;2;1;10;
Brendan Haywood;;2;0;0;0;0;0;0;0;0;0;0;0;0;0;1;0;
Matthew Dellavedova;;11;1;4;0;1;0;0;1;1;2;0;0;0;0;2;2;
Joe Harris;;5;1;2;0;1;0;0;0;1;1;0;0;0;0;0;2;
Shawn Marion;;18;3;5;1;1;0;0;2;1;3;1;1;2;0;0;7;
Mike Miller;;14;1;1;0;0;0;0;1;3;4;0;0;0;0;1;2;
POR
LaMarcus Aldridge;PF;37;7;15;0;1;2;2;1;3;4;2;1;0;2;4;16;
Nicolas Batum;SF;36;3;6;0;3;1;2;1;8;9;5;0;1;2;3;7;
Robin Lopez;C;29;8;11;0;0;3;4;2;4;6;2;3;1;0;1;19;
Damian Lillard;PG;36;6;13;5;10;10;10;1;5;6;7;1;1;0;2;27;
Wesley Matthews;SG;36;8;14;3;8;2;3;1;5;6;2;0;0;2;4;21;
Thomas Robinson;;11;1;3;0;0;0;0;2;6;8;0;1;0;0;3;2;
Allen Crabbe;;1;1;2;0;0;0;0;0;0;0;0;0;0;0;0;2;
Meyers Leonard;;1;0;0;0;0;0;0;0;0;0;0;0;0;0;0;0;
Chris Kaman;;17;2;4;0;0;1;2;1;6;7;0;0;1;3;2;5;
Steve Blake;;21;0;2;0;2;0;0;0;2;2;2;0;0;2;1;0;
C.J. McCollum;;1;0;0;0;0;0;0;0;0;0;0;0;0;0;0;0;
Will Barton;;12;1;5;0;1;0;2;0;0;0;1;1;0;0;0;2;
