11-28;PHX-DEN;97-122;
22-33;25-33;23-33;27-23;
PHX
Markieff Morris;PF;23;3;10;0;1;1;1;0;3;3;1;2;2;1;2;7;
Marcus Morris;PF;14;3;4;0;1;2;2;1;3;4;1;0;0;0;4;8;
Miles Plumlee;C;17;0;1;0;0;0;2;0;1;1;0;0;0;2;3;0;
Eric Bledsoe;PG;27;4;14;0;2;8;8;1;2;3;4;0;1;3;2;16;
Goran Dragic;SG;24;3;9;0;2;1;2;0;2;2;3;0;0;1;4;7;
Shavlik Randolph;;6;2;3;0;0;0;0;1;0;1;1;0;1;0;0;4;
Anthony Tolliver;;15;1;5;1;4;0;0;1;1;2;0;1;0;0;0;3;
T.J. Warren;;23;5;9;1;2;0;0;1;1;2;0;1;0;2;5;11;
P.J. Tucker;;20;3;4;3;4;2;4;1;2;3;1;0;0;1;1;11;
Alex Len;;19;0;2;0;0;0;0;1;7;8;0;0;0;1;3;0;
Tyler Ennis;;15;2;5;1;2;2;2;1;1;2;2;0;1;3;0;7;
Archie Goodwin;;15;4;9;0;0;3;4;1;2;3;0;0;0;0;1;11;
Gerald Green;;20;3;10;2;5;4;4;0;0;0;1;0;0;1;2;12;
DEN
Kenneth Faried;PF;20;3;6;0;0;5;5;3;6;9;1;0;0;1;3;11;
Wilson Chandler;SF;25;4;10;3;7;0;0;3;4;7;0;2;0;2;3;11;
Timofey Mozgov;C;21;4;5;0;0;5;5;1;2;3;1;0;2;1;3;13;
Ty Lawson;PG;28;4;11;0;3;3;4;0;3;3;10;1;0;1;3;11;
Arron Afflalo;SG;24;5;9;1;1;11;13;0;4;4;1;0;0;1;2;22;
Darrell Arthur;;19;3;5;0;1;0;0;1;2;3;0;1;0;1;3;6;
J.J. Hickson;;20;3;9;0;0;4;4;2;9;11;2;1;0;1;2;10;
Alonzo Gee;;9;3;5;0;0;3;4;4;0;4;1;0;0;1;0;9;
Danilo Gallinari;;23;4;7;2;3;1;1;2;6;8;1;1;0;0;0;11;
Jusuf Nurkic;;6;0;2;0;0;0;0;0;1;1;1;1;1;1;0;0;
Nate Robinson;;15;3;8;0;1;0;0;0;1;1;0;0;0;1;2;6;
Erick Green;;6;2;3;0;1;0;0;0;0;0;1;0;0;1;2;4;
Gary Harris;;24;3;8;2;4;0;0;0;4;4;1;3;0;6;4;8;
