11-15;PHX-LAC;107-120;
23-27;31-27;20-42;33-24;
PHX
Markieff Morris;PF;24;2;10;0;2;1;1;3;3;6;0;0;1;1;5;5;
Marcus Morris;PF;18;1;10;1;3;0;0;2;1;3;2;0;0;0;2;3;
Miles Plumlee;C;19;4;8;0;0;0;0;3;2;5;1;0;0;0;0;8;
Eric Bledsoe;PG;34;0;6;0;2;1;1;1;5;6;10;3;0;3;4;1;
Goran Dragic;SG;33;7;14;2;6;3;5;0;1;1;2;2;0;2;3;19;
Shavlik Randolph;;2;0;0;0;0;0;0;0;0;0;0;0;0;0;1;0;
Anthony Tolliver;;4;0;0;0;0;0;0;0;0;0;0;0;0;0;0;0;
P.J. Tucker;;21;3;8;2;3;0;0;0;4;4;1;0;0;1;2;8;
Alex Len;;26;7;11;0;0;3;3;5;6;11;1;1;1;0;5;17;
Isaiah Thomas;;27;4;12;2;5;9;9;2;0;2;7;1;0;3;3;19;
Zoran Dragic;;2;0;1;0;1;0;0;0;0;0;0;0;0;0;0;0;
Archie Goodwin;;2;0;0;0;0;1;2;0;2;2;0;0;0;0;0;1;
Gerald Green;;28;10;19;4;8;2;2;0;3;3;2;2;1;0;5;26;
LAC
Blake Griffin;PF;32;7;12;0;0;5;8;0;8;8;4;1;1;4;5;19;
Matt Barnes;SF;27;3;8;2;6;4;4;1;1;2;1;0;0;0;1;12;
DeAndre Jordan;C;34;4;4;0;0;4;7;3;15;18;3;0;7;4;5;12;
Chris Paul;PG;36;10;13;5;6;7;8;0;5;5;9;2;0;3;3;32;
J.J. Redick;SG;34;3;8;2;4;6;7;0;2;2;3;0;0;2;3;14;
Glen Davis;;3;0;0;0;0;2;2;0;0;0;0;1;0;1;1;2;
Spencer Hawes;;18;5;9;2;4;2;3;0;8;8;0;0;3;4;1;14;
Ekpe Udoh;;2;0;1;0;0;0;0;0;0;0;0;0;0;0;1;0;
Jordan Farmar;;17;1;5;1;4;0;0;0;2;2;1;0;0;1;3;3;
Jared Cunningham;;2;0;0;0;0;0;0;0;0;0;0;0;0;0;1;0;
Reggie Bullock;;7;1;1;1;1;0;0;0;2;2;0;0;1;0;0;3;
Jamal Crawford;;27;2;7;1;4;4;4;0;0;0;3;1;0;1;2;9;
