03-16;ATL-SAC;110-103;
28-29;26-18;28-29;28-27;
ATL
Elton Brand;PF;26;2;5;0;0;2;2;1;5;6;0;2;1;1;5;6;
Paul Millsap;PF;35;8;13;1;2;2;2;5;5;10;4;0;1;4;5;19;
DeMarre Carroll;SF;35;6;10;3;6;1;2;1;7;8;2;3;0;3;2;16;
Jeff Teague;PG;36;6;16;2;4;9;11;0;4;4;6;1;1;2;3;23;
Kent Bazemore;SG;29;4;12;2;8;1;2;0;2;2;4;3;1;0;2;11;
Mike Muscala;;18;3;3;0;0;0;0;2;3;5;1;0;1;1;4;6;
Pero Antic;;17;1;3;1;2;2;4;0;0;0;0;1;0;0;2;5;
Austin Daye;;0;0;0;0;0;0;0;0;0;0;0;0;0;0;0;0;
Shelvin Mack;;21;5;10;3;7;1;2;0;1;1;2;1;0;0;0;14;
Dennis Schroder;;23;3;12;0;2;4;5;0;3;3;6;0;0;1;1;10;
SAC
Carl Landry;PF;17;1;3;0;0;2;2;1;2;3;0;0;0;1;2;4;
Omri Casspi;SF;36;6;13;2;5;2;2;2;3;5;1;2;0;3;4;16;
DeMarcus Cousins;C;34;7;19;0;1;6;8;2;11;13;5;2;3;5;5;20;
Ray McCallum;PG;22;4;8;2;4;0;0;2;3;5;3;0;0;1;4;10;
Ben McLemore;SG;29;5;11;0;2;1;2;1;5;6;3;0;0;2;6;11;
Derrick Williams;;15;0;5;0;2;0;0;0;4;4;1;0;0;1;1;0;
Jason Thompson;;24;7;7;0;0;4;4;1;2;3;2;0;1;1;2;18;
Reggie Evans;;8;0;0;0;0;1;2;0;2;2;0;2;0;0;1;1;
Andre Miller;;28;6;7;2;2;2;2;0;2;2;7;1;0;5;3;16;
Nik Stauskas;;27;2;8;1;4;2;3;0;2;2;1;0;1;1;1;7;
