02-27;CHA-BOS;98-106;
21-27;28-18;26-24;23-37;
CHA
Cody Zeller;PF;29;4;7;0;0;3;4;2;5;7;1;3;1;2;0;11;
Michael Kidd-Gilchrist;SF;32;6;12;0;0;0;0;2;9;11;3;0;1;0;1;12;
Al Jefferson;C;33;6;13;0;0;2;2;0;8;8;1;0;2;0;4;14;
Mo Williams;PG;37;9;23;6;13;7;9;1;6;7;4;1;0;3;5;31;
Gerald Henderson;SG;37;6;12;2;3;0;0;0;4;4;2;1;1;5;2;14;
Jason Maxiell;;13;0;1;0;0;0;0;1;4;5;0;0;0;1;1;0;
Marvin Williams;;21;2;4;0;0;2;2;0;3;3;1;1;2;1;1;6;
Brian Roberts;;15;2;5;2;5;0;0;0;0;0;0;1;0;0;3;6;
Lance Stephenson;;23;2;5;0;0;0;0;2;1;3;7;1;0;4;1;4;
BOS
Brandon Bass;PF;20;3;9;0;0;2;2;2;5;7;1;0;1;1;1;8;
Tyler Zeller;C;24;3;8;0;0;1;1;3;6;9;1;1;3;0;0;7;
Avery Bradley;PG;34;8;18;3;5;0;0;2;3;5;2;1;0;2;2;19;
Marcus Smart;PG;31;4;9;2;6;0;0;0;2;2;3;1;0;1;5;10;
Evan Turner;SG;30;1;5;0;0;0;0;0;6;6;7;0;0;1;0;2;
Jonas Jerebko;;24;6;9;3;4;1;2;5;5;10;3;0;1;0;2;16;
Jae Crowder;;28;5;11;4;8;0;0;1;5;6;0;1;0;0;2;14;
Isaiah Thomas;;31;9;22;2;8;8;10;0;1;1;7;1;0;3;3;28;
James Young;;18;1;5;0;4;0;0;1;0;1;0;3;0;0;0;2;
