02-08;LAL-CLE;105-120;
28-32;21-32;30-32;26-24;
LAL
Ryan Kelly;PF;21;1;7;0;3;0;0;0;2;2;0;1;1;0;3;2;
Tarik Black;PF;26;4;7;0;0;0;0;4;3;7;1;1;1;0;4;8;
Robert Sacre;C;24;2;8;0;0;0;2;2;3;5;2;2;2;2;0;4;
Jordan Clarkson;PG;27;6;14;0;2;8;9;3;3;6;4;3;0;0;1;20;
Wayne Ellington;SG;30;5;14;2;6;0;0;1;4;5;2;0;0;0;0;12;
Ed Davis;;24;6;7;0;0;4;4;3;6;9;2;2;1;0;2;16;
Carlos Boozer;;15;4;10;0;0;1;1;3;3;6;3;0;0;0;2;9;
Wesley Johnson;;29;5;14;2;4;3;3;2;1;3;2;2;0;1;2;15;
Nick Young;;22;3;10;2;7;0;0;1;0;1;3;0;0;1;3;8;
Jeremy Lin;;21;5;9;1;1;0;0;0;2;2;3;0;0;3;1;11;
CLE
Kevin Love;PF;35;11;18;7;8;3;5;0;10;10;3;0;0;1;2;32;
LeBron James;SF;30;8;16;2;7;4;5;2;8;10;8;1;0;6;2;22;
Timofey Mozgov;C;28;4;6;0;0;0;0;3;7;10;1;0;4;3;3;8;
Kyrie Irving;PG;32;10;14;5;8;3;4;0;4;4;10;1;0;1;4;28;
J.R. Smith;SG;34;1;4;0;2;0;0;0;1;1;4;0;0;0;1;2;
James Jones;;5;0;1;0;1;0;0;0;1;1;1;0;0;0;0;0;
Tristan Thompson;;29;4;7;0;0;2;6;1;7;8;2;0;1;0;0;10;
Iman Shumpert;;29;5;13;2;5;0;0;0;2;2;2;4;2;2;0;12;
Matthew Dellavedova;;16;1;2;1;1;0;0;0;0;0;0;0;0;1;2;3;
Joe Harris;;4;1;1;1;1;0;0;0;0;0;0;0;0;0;1;3;
