02-04;ORL-SA;103-110;
25-24;19-27;30-27;29-32;
ORL
Tobias Harris;SF;38;9;13;3;4;2;3;0;10;10;6;0;0;0;2;23;
Nikola Vucevic;C;34;11;17;0;0;3;3;3;10;13;1;0;1;1;5;25;
Elfrid Payton;PG;40;6;8;0;0;2;6;0;6;6;9;1;0;1;3;14;
Evan Fournier;SG;32;4;9;2;4;0;0;0;2;2;6;2;0;1;3;10;
Victor Oladipo;SG;42;5;21;2;5;2;2;2;4;6;2;2;0;5;1;14;
Kyle O'Quinn;;6;1;1;0;0;0;0;0;0;0;0;1;0;0;0;2;
Channing Frye;;8;1;2;1;2;0;0;0;2;2;1;0;0;2;0;3;
Maurice Harkless;;12;2;2;0;0;0;0;0;0;0;1;0;0;0;0;4;
Willie Green;;20;3;7;2;5;0;0;0;0;0;1;0;0;2;1;8;
Ben Gordon;;9;0;4;0;1;0;0;0;0;0;0;0;0;0;1;0;
SA
Tim Duncan;PF;34;11;17;0;0;4;8;1;9;10;1;1;1;1;3;26;
Kawhi Leonard;SF;38;7;9;0;0;4;4;0;5;5;5;4;1;3;0;18;
Boris Diaw;C;19;2;3;0;1;0;0;1;1;2;3;0;1;0;2;4;
Tony Parker;PG;30;6;15;3;5;0;0;0;0;0;3;0;0;2;1;15;
Danny Green;SG;26;2;9;2;9;0;0;1;4;5;3;1;1;1;1;6;
Marco Belinelli;;17;4;6;3;4;0;0;0;1;1;1;0;0;1;0;11;
Aron Baynes;;14;2;3;0;0;0;0;3;6;9;0;0;0;1;3;4;
Patty Mills;;18;3;8;3;8;0;0;0;1;1;3;1;0;1;0;9;
Cory Joseph;;16;2;5;0;0;0;0;0;2;2;3;0;0;0;0;4;
Manu Ginobili;;29;5;9;3;5;0;2;0;6;6;10;0;0;1;2;13;
