01-28;BOS-MIN;98-110;
22-26;27-22;25-33;24-29;
BOS
Jared Sullinger;PF;34;6;16;1;4;3;4;3;5;8;3;1;1;3;5;16;
Brandon Bass;PF;22;5;10;0;0;0;0;2;4;6;0;0;1;3;0;10;
Jae Crowder;SF;15;1;4;0;1;0;0;1;1;2;0;1;0;0;2;2;
Avery Bradley;PG;37;5;15;1;7;2;2;0;1;1;1;3;1;1;1;13;
Evan Turner;SG;27;4;6;0;0;2;2;1;3;4;6;0;0;1;2;10;
Gerald Wallace;;7;0;1;0;0;0;0;0;2;2;0;0;0;0;0;0;
Tayshaun Prince;;23;6;9;0;0;0;0;0;2;2;2;2;0;1;2;12;
Tyler Zeller;;20;3;4;0;0;0;0;1;8;9;1;0;0;1;4;6;
Phil Pressey;;9;1;4;0;1;0;0;1;0;1;1;2;0;0;0;2;
Marcus Smart;;24;4;7;4;5;0;1;0;2;2;6;0;0;3;3;12;
Marcus Thornton;;14;7;13;1;4;0;0;0;0;0;2;0;1;0;2;15;
James Young;;8;0;2;0;1;0;0;0;2;2;0;0;0;0;1;0;
MIN
Thaddeus Young;SF;40;3;11;0;1;6;6;1;8;9;2;2;0;0;1;12;
Andrew Wiggins;SF;40;5;11;0;2;2;2;1;2;3;3;0;1;1;1;12;
Nikola Pekovic;C;27;5;8;0;0;4;5;0;2;2;2;1;0;1;2;14;
Gorgui Dieng;C;35;6;11;0;1;4;5;2;12;14;1;0;3;1;2;16;
Zach LaVine;PG;24;7;9;1;1;2;2;1;3;4;6;3;0;4;2;17;
Anthony Bennett;;8;0;1;0;1;0;0;0;6;6;0;0;0;1;0;0;
Chase Budinger;;14;2;2;1;1;2;2;0;2;2;0;0;0;0;0;7;
Lorenzo Brown;;24;3;6;2;3;3;4;0;1;1;3;0;0;1;2;11;
Kevin Martin;;29;7;18;2;6;5;6;1;3;4;1;0;0;2;1;21;
