04-15;CHA-TOR;87-92;
20-25;24-30;23-23;20-14;
CHA
Marvin Williams;PF;25;3;7;2;4;0;0;0;2;2;0;0;0;0;0;8;
Jeff Taylor;SF;38;2;6;0;2;2;2;1;3;4;3;0;0;2;2;6;
Bismack Biyombo;C;32;0;1;0;0;3;4;0;4;4;0;0;1;3;3;3;
Kemba Walker;PG;30;6;15;1;5;4;4;0;3;3;4;3;0;3;0;17;
Gerald Henderson;SG;29;7;12;1;1;0;0;1;2;3;2;0;0;0;1;15;
Noah Vonleh;;23;3;7;1;2;2;2;4;8;12;0;0;2;2;0;9;
Jason Maxiell;;16;1;1;0;0;0;0;1;5;6;0;1;0;1;0;2;
Brian Roberts;;18;1;7;1;6;0;0;0;0;0;5;4;0;0;2;3;
Troy Daniels;;29;7;15;6;13;4;4;1;1;2;1;0;0;1;2;24;
TOR
Tyler Hansbrough;PF;22;2;2;0;0;0;0;0;3;3;2;1;0;1;3;4;
Terrence Ross;SF;33;5;15;3;13;0;0;0;2;2;3;0;0;0;1;13;
Jonas Valanciunas;C;27;9;11;0;0;0;0;0;5;5;1;0;0;0;2;18;
Kyle Lowry;PG;37;8;15;6;9;4;4;1;3;4;7;3;0;3;1;26;
DeMar DeRozan;SG;34;8;13;0;2;0;0;1;3;4;6;2;0;4;1;16;
Amir Johnson;;21;1;4;0;0;0;0;2;4;6;1;0;1;0;2;2;
James Johnson;;15;2;6;0;2;0;0;1;0;1;0;0;1;2;3;4;
Patrick Patterson;;26;1;3;1;3;0;0;0;3;3;1;1;1;0;0;3;
Greivis Vasquez;;25;2;8;2;4;0;0;0;4;4;6;1;0;1;3;6;
