01-31;PHI-ATL;85-91;
10-22;24-27;32-22;19-20;
PHI
Luc Richard Mbah a Moute;PF;32;5;12;2;7;1;4;2;3;5;1;2;0;0;2;13;
Robert Covington;SF;29;4;15;1;9;1;1;3;6;9;4;2;0;2;4;10;
Nerlens Noel;C;29;5;8;0;0;1;2;2;8;10;0;0;2;2;3;11;
Michael Carter-Williams;PG;37;5;13;2;4;1;2;0;6;6;8;2;0;3;4;13;
JaKarr Sampson;SG;13;0;3;0;1;1;2;0;2;2;2;0;0;2;3;1;
Furkan Aldemir;;3;0;0;0;0;0;0;0;0;0;0;0;0;0;0;0;
Jerami Grant;;26;4;4;3;3;2;2;0;3;3;1;0;0;0;2;13;
Henry Sims;;11;1;4;0;0;0;0;0;2;2;0;0;1;2;2;2;
K.J. McDaniels;;23;2;12;1;4;2;2;2;2;4;1;0;1;2;2;7;
Hollis Thompson;;27;4;9;4;6;0;0;1;2;3;1;1;0;0;2;12;
Larry Drew II;;11;1;1;1;1;0;0;0;0;0;3;0;0;1;2;3;
ATL
Paul Millsap;PF;35;5;13;1;3;4;4;4;4;8;1;2;1;2;1;15;
Al Horford;C;33;10;16;0;1;3;4;2;9;11;4;0;3;1;0;23;
Jeff Teague;PG;32;3;12;2;7;2;2;0;0;0;7;2;0;4;2;10;
Kyle Korver;SG;33;4;9;4;6;2;2;0;5;5;0;0;0;0;3;14;
Kent Bazemore;SG;30;1;6;0;3;1;4;1;2;3;2;0;1;1;4;3;
Mike Muscala;;3;0;0;0;0;0;0;0;0;0;0;0;0;0;0;0;
Mike Scott;;15;1;5;0;4;0;0;0;4;4;0;1;0;0;1;2;
Elton Brand;;11;0;1;0;0;0;0;0;5;5;0;0;0;1;2;0;
Dennis Schroder;;28;6;11;2;3;1;2;1;4;5;6;1;0;3;3;15;
John Jenkins;;21;4;5;1;1;0;0;0;3;3;0;0;0;0;0;9;
