02-22;MEM-POR;98-92;
19-21;19-17;26-39;34-15;
MEM
Zach Randolph;PF;37;7;18;0;1;1;3;2;7;9;4;2;0;2;1;15;
Jeff Green;SF;25;6;9;0;2;0;0;0;5;5;0;1;0;0;0;12;
Marc Gasol;C;36;9;17;0;0;3;3;1;5;6;4;0;3;1;1;21;
Mike Conley;PG;30;6;15;1;1;2;2;2;4;6;8;2;1;0;3;15;
Courtney Lee;SG;30;6;8;2;2;5;5;0;3;3;3;1;0;0;2;19;
Jon Leuer;;5;0;1;0;0;0;0;0;0;0;0;0;0;0;0;0;
Tony Allen;;29;2;5;0;1;0;0;2;5;7;0;2;0;1;3;4;
Kosta Koufos;;18;2;5;0;0;0;0;1;5;6;0;1;0;0;3;4;
Beno Udrih;;16;3;7;0;1;0;0;0;0;0;1;0;0;1;0;6;
Nick Calathes;;15;1;4;0;1;0;0;0;2;2;0;4;0;1;2;2;
POR
Nicolas Batum;SF;36;7;13;3;7;0;0;1;9;10;5;0;1;2;0;17;
Robin Lopez;C;37;3;9;0;0;0;0;6;1;7;2;1;2;1;0;6;
Meyers Leonard;C;17;4;8;3;5;0;0;0;1;1;0;0;0;0;5;11;
Damian Lillard;PG;35;7;17;2;8;2;4;0;5;5;7;0;0;4;1;18;
Wesley Matthews;SG;36;0;7;0;4;4;4;0;2;2;3;1;0;2;2;4;
Dorell Wright;;17;4;9;0;2;1;1;0;5;5;1;1;0;1;1;9;
Chris Kaman;;24;2;7;0;0;2;2;1;8;9;3;0;1;1;3;6;
Steve Blake;;14;4;6;4;4;1;1;0;3;3;1;0;0;2;2;13;
Arron Afflalo;;24;2;6;1;3;3;4;0;4;4;2;1;0;2;1;8;
