12-31;NO-SA;93-95;
14-17;14-21;32-24;24-22;9-11;
NO
Anthony Davis;PF;40;8;12;0;0;5;6;2;10;12;0;4;1;2;4;21;
Luke Babbitt;SF;14;1;2;1;2;0;0;0;0;0;0;0;0;0;1;3;
Omer Asik;C;28;0;2;0;0;3;4;3;9;12;0;0;0;2;2;3;
Jrue Holiday;PG;39;5;18;3;6;0;0;0;6;6;9;2;0;2;6;13;
Tyreke Evans;SG;40;5;18;0;6;5;6;1;2;3;3;2;0;0;1;15;
Dante Cunningham;;17;1;4;0;0;0;0;0;3;3;0;0;0;1;1;2;
Ryan Anderson;;38;7;18;2;8;2;2;4;7;11;2;0;0;2;2;18;
Jimmer Fredette;;24;5;8;2;3;2;2;0;3;3;0;0;0;2;0;14;
Austin Rivers;;25;2;7;0;3;0;0;1;1;2;1;0;0;2;3;4;
SA
Tim Duncan;PF;36;6;12;0;0;4;6;0;10;10;5;0;3;2;2;16;
Kyle Anderson;SF;18;2;3;0;0;0;0;0;2;2;2;1;0;2;1;4;
Matt Bonner;C;24;1;4;0;1;0;0;0;2;2;1;0;0;2;3;2;
Cory Joseph;PG;24;4;9;0;0;1;2;2;1;3;0;0;0;2;1;9;
Danny Green;SG;35;3;13;0;8;1;2;0;9;9;3;0;1;2;3;7;
Marco Belinelli;;24;4;8;0;2;2;4;0;2;2;2;2;0;0;1;10;
Boris Diaw;;21;4;7;0;0;0;0;2;4;6;3;0;2;2;2;8;
Tiago Splitter;;25;3;7;0;0;0;0;2;3;5;2;0;1;0;1;6;
Patty Mills;;29;3;9;1;5;0;0;0;2;2;3;1;0;1;1;7;
Manu Ginobili;;29;9;17;5;8;3;4;2;5;7;3;1;0;1;4;26;
