04-14;WSH-IND;95-99;
16-16;25-17;18-23;22-25;4-4;10-14;
WSH
Drew Gooden;PF;38;2;8;0;0;2;2;4;6;10;2;1;1;0;1;6;
Paul Pierce;SF;18;0;2;0;2;0;0;0;5;5;2;0;0;0;2;0;
Marcin Gortat;C;44;8;13;0;0;3;4;1;9;10;0;1;0;0;2;19;
John Wall;PG;44;7;23;0;5;2;3;0;2;2;11;2;0;5;2;16;
Bradley Beal;SG;42;7;24;2;9;3;4;1;8;9;1;1;0;1;2;19;
Kris Humphries;;19;3;8;0;0;0;0;2;7;9;0;1;1;1;2;6;
Otto Porter Jr.;;43;4;10;2;4;0;0;3;4;7;1;0;0;1;5;10;
Rasual Butler;;15;2;4;2;2;0;0;1;0;1;0;2;0;0;1;6;
Kevin Seraphin;;14;2;5;0;0;2;2;0;2;2;2;0;0;1;2;6;
Will Bynum;;0;0;0;0;0;0;0;0;0;0;0;0;0;0;0;0;
Ramon Sessions;;14;2;7;1;2;2;2;1;3;4;3;0;0;2;3;7;
IND
David West;PF;41;6;11;0;0;3;4;3;5;8;2;1;2;3;3;15;
Solomon Hill;SF;22;3;6;1;1;0;1;1;1;2;1;0;0;0;1;7;
Roy Hibbert;C;37;3;10;0;0;0;0;4;8;12;1;1;3;0;3;6;
George Hill;PG;48;11;25;2;10;0;0;1;8;9;10;0;1;3;1;24;
C.J. Miles;SG;42;9;22;4;13;3;4;0;8;8;0;0;1;2;2;25;
Luis Scola;;17;0;2;0;0;0;2;3;4;7;0;1;0;2;1;0;
Lavoy Allen;;8;0;3;0;0;0;0;2;0;2;2;0;1;0;1;0;
Paul George;;18;4;10;2;4;0;1;0;3;3;0;1;1;2;0;10;
Ian Mahinmi;;13;1;3;0;0;0;0;0;0;0;0;0;0;1;3;2;
Donald Sloan;;10;0;2;0;1;0;0;0;1;1;2;0;0;0;0;0;
Rodney Stuckey;;34;3;11;0;1;4;5;0;4;4;4;1;0;0;2;10;
