02-27;MIN-CHI;89-96;
23-27;21-24;23-22;22-23;
MIN
Adreian Payne;PF;27;3;7;0;0;0;0;2;3;5;0;0;0;1;5;6;
Andrew Wiggins;SF;33;5;11;0;0;4;10;0;4;4;1;2;0;1;5;14;
Nikola Pekovic;C;29;4;8;0;0;4;4;4;7;11;0;0;0;1;1;12;
Ricky Rubio;PG;38;5;14;1;4;4;6;2;4;6;10;1;1;1;1;15;
Kevin Martin;SG;37;8;15;0;2;2;2;0;5;5;2;0;0;1;1;18;
Chase Budinger;;3;0;1;0;1;0;0;0;0;0;0;0;0;0;0;0;
Gorgui Dieng;;25;1;2;0;0;2;4;1;4;5;0;1;0;3;0;4;
Zach LaVine;;10;3;5;1;1;2;2;1;5;6;2;1;1;1;1;9;
Glenn Robinson III;;9;0;0;0;0;2;2;0;0;0;0;0;0;0;0;2;
Gary Neal;;29;4;14;0;6;1;1;0;3;3;2;2;0;2;4;9;
CHI
Taj Gibson;PF;9;2;5;0;0;0;0;1;1;2;0;0;0;0;1;4;
Mike Dunleavy;SF;32;8;18;5;8;0;0;4;4;8;3;0;2;0;5;21;
Joakim Noah;C;38;5;8;0;0;1;2;4;8;12;8;0;0;3;3;11;
Aaron Brooks;PG;31;2;15;2;8;0;0;2;2;4;4;1;0;1;4;6;
Jimmy Butler;SG;43;11;19;0;1;6;7;5;7;12;1;2;2;1;0;28;
Nikola Mirotic;;19;2;9;0;3;4;5;2;2;4;3;0;1;0;4;8;
Tony Snell;;31;4;12;2;7;2;2;1;4;5;2;0;0;2;4;12;
Doug McDermott;;3;0;0;0;0;0;0;0;0;0;0;0;0;0;0;0;
Nazr Mohammed;;10;1;3;0;0;0;0;2;2;4;0;1;0;2;2;2;
Kirk Hinrich;;23;2;6;0;3;0;0;1;1;2;3;1;0;0;1;4;
E'Twaun Moore;;2;0;1;0;1;0;0;0;0;0;0;0;0;0;0;0;
