10-30;NY-CLE;95-90;
18-25;24-19;25-20;28-26;
NY
Carmelo Anthony;SF;34;9;17;2;4;5;7;0;2;2;6;0;0;2;5;25;
Quincy Acy;SF;22;4;7;0;0;0;0;6;4;10;2;0;1;2;6;8;
Samuel Dalembert;C;6;0;1;0;0;0;0;0;2;2;0;0;0;0;0;0;
Shane Larkin;PG;28;4;6;1;1;0;0;1;1;2;5;5;0;3;0;9;
Iman Shumpert;SG;29;4;7;0;1;4;5;0;3;3;2;0;0;1;1;12;
Jason Smith;;19;5;6;0;0;2;2;0;2;2;0;0;0;1;4;12;
Travis Wear;;13;0;1;0;0;2;2;0;2;2;2;0;0;1;1;2;
Amar'e Stoudemire;;24;3;8;0;0;2;2;0;4;4;2;0;0;1;3;8;
Cole Aldrich;;14;1;2;0;0;0;0;2;4;6;1;1;0;1;4;2;
Pablo Prigioni;;20;2;4;2;3;0;0;0;1;1;2;1;0;1;0;6;
Tim Hardaway Jr.;;5;0;0;0;0;0;0;0;0;0;1;0;0;0;0;0;
J.R. Smith;;25;5;10;1;3;0;0;0;1;1;7;2;0;2;2;11;
CLE
Kevin Love;PF;38;6;14;3;6;4;4;3;11;14;4;0;0;2;1;19;
LeBron James;SF;43;5;15;1;5;6;7;0;5;5;4;0;0;8;3;17;
Anderson Varejao;C;27;4;5;0;0;2;2;3;1;4;1;1;1;2;0;10;
Kyrie Irving;PG;43;8;15;1;6;5;7;2;3;5;7;2;1;4;2;22;
Dion Waiters;SG;38;4;9;2;5;0;0;1;0;1;2;1;0;3;3;10;
Tristan Thompson;;20;3;7;0;0;0;0;2;0;2;0;0;0;0;2;6;
Matthew Dellavedova;;18;2;3;2;2;0;0;0;0;0;3;0;0;0;3;6;
Shawn Marion;;10;0;2;0;0;0;0;0;2;2;1;1;0;0;1;0;
Mike Miller;;3;0;0;0;0;0;0;0;0;0;0;0;0;0;0;0;
