12-18;NY-CHI;97-103;
20-30;25-22;29-21;23-30;
NY
Travis Wear;SF;26;4;7;0;0;0;0;0;4;4;0;1;0;1;3;8;
Amar'e Stoudemire;C;31;7;13;0;0;2;3;2;4;6;2;2;4;3;5;16;
Cole Aldrich;C;26;5;8;0;0;3;4;4;6;10;3;1;1;3;3;13;
Jose Calderon;PG;36;5;10;0;0;2;2;0;3;3;2;1;0;1;0;12;
Tim Hardaway Jr.;SG;40;8;19;5;8;2;2;1;1;2;5;1;0;3;3;23;
Jason Smith;;17;1;6;0;0;3;4;2;1;3;3;0;0;3;3;5;
Quincy Acy;;10;2;4;0;0;2;2;1;3;4;0;0;0;0;1;6;
Samuel Dalembert;;13;2;4;0;0;0;0;3;2;5;1;0;0;0;3;4;
Shane Larkin;;30;2;7;0;0;1;2;1;1;2;3;0;1;1;2;5;
Pablo Prigioni;;12;2;4;1;1;0;0;0;2;2;0;1;0;1;1;5;
CHI
Pau Gasol;PF;36;8;15;0;0;4;4;3;4;7;2;0;5;1;0;20;
Mike Dunleavy;SF;29;2;7;1;3;0;0;1;3;4;0;0;0;0;1;5;
Joakim Noah;C;34;1;8;0;0;2;6;6;7;13;3;0;1;1;4;4;
Kirk Hinrich;SG;32;3;7;2;4;0;0;0;0;0;3;0;0;1;3;8;
Jimmy Butler;SG;45;11;21;4;7;9;10;1;4;5;7;4;1;2;1;35;
Nikola Mirotic;;27;4;7;2;4;3;4;0;1;1;3;3;1;0;3;13;
Tony Snell;;9;0;1;0;0;0;0;0;0;0;0;1;0;1;2;0;
Aaron Brooks;;25;5;9;3;5;5;6;0;2;2;5;1;0;4;1;18;
E'Twaun Moore;;4;0;0;0;0;0;0;0;0;0;0;0;0;1;2;0;
