12-08;BOS-WSH;132-133;
29-30;16-28;31-34;34-18;11-11;11-12;
BOS
Jared Sullinger;PF;18;2;5;0;0;1;2;1;4;5;1;1;1;3;4;5;
Jeff Green;SF;39;8;18;1;4;11;11;1;1;2;2;0;0;4;5;28;
Tyler Zeller;C;22;4;7;0;0;2;2;0;5;5;1;2;0;1;1;10;
Rajon Rondo;PG;21;0;3;0;0;0;0;0;2;2;4;1;0;3;3;0;
Avery Bradley;PG;23;3;9;1;4;0;0;0;2;2;1;1;0;1;1;7;
Brandon Bass;;31;8;16;0;0;3;4;2;7;9;1;3;1;1;2;19;
Kelly Olynyk;;41;6;12;1;3;6;6;7;4;11;3;4;1;1;6;19;
Marcus Smart;;35;7;14;4;8;5;5;3;1;4;5;2;0;0;4;23;
Marcus Thornton;;19;1;5;0;1;1;2;0;0;0;1;1;0;1;0;3;
Evan Turner;;39;8;13;2;2;0;0;0;6;6;8;2;1;2;4;18;
WSH
Kris Humphries;PF;43;8;16;0;0;1;2;2;7;9;0;2;1;3;5;17;
Paul Pierce;SF;39;9;12;4;5;6;6;0;7;7;3;2;0;1;5;28;
Marcin Gortat;C;36;6;12;0;0;9;9;4;8;12;3;0;2;2;2;21;
John Wall;PG;44;10;17;1;3;5;8;1;6;7;17;3;0;9;4;26;
Bradley Beal;SG;46;5;12;1;2;3;4;0;3;3;5;2;0;3;4;14;
Drew Gooden;;15;1;7;0;2;0;0;1;1;2;1;0;0;0;4;2;
Otto Porter Jr.;;12;0;2;0;0;0;0;1;1;2;0;0;0;1;0;0;
Rasual Butler;;25;3;7;1;3;0;0;1;2;3;0;1;0;2;0;7;
Kevin Seraphin;;16;5;5;0;0;1;1;1;3;4;1;0;0;1;1;11;
Andre Miller;;14;2;4;0;1;3;4;0;0;0;2;0;0;1;1;7;
Garrett Temple;;0;0;0;0;0;0;0;0;0;0;0;0;0;0;0;0;
