01-02;CLE-CHA;91-87;
16-25;24-21;32-18;19-23;
CLE
Kevin Love;PF;38;9;15;3;4;6;10;0;5;5;1;0;1;1;3;27;
Tristan Thompson;C;43;5;10;0;0;4;6;6;8;14;0;0;3;2;3;14;
Kyrie Irving;PG;42;8;27;0;2;7;8;1;3;4;3;4;0;1;1;23;
Mike Miller;SG;21;0;1;0;0;0;0;0;1;1;4;0;0;2;4;0;
Matthew Dellavedova;SG;34;1;4;1;2;0;0;1;6;7;4;0;0;0;5;3;
James Jones;;3;0;2;0;1;0;0;0;0;0;0;0;0;0;0;0;
Brendan Haywood;;3;0;0;0;0;0;0;0;0;0;0;0;0;0;2;0;
Shawn Marion;;24;2;7;0;2;3;4;2;8;10;2;0;1;0;3;7;
Dion Waiters;;34;8;21;0;4;1;2;3;2;5;2;4;0;1;2;17;
CHA
Cody Zeller;PF;20;4;7;0;0;0;0;2;5;7;3;0;3;0;2;8;
Michael Kidd-Gilchrist;SF;29;5;11;0;0;2;5;4;6;10;1;0;0;5;4;12;
Bismack Biyombo;C;27;0;0;0;0;2;2;2;6;8;0;1;0;2;3;2;
Kemba Walker;PG;40;4;16;1;8;1;3;0;2;2;5;2;2;2;2;10;
Gerald Henderson;SG;27;6;17;0;1;2;2;3;5;8;4;0;0;2;3;14;
Jason Maxiell;;17;1;4;0;0;6;10;1;4;5;0;0;1;0;2;8;
Marvin Williams;;29;2;7;2;7;4;4;2;4;6;2;1;0;1;3;10;
Brian Roberts;;10;2;3;0;1;0;0;0;1;1;1;0;0;1;0;4;
P.J. Hairston;;17;3;6;2;4;0;0;1;1;2;1;1;0;0;4;8;
Gary Neal;;24;5;16;1;7;0;0;0;1;1;3;0;0;1;1;11;
