03-07;MEM-NO;89-95;
25-18;25-20;17-33;22-24;
MEM
Zach Randolph;PF;29;3;10;0;1;1;4;0;2;2;3;3;0;3;2;7;
Jeff Green;SF;36;8;18;0;3;4;6;2;2;4;3;1;1;4;3;20;
Marc Gasol;C;35;2;7;0;0;4;6;0;7;7;6;3;5;2;3;8;
Mike Conley;PG;31;5;9;3;6;4;4;1;3;4;3;1;0;1;2;17;
Courtney Lee;SG;24;2;9;1;3;0;0;0;1;1;0;1;0;0;3;5;
Tony Allen;;32;3;5;0;0;1;2;3;5;8;1;6;1;3;1;7;
Kosta Koufos;;13;1;4;0;0;0;0;2;3;5;0;0;0;0;1;2;
Beno Udrih;;15;4;6;0;0;3;3;0;4;4;3;0;0;0;1;11;
Vince Carter;;5;1;3;1;2;0;0;0;1;1;0;0;0;0;1;3;
Nick Calathes;;20;3;3;1;1;2;4;0;3;3;7;0;0;1;2;9;
NO
Anthony Davis;PF;40;11;21;0;0;1;1;1;9;10;1;0;5;2;4;23;
Omer Asik;C;30;3;6;0;0;1;2;2;9;11;0;2;3;3;3;7;
Eric Gordon;SG;35;4;6;3;5;5;5;0;1;1;6;1;0;4;0;16;
Quincy Pondexter;SG;34;1;4;1;4;0;0;1;4;5;7;1;1;2;4;3;
Tyreke Evans;SG;36;10;16;3;8;3;4;1;2;3;7;3;1;3;3;26;
Dante Cunningham;;9;1;5;0;2;0;0;1;1;2;0;0;1;0;0;2;
Luke Babbitt;;4;0;0;0;0;0;0;0;0;0;0;0;1;1;0;0;
Alexis Ajinca;;18;3;7;0;0;0;0;1;4;5;0;0;1;1;2;6;
Norris Cole;;29;5;13;1;4;1;1;0;2;2;3;1;0;2;1;12;
Elliot Williams;;4;0;2;0;0;0;0;0;2;2;0;0;0;0;1;0;
