03-29;LAC-BOS;119-106;
34-20;34-27;37-32;14-27;
LAC
Blake Griffin;PF;33;7;14;0;0;7;9;3;6;9;5;1;1;0;2;21;
Matt Barnes;SF;33;7;18;4;13;0;0;2;5;7;1;0;1;1;3;18;
DeAndre Jordan;C;29;6;8;0;0;3;15;6;8;14;0;1;0;1;4;15;
Chris Paul;PG;35;5;9;3;4;8;8;1;2;3;10;2;1;4;1;21;
J.J. Redick;SG;33;11;15;5;6;0;0;0;5;5;3;0;0;2;3;27;
Glen Davis;;14;2;6;0;0;0;0;1;0;1;0;0;1;0;2;4;
Spencer Hawes;;19;0;2;0;1;3;4;0;4;4;4;0;0;1;3;3;
Hedo Turkoglu;;15;1;5;1;4;0;0;0;3;3;1;0;0;1;0;3;
Dahntay Jones;;1;0;1;0;1;0;0;0;0;0;0;0;0;0;0;0;
Lester Hudson;;1;0;0;0;0;0;0;0;0;0;0;0;0;0;0;0;
Austin Rivers;;24;2;4;0;1;3;4;0;5;5;4;1;1;1;3;7;
C.J. Wilcox;;4;0;2;0;2;0;0;0;2;2;0;0;0;1;0;0;
BOS
Brandon Bass;PF;24;4;6;0;1;5;6;1;0;1;1;0;0;2;2;13;
Tyler Zeller;C;21;7;12;0;0;2;2;0;5;5;0;0;0;0;4;16;
Avery Bradley;PG;24;2;7;1;4;0;0;1;1;2;2;0;1;0;2;5;
Marcus Smart;PG;18;0;6;0;3;0;0;1;3;4;0;0;0;1;3;0;
Evan Turner;SG;30;4;9;1;3;0;0;0;7;7;10;2;0;3;3;9;
Jonas Jerebko;;22;4;12;1;3;1;1;2;6;8;1;2;0;0;4;10;
Luigi Datome;;18;5;9;2;4;0;0;0;1;1;1;0;0;0;2;12;
Jae Crowder;;22;2;6;0;2;2;2;1;2;3;1;0;0;1;5;6;
Kelly Olynyk;;22;6;11;1;3;1;2;2;3;5;2;1;0;1;3;14;
Phil Pressey;;13;1;3;0;1;0;0;1;3;4;4;1;0;2;0;2;
Isaiah Thomas;;26;4;12;2;7;9;10;0;0;0;7;2;0;0;4;19;
