01-16;DEN-DAL;89-97;
24-29;18-20;23-24;24-24;
DEN
Kenneth Faried;PF;28;5;5;0;0;1;2;4;4;8;1;1;2;1;2;11;
Wilson Chandler;SF;40;4;12;2;6;0;0;1;5;6;1;1;0;3;5;10;
Jusuf Nurkic;C;17;1;7;0;0;0;0;3;3;6;0;1;0;0;2;2;
Ty Lawson;PG;39;3;13;1;3;4;9;1;5;6;12;0;0;0;3;11;
Arron Afflalo;SG;40;6;17;3;7;1;1;0;5;5;0;1;0;1;2;16;
Darrell Arthur;;16;4;6;0;1;1;2;1;2;3;0;1;1;1;4;9;
J.J. Hickson;;28;5;7;0;0;3;8;3;11;14;1;0;0;5;3;13;
Alonzo Gee;;1;1;2;1;1;0;0;0;0;0;0;0;0;0;0;3;
Jameer Nelson;;28;5;14;2;7;2;3;0;4;4;7;1;0;4;6;14;
Erick Green;;1;0;0;0;0;0;0;0;0;0;1;0;0;0;0;0;
Gary Harris;;1;0;0;0;0;0;0;0;0;0;0;0;0;0;0;0;
DAL
Dirk Nowitzki;PF;30;8;18;4;5;5;5;1;8;9;1;1;0;0;2;25;
Chandler Parsons;SF;36;6;11;1;5;5;6;1;6;7;2;1;0;0;0;18;
Tyson Chandler;C;34;4;4;0;0;3;4;4;12;16;1;0;1;2;2;11;
Rajon Rondo;PG;29;1;6;0;1;0;2;0;9;9;8;1;0;5;3;2;
Monta Ellis;SG;33;6;15;1;2;1;1;0;1;1;4;1;0;4;4;14;
Dwight Powell;;14;2;4;0;0;0;0;0;1;1;0;2;0;1;3;4;
Al-Farouq Aminu;;18;1;6;0;4;6;6;3;2;5;2;0;1;1;3;8;
Richard Jefferson;;12;0;3;0;2;0;0;1;1;2;1;1;0;0;2;0;
J.J. Barea;;18;4;7;1;3;0;1;0;2;2;2;0;0;1;2;9;
Devin Harris;;17;1;5;1;3;3;4;0;0;0;1;0;0;0;2;6;
