11-05;DEN-SAC;109-131;
19-40;35-28;18-37;37-26;
DEN
Kenneth Faried;PF;21;1;5;0;0;2;2;1;4;5;1;0;1;2;3;4;
Wilson Chandler;SF;30;5;12;3;6;0;0;0;2;2;1;0;0;0;4;13;
Timofey Mozgov;C;11;2;3;0;0;3;3;0;1;1;0;0;1;2;3;7;
Ty Lawson;PG;32;3;7;0;0;7;9;1;2;3;9;2;0;3;1;13;
Arron Afflalo;SG;22;1;4;0;2;0;0;0;4;4;2;0;0;0;3;2;
Darrell Arthur;;17;4;7;2;5;1;2;1;0;1;3;1;1;2;6;11;
Alonzo Gee;;17;3;7;0;1;2;2;1;1;2;0;1;0;0;1;8;
Danilo Gallinari;;16;1;7;1;6;4;4;0;4;4;1;0;0;1;1;7;
Jusuf Nurkic;;13;2;4;0;0;2;3;1;4;5;2;0;2;2;6;6;
JaVale McGee;;13;3;5;0;0;3;4;1;1;2;0;0;0;1;4;9;
Nate Robinson;;21;5;10;0;3;0;0;1;0;1;3;0;0;1;3;10;
Randy Foye;;28;7;11;3;5;2;2;0;2;2;2;0;0;0;2;19;
SAC
Jason Thompson;PF;17;0;5;0;0;0;2;1;2;3;0;0;0;1;4;0;
Rudy Gay;SF;35;9;12;3;3;8;10;0;3;3;2;1;1;3;2;29;
DeMarcus Cousins;C;22;10;14;0;0;10;11;3;8;11;1;2;0;3;6;30;
Darren Collison;PG;32;4;9;1;4;1;3;0;0;0;8;1;1;0;1;10;
Ben McLemore;SG;36;3;7;2;5;2;2;0;7;7;3;0;1;1;2;10;
Derrick Williams;;6;0;0;0;0;0;0;0;0;0;1;0;0;1;2;0;
Carl Landry;;16;4;6;0;0;10;10;1;3;4;1;0;0;0;2;18;
Omri Casspi;;22;4;7;0;2;3;3;2;4;6;1;1;0;2;3;11;
Reggie Evans;;19;2;4;0;0;2;5;1;4;5;1;0;0;0;2;6;
Ryan Hollins;;2;1;1;0;0;0;0;1;0;1;0;0;0;1;2;2;
Ray McCallum;;6;3;4;1;2;1;2;0;0;0;0;1;0;0;0;8;
Ramon Sessions;;11;0;2;0;1;2;2;0;0;0;1;2;0;1;1;2;
Nik Stauskas;;16;2;5;1;3;0;0;0;0;0;2;0;0;0;3;5;
