03-15;DEN-NO;118-111;
21-26;29-21;21-30;30-24;8-8;9-2;
DEN
Kenneth Faried;PF;43;7;17;0;2;6;6;4;6;10;1;0;2;2;5;20;
Danilo Gallinari;SF;42;6;15;2;8;3;3;0;4;4;4;0;0;1;5;17;
Jusuf Nurkic;C;22;3;10;0;0;0;0;2;6;8;0;1;0;2;4;6;
Ty Lawson;PG;48;9;18;1;5;0;0;3;2;5;9;3;0;1;0;19;
Gary Harris;SG;16;0;2;0;1;0;0;0;1;1;0;1;1;0;3;0;
J.J. Hickson;;19;2;7;0;0;4;8;2;6;8;1;0;0;0;0;8;
Joffrey Lauvergne;;7;1;1;0;0;1;1;0;1;1;0;0;0;1;1;3;
Erick Green;;9;1;2;0;1;0;0;0;1;1;1;0;0;0;0;2;
Jameer Nelson;;38;7;16;4;8;0;0;1;4;5;6;1;0;3;0;18;
Will Barton;;47;10;16;3;6;2;2;0;9;9;3;3;1;1;3;25;
NO
Anthony Davis;PF;50;16;28;0;1;4;6;2;12;14;7;1;9;2;1;36;
Omer Asik;C;24;4;8;0;0;2;5;8;5;13;2;1;0;2;0;10;
Eric Gordon;SG;42;5;18;4;11;2;2;2;3;5;1;0;1;1;4;16;
Quincy Pondexter;SG;18;1;3;1;3;1;2;0;3;3;2;0;1;0;4;4;
Tyreke Evans;SG;43;11;20;1;3;2;4;1;8;9;10;0;2;6;2;25;
Dante Cunningham;;41;4;8;0;0;0;0;1;4;5;2;0;0;1;5;8;
Luke Babbitt;;7;0;1;0;0;0;0;0;0;0;1;0;0;1;0;0;
Jeff Withey;;8;1;1;0;0;0;0;1;2;3;1;0;0;0;1;2;
Alexis Ajinca;;12;1;1;0;0;2;2;0;2;2;1;1;1;4;2;4;
Norris Cole;;31;2;8;0;2;0;0;0;3;3;4;0;0;1;0;4;
Elliot Williams;;13;1;3;0;2;0;0;0;1;1;1;0;0;0;1;2;
