12-20;SA-DAL;93-99;
25-21;22-21;30-33;16-24;
SA
Marco Belinelli;SF;39;7;16;0;3;7;7;3;0;3;2;0;0;5;2;21;
Kyle Anderson;SF;31;4;8;1;1;2;2;0;8;8;0;2;0;2;4;11;
Boris Diaw;C;36;4;16;0;4;0;0;2;5;7;4;0;1;5;3;8;
Aron Baynes;C;31;6;11;0;0;4;4;2;8;10;2;1;1;4;4;16;
Cory Joseph;PG;41;5;15;0;2;4;4;1;5;6;2;2;0;1;1;14;
Jeff Ayres;;17;1;3;0;0;1;1;3;4;7;0;0;0;0;3;3;
Austin Daye;;19;2;4;2;3;0;0;1;4;5;0;0;0;2;1;6;
Matt Bonner;;26;3;4;0;0;8;8;0;2;2;0;1;0;0;2;14;
DAL
Dirk Nowitzki;PF;33;4;14;0;3;5;5;1;2;3;3;0;0;1;4;13;
Chandler Parsons;SF;38;6;15;1;5;3;3;2;9;11;1;1;0;3;5;16;
Tyson Chandler;C;36;1;2;0;0;4;4;5;9;14;0;1;2;1;2;6;
Rajon Rondo;PG;34;3;11;0;1;0;0;2;5;7;9;2;0;4;4;6;
Monta Ellis;SG;40;15;23;5;6;3;6;0;0;0;1;4;0;2;1;38;
Greg Smith;;10;0;0;0;0;1;2;1;0;1;0;0;0;0;1;1;
Charlie Villanueva;;1;0;1;0;0;0;0;1;0;1;0;0;0;0;0;0;
Al-Farouq Aminu;;6;1;2;0;0;0;0;0;0;0;0;0;1;0;1;2;
Richard Jefferson;;12;2;3;0;1;0;0;0;2;2;1;0;0;1;2;4;
J.J. Barea;;5;0;2;0;1;0;0;0;0;0;0;0;0;0;2;0;
Devin Harris;;23;5;12;3;9;0;0;0;0;0;3;2;0;0;2;13;
Ricky Ledo;;2;0;1;0;0;0;0;1;0;1;0;0;0;0;0;0;
