03-22;DET-BOS;105-97;
26-23;15-24;22-22;25-19;17-9;
DET
Anthony Tolliver;PF;25;0;7;0;3;0;0;1;1;2;3;0;1;0;2;0;
Caron Butler;SF;28;4;7;3;4;1;1;0;2;2;1;0;0;2;3;12;
Andre Drummond;C;40;8;17;0;0;2;11;8;14;22;2;0;4;0;4;18;
Reggie Jackson;PG;37;5;13;0;3;7;8;0;9;9;11;0;1;4;4;17;
Kentavious Caldwell-Pope;SG;44;10;20;3;8;4;4;2;6;8;1;2;0;4;2;27;
Tayshaun Prince;;29;3;9;2;3;1;2;0;3;3;2;1;0;0;2;9;
Joel Anthony;;12;1;3;0;0;0;0;0;2;2;0;0;2;0;1;2;
Spencer Dinwiddie;;16;3;5;0;1;0;0;0;3;3;4;2;2;3;3;6;
Jodie Meeks;;34;5;8;1;4;3;4;0;5;5;0;0;0;1;0;14;
BOS
Brandon Bass;PF;35;6;15;1;2;0;1;4;5;9;0;0;2;2;3;13;
Jae Crowder;SF;45;7;16;1;5;4;5;1;6;7;3;1;1;1;4;19;
Tyler Zeller;C;20;4;10;0;0;2;2;2;2;4;1;1;0;0;3;10;
Avery Bradley;PG;38;3;10;2;6;2;2;1;3;4;4;1;0;3;3;10;
Evan Turner;SG;39;10;21;2;6;1;2;0;6;6;8;3;0;2;2;23;
Jonas Jerebko;;21;4;12;1;3;1;1;5;4;9;0;0;0;0;4;10;
Gerald Wallace;;13;1;3;0;0;0;0;3;5;8;1;0;0;0;1;2;
Luigi Datome;;5;0;0;0;0;0;0;0;0;0;0;0;0;1;0;0;
Kelly Olynyk;;29;1;9;0;3;2;2;2;7;9;5;0;2;2;2;4;
Phil Pressey;;15;1;5;0;0;1;2;0;2;2;2;0;0;1;1;3;
James Young;;7;1;4;1;2;0;0;0;1;1;0;1;0;1;0;3;
