04-08;NO-MEM;74-110;
24-27;12-28;19-26;19-29;
NO
Anthony Davis;PF;28;5;9;0;0;2;2;1;4;5;1;1;2;0;2;12;
Omer Asik;C;23;2;4;0;0;1;4;1;5;6;2;0;0;0;1;5;
Eric Gordon;SG;27;4;13;1;5;0;0;1;0;1;3;1;0;1;0;9;
Tyreke Evans;SG;27;3;10;1;4;3;4;1;5;6;3;1;0;3;1;10;
Quincy Pondexter;SG;28;4;7;3;5;0;0;1;1;2;3;0;0;2;3;11;
Ryan Anderson;;13;0;6;0;2;0;0;0;1;1;0;1;0;1;0;0;
Dante Cunningham;;22;0;4;0;0;1;2;5;5;10;0;2;0;0;0;1;
Luke Babbitt;;10;2;4;0;0;0;0;0;0;0;0;0;0;1;0;4;
Jeff Withey;;7;0;0;0;0;0;0;1;1;2;0;1;1;1;0;0;
Alexis Ajinca;;15;2;4;0;0;1;2;1;2;3;0;0;0;1;2;5;
Norris Cole;;18;3;9;1;2;2;2;0;2;2;0;1;0;0;1;9;
Jimmer Fredette;;5;0;2;0;0;0;0;0;0;0;0;0;0;1;1;0;
Toney Douglas;;17;3;8;0;3;2;2;0;1;1;1;0;0;1;4;8;
MEM
Zach Randolph;PF;30;6;13;0;1;3;3;5;8;13;6;2;0;0;2;15;
Jeff Green;SF;33;7;11;1;2;0;0;1;3;4;1;0;0;0;1;15;
Marc Gasol;C;29;6;12;0;0;3;4;1;7;8;6;0;2;0;1;15;
Mike Conley;PG;33;4;9;2;3;0;0;0;2;2;4;0;0;2;3;10;
Courtney Lee;SG;27;3;9;2;3;0;0;0;2;2;1;1;0;0;2;8;
Jon Leuer;;8;2;4;0;1;0;0;1;0;1;1;0;0;1;0;4;
JaMychal Green;;5;1;2;0;1;0;0;1;1;2;0;1;0;0;0;2;
Jarnell Stokes;;6;2;2;0;0;0;0;0;3;3;0;0;0;1;1;4;
Kosta Koufos;;15;4;9;0;0;1;1;4;7;11;0;0;0;2;0;9;
Beno Udrih;;19;5;8;0;1;4;4;0;0;0;2;0;0;1;2;14;
Vince Carter;;18;4;7;2;4;0;0;1;4;5;0;1;0;0;3;10;
Nick Calathes;;9;0;0;0;0;1;2;0;1;1;5;1;0;0;1;1;
Jordan Adams;;7;1;2;1;1;0;0;0;0;0;1;1;1;1;0;3;
