11-04;MIL-IND;87-81;
22-19;21-19;26-23;18-20;
MIL
Ersan Ilyasova;PF;26;2;11;1;4;0;0;1;2;3;1;1;0;0;3;5;
Jared Dudley;SF;26;1;7;0;4;0;0;0;1;1;2;1;0;0;3;2;
Jabari Parker;SF;27;5;12;0;2;0;0;2;1;3;2;3;0;0;2;10;
Larry Sanders;C;23;0;4;0;0;0;0;2;8;10;2;0;3;1;2;0;
Brandon Knight;PG;29;10;16;2;3;1;1;2;5;7;2;2;0;4;2;23;
Giannis Antetokounmpo;;17;4;7;1;2;2;2;1;2;3;1;0;0;2;2;11;
Zaza Pachulia;;20;4;7;0;0;1;2;0;3;3;3;1;1;1;4;9;
John Henson;;9;0;0;0;0;0;0;0;1;1;0;0;0;0;1;0;
Jerryd Bayless;;20;4;7;2;3;0;0;0;1;1;1;0;0;1;2;10;
Khris Middleton;;21;4;7;0;0;0;0;0;4;4;1;1;1;0;1;8;
O.J. Mayo;;22;3;5;1;3;2;2;1;2;3;5;3;0;3;0;9;
IND
Luis Scola;PF;18;1;4;0;0;0;0;1;8;9;1;2;0;2;4;2;
Solomon Hill;SF;29;5;11;1;3;1;2;1;4;5;0;2;0;4;1;12;
Roy Hibbert;C;35;7;10;0;0;2;4;1;6;7;1;0;5;2;2;16;
Donald Sloan;PG;31;2;7;1;4;0;0;0;2;2;6;0;0;3;0;5;
C.J. Miles;SG;29;0;8;0;5;0;0;0;1;1;1;0;1;2;3;0;
Lavoy Allen;;29;4;7;0;0;0;0;7;5;12;1;0;2;0;1;8;
Chris Copeland;;25;6;15;4;9;3;6;1;4;5;0;0;0;1;3;19;
Damjan Rudez;;19;1;3;0;2;2;3;1;1;2;1;0;0;0;1;4;
Ian Mahinmi;;8;2;2;0;0;2;3;3;0;3;0;0;1;1;2;6;
Rodney Stuckey;;18;3;11;0;1;3;4;0;1;1;3;0;0;2;0;9;
