01-04;SAC-DET;95-114;
22-24;24-31;32-29;17-30;
SAC
Jason Thompson;PF;23;4;6;0;0;1;1;0;7;7;0;0;3;0;1;9;
Rudy Gay;SF;36;5;16;0;3;2;2;0;5;5;3;1;0;3;1;12;
DeMarcus Cousins;C;40;5;17;0;1;8;11;3;12;15;4;2;1;6;3;18;
Darren Collison;PG;28;5;7;2;2;5;7;0;6;6;3;3;0;3;3;17;
Ben McLemore;SG;40;2;11;0;6;7;7;0;0;0;4;1;0;1;2;11;
Derrick Williams;;23;5;9;0;2;2;4;0;2;2;1;0;0;0;0;12;
Carl Landry;;14;0;1;0;0;3;4;2;1;3;0;0;0;1;0;3;
Ray McCallum;;20;5;6;0;0;0;0;0;1;1;1;1;0;0;2;10;
Nik Stauskas;;16;1;2;1;1;0;0;0;2;2;2;1;0;1;3;3;
DET
Greg Monroe;PF;27;6;10;0;0;2;4;3;8;11;0;1;0;2;1;14;
Kyle Singler;SF;20;1;7;1;3;0;0;0;1;1;1;0;0;1;2;3;
Andre Drummond;C;28;6;11;0;0;3;5;4;10;14;1;0;2;0;4;15;
Brandon Jennings;PG;31;14;21;5;8;2;2;0;2;2;7;2;0;2;3;35;
Kentavious Caldwell-Pope;SG;27;4;9;1;5;0;0;0;4;4;1;2;1;2;3;9;
Jonas Jerebko;;25;1;4;1;2;0;0;0;3;3;1;1;0;3;4;3;
Anthony Tolliver;;7;2;4;2;4;0;0;1;3;4;2;0;0;0;2;6;
Caron Butler;;24;2;6;1;5;3;3;0;2;2;2;2;0;1;3;8;
Joel Anthony;;8;1;1;0;0;0;0;0;1;1;0;0;0;0;1;2;
D.J. Augustin;;17;3;6;0;1;0;0;0;3;3;5;0;0;2;0;6;
Jodie Meeks;;26;5;12;1;3;2;2;0;4;4;1;0;0;0;4;13;
