01-28;BKN-ATL;102-113;
27-30;26-34;28-25;21-24;
BKN
Kevin Garnett;PF;19;2;5;0;0;0;0;1;3;4;1;1;0;1;4;4;
Joe Johnson;SF;37;10;19;3;6;3;3;0;2;2;0;1;0;2;1;26;
Mason Plumlee;C;31;7;12;0;0;0;2;2;5;7;1;1;3;1;3;14;
Jarrett Jack;PG;38;5;13;2;2;2;2;0;5;5;13;2;0;1;2;14;
Alan Anderson;SG;36;5;10;2;6;3;3;0;2;2;6;1;0;1;3;15;
Cory Jefferson;;15;2;4;0;0;1;2;2;3;5;0;0;0;0;1;5;
Brook Lopez;;31;6;11;0;0;6;6;2;5;7;1;0;2;1;4;18;
Darius Morris;;10;0;6;0;4;0;0;0;0;0;2;0;0;1;0;0;
Sergey Karasev;;10;0;2;0;2;0;0;0;1;1;1;0;0;0;1;0;
Bojan Bogdanovic;;13;2;5;2;4;0;0;2;0;2;1;0;0;0;1;6;
ATL
Paul Millsap;PF;35;5;9;3;5;15;16;5;10;15;1;1;2;3;3;28;
DeMarre Carroll;SF;29;3;6;2;4;4;4;0;3;3;1;0;0;1;5;12;
Al Horford;C;33;10;13;0;0;0;0;2;8;10;5;0;0;2;3;20;
Jeff Teague;PG;30;6;16;1;4;0;0;0;1;1;11;0;0;3;1;13;
Kyle Korver;SG;36;6;10;5;8;0;0;0;2;2;3;1;2;0;2;17;
Mike Scott;;13;2;6;0;2;2;2;1;0;1;3;0;0;0;0;6;
Pero Antic;;15;0;8;0;5;2;2;2;5;7;1;0;0;0;2;2;
Thabo Sefolosha;;17;1;4;0;3;0;0;1;1;2;1;2;0;0;0;2;
Dennis Schroder;;18;5;8;1;1;2;2;0;2;2;2;0;0;2;1;13;
Kent Bazemore;;14;0;2;0;1;0;0;1;1;2;1;0;0;0;1;0;
