04-15;ORL-BKN;88-101;
28-23;24-25;23-27;13-26;
ORL
Andrew Nicholson;PF;28;8;10;2;3;0;0;3;6;9;1;0;1;1;5;18;
Aaron Gordon;PF;34;3;11;1;2;0;0;3;4;7;0;0;0;0;2;7;
Nikola Vucevic;C;40;12;21;0;1;2;4;1;10;11;5;1;1;2;4;26;
Elfrid Payton;PG;35;1;5;0;1;0;2;0;3;3;6;4;1;4;1;2;
Victor Oladipo;SG;44;7;17;3;7;2;5;0;2;2;3;0;1;4;0;19;
Kyle O'Quinn;;19;4;6;0;1;1;2;3;4;7;1;0;0;2;4;9;
Maurice Harkless;;12;0;1;0;1;0;0;0;1;1;0;0;0;2;2;0;
Dewayne Dedmon;;7;1;1;0;0;0;0;0;2;2;0;0;0;1;2;2;
Willie Green;;22;2;7;1;4;0;0;0;0;0;2;1;0;1;1;5;
BKN
Thaddeus Young;SF;37;5;13;0;1;6;12;3;6;9;3;2;1;3;1;16;
Joe Johnson;SF;41;7;15;2;4;0;1;0;7;7;6;1;0;0;0;16;
Brook Lopez;C;33;4;8;0;0;6;7;3;4;7;1;4;3;2;3;14;
Deron Williams;PG;36;4;12;0;5;2;2;0;5;5;7;0;1;3;2;10;
Markel Brown;SG;10;1;2;0;0;0;0;0;0;0;0;1;0;0;0;2;
Cory Jefferson;;6;1;1;0;0;0;0;0;1;1;0;0;0;0;0;2;
Mason Plumlee;;20;2;3;0;0;0;1;1;4;5;1;0;0;1;2;4;
Jarrett Jack;;23;3;9;3;6;0;0;0;3;3;5;0;0;1;1;9;
Bojan Bogdanovic;;34;12;17;4;8;0;0;0;3;3;2;0;0;2;3;28;
