01-10;CHA-NY;110-82;
21-18;41-13;27-13;21-38;
CHA
Cody Zeller;PF;17;0;3;0;0;2;2;0;0;0;0;0;0;0;3;2;
Michael Kidd-Gilchrist;SF;25;4;6;0;0;2;6;0;9;9;1;0;0;0;0;10;
Bismack Biyombo;C;21;5;7;0;0;4;5;7;5;12;1;1;1;3;1;14;
Kemba Walker;PG;28;8;13;4;7;8;9;0;7;7;1;1;0;2;0;28;
Gerald Henderson;SG;25;4;11;0;1;1;2;0;3;3;3;0;0;4;2;9;
Noah Vonleh;;9;1;3;0;0;1;2;0;1;1;1;0;1;1;1;3;
Jason Maxiell;;27;2;6;0;0;3;3;2;1;3;1;1;2;0;2;7;
Marvin Williams;;22;3;6;0;0;0;0;0;5;5;2;4;1;1;0;6;
Jeff Taylor;;12;1;3;0;0;0;0;1;2;3;2;0;0;2;2;2;
Brian Roberts;;31;5;8;0;2;4;4;0;4;4;5;0;0;1;2;14;
P.J. Hairston;;23;6;12;3;6;0;0;1;3;4;1;1;0;1;1;15;
NY
Jason Smith;PF;23;4;8;0;0;0;0;1;3;4;0;2;1;0;4;8;
Cleanthony Early;SF;30;2;9;2;6;0;0;0;2;2;2;0;0;3;2;6;
Cole Aldrich;C;27;1;7;0;0;0;0;3;9;12;2;0;2;1;3;2;
Jose Calderon;PG;29;3;12;1;5;0;0;0;0;0;2;0;0;3;2;7;
Tim Hardaway Jr.;SG;27;6;13;1;7;2;2;0;0;0;3;0;0;0;3;15;
Quincy Acy;;22;6;9;3;4;3;4;0;1;1;0;2;0;1;3;18;
Travis Wear;;30;3;9;0;2;0;0;0;5;5;2;0;1;1;2;6;
Langston Galloway;;20;3;9;0;2;2;2;0;1;1;2;2;0;0;4;8;
Shane Larkin;;27;5;9;1;3;1;1;0;4;4;4;3;0;3;1;12;
Pablo Prigioni;;4;0;0;0;0;0;0;0;0;0;0;0;0;0;0;0;
