01-07;IND-GS;102-117;
28-23;22-27;26-34;26-33;
IND
David West;PF;34;6;11;0;0;4;4;1;6;7;6;1;0;3;4;16;
Solomon Hill;SF;34;8;15;2;5;3;4;0;4;4;2;0;0;0;1;21;
Roy Hibbert;C;6;1;2;0;0;0;0;0;1;1;0;0;1;1;1;2;
C.J. Watson;PG;28;0;3;0;3;5;5;0;4;4;5;0;0;4;3;5;
C.J. Miles;SG;35;4;15;3;10;2;2;0;0;0;1;1;0;3;5;13;
Shayne Whittington;;1;0;0;0;0;0;0;0;0;0;0;0;0;0;0;0;
Lavoy Allen;;33;5;6;0;0;2;2;2;7;9;3;0;0;2;1;12;
Luis Scola;;22;5;12;0;0;4;4;1;5;6;0;0;1;2;3;14;
Chris Copeland;;27;2;6;1;5;0;0;0;5;5;2;1;0;0;1;5;
Donald Sloan;;20;6;11;0;3;2;2;1;4;5;5;1;0;2;0;14;
GS
Harrison Barnes;SF;24;2;4;0;0;0;0;1;3;4;1;0;0;0;1;4;
Draymond Green;SF;30;2;8;1;5;2;4;3;6;9;3;3;2;1;5;7;
Marreese Speights;C;26;8;12;0;0;2;2;1;2;3;0;0;0;1;3;18;
Stephen Curry;PG;35;8;17;4;8;1;1;0;3;3;15;4;0;5;5;21;
Klay Thompson;SG;40;14;25;6;11;6;6;0;4;4;3;1;1;2;1;40;
David Lee;;17;6;10;0;0;1;2;0;3;3;1;1;0;2;4;13;
Andrew Bogut;;15;2;4;0;0;0;0;2;6;8;0;0;0;0;1;4;
Shaun Livingston;;13;1;3;0;0;0;1;0;1;1;4;0;0;0;2;2;
Justin Holiday;;8;1;3;1;1;0;0;1;1;2;0;0;0;0;0;3;
Andre Iguodala;;32;1;5;0;3;3;4;2;0;2;3;2;0;0;1;5;
