11-28;NO-ATL;91-100;
15-19;13-22;23-21;40-38;
NO
Anthony Davis;PF;31;5;14;0;0;4;5;3;8;11;1;3;1;2;3;14;
Omer Asik;C;32;4;7;0;0;2;2;3;8;11;0;0;1;2;0;10;
Jrue Holiday;PG;38;8;15;2;5;2;2;1;3;4;7;0;0;1;2;20;
Tyreke Evans;SG;36;8;17;0;2;2;5;1;5;6;6;3;1;2;4;18;
Austin Rivers;SG;21;0;8;0;3;0;0;0;0;0;2;0;0;0;1;0;
Ryan Anderson;;29;8;16;2;8;2;2;6;1;7;1;0;0;2;3;20;
John Salmons;;25;3;9;3;6;0;0;0;0;0;4;1;1;0;3;9;
Luke Babbitt;;4;0;0;0;0;0;0;0;0;0;0;0;0;1;2;0;
Jeff Withey;;3;0;1;0;0;0;0;2;0;2;0;0;0;0;0;0;
Russ Smith;;2;0;0;0;0;0;0;0;0;0;0;0;0;2;0;0;
Jimmer Fredette;;18;0;2;0;0;0;0;0;1;1;2;1;0;0;1;0;
ATL
Paul Millsap;PF;37;5;9;0;1;3;3;2;7;9;4;4;2;4;3;13;
DeMarre Carroll;SF;33;6;9;1;2;6;6;0;3;3;0;1;0;2;4;19;
Al Horford;C;34;5;15;0;0;0;0;4;6;10;4;0;3;2;1;10;
Jeff Teague;PG;36;10;16;1;3;5;5;2;2;4;7;1;0;4;1;26;
Kyle Korver;SG;33;3;6;2;5;3;3;0;4;4;5;0;0;1;0;11;
Mike Scott;;4;0;3;0;1;0;0;1;1;2;0;0;0;0;0;0;
Pero Antic;;22;2;3;1;2;0;0;0;2;2;1;0;0;0;1;5;
Shelvin Mack;;10;1;3;0;1;0;0;1;0;1;3;0;0;2;0;2;
Dennis Schroder;;17;5;9;0;1;1;2;0;2;2;2;0;0;3;3;11;
Kent Bazemore;;15;1;3;0;1;1;3;1;4;5;0;0;2;0;1;3;
