03-21;UTAH-GS;91-106;
15-19;25-30;33-36;18-21;
UTAH
Derrick Favors;PF;35;8;15;1;1;4;5;3;8;11;2;1;2;2;1;21;
Gordon Hayward;SF;34;3;13;1;4;4;4;1;2;3;7;1;0;2;0;11;
Rudy Gobert;C;34;0;5;0;0;5;6;3;6;9;3;1;0;1;4;5;
Rodney Hood;SG;32;9;14;1;3;0;0;0;1;1;0;0;0;1;3;19;
Dante Exum;SG;18;0;1;0;1;0;0;0;0;0;1;1;0;3;3;0;
Trevor Booker;;22;3;5;0;0;0;0;0;8;8;1;0;0;1;3;6;
Joe Ingles;;14;1;1;1;1;0;0;1;1;2;0;1;0;2;3;3;
Jack Cooley;;3;0;0;0;0;2;2;0;0;0;0;0;0;0;1;2;
Bryce Cotton;;2;0;0;0;0;0;0;0;0;0;0;0;0;0;0;0;
Trey Burke;;29;7;16;5;11;1;2;0;0;0;5;0;0;1;0;20;
Elijah Millsap;;20;1;3;1;1;1;2;0;1;1;0;0;0;2;1;4;
GS
Harrison Barnes;SF;28;5;10;2;4;0;0;0;4;4;1;0;0;1;1;12;
Draymond Green;SF;32;2;10;0;3;11;13;0;6;6;7;2;0;2;5;15;
Andrew Bogut;C;30;4;5;0;0;0;0;2;6;8;5;1;3;1;4;8;
Stephen Curry;PG;32;8;18;3;6;5;5;1;2;3;3;3;0;0;0;24;
Justin Holiday;SG;18;3;3;1;1;0;0;1;1;2;1;0;0;1;2;7;
Festus Ezeli;;4;0;0;0;0;0;0;0;0;0;0;0;0;0;0;0;
Marreese Speights;;13;2;7;0;0;0;0;2;4;6;2;0;0;1;3;4;
Shaun Livingston;;24;2;8;0;0;0;0;1;2;3;5;1;0;1;0;4;
Leandro Barbosa;;28;8;10;1;2;2;2;0;2;2;1;3;0;1;0;19;
Andre Iguodala;;31;4;7;1;2;4;6;0;3;3;0;1;0;2;2;13;
