11-07;MIN-ORL;103-112;
27-26;25-21;25-27;17-20;9-18;
MIN
Thaddeus Young;SF;39;6;16;1;1;0;2;0;4;4;1;1;0;1;2;13;
Andrew Wiggins;SF;25;3;6;0;0;0;0;1;2;3;1;1;1;0;2;6;
Nikola Pekovic;C;28;6;13;0;0;4;5;2;5;7;0;1;0;2;4;16;
Ricky Rubio;PG;13;2;4;0;1;0;0;0;3;3;6;0;0;1;0;4;
Kevin Martin;SG;42;7;20;3;11;4;4;0;2;2;5;0;0;2;3;21;
Anthony Bennett;;0;0;0;0;0;2;2;0;0;0;0;0;0;0;1;2;
Robbie Hummel;;14;1;2;0;1;0;0;0;0;0;0;0;0;0;0;2;
Shabazz Muhammad;;11;2;4;0;0;0;0;1;1;2;0;0;0;2;1;4;
Chase Budinger;;1;0;0;0;0;0;0;0;0;0;0;0;0;0;0;0;
Gorgui Dieng;;25;5;9;0;0;1;2;2;8;10;1;2;2;1;3;11;
Zach LaVine;;8;1;2;0;0;2;2;0;0;0;2;1;1;0;2;4;
Mo Williams;;31;1;7;0;2;2;2;0;2;2;7;0;3;2;2;4;
Corey Brewer;;28;6;10;0;2;4;6;3;2;5;1;3;0;1;2;16;
ORL
Channing Frye;PF;28;3;6;0;1;0;0;0;6;6;2;0;1;2;1;6;
Tobias Harris;SF;41;7;15;1;2;2;4;4;12;16;2;1;1;6;5;17;
Nikola Vucevic;C;39;6;11;0;0;2;2;3;6;9;3;1;1;4;6;14;
Elfrid Payton;PG;39;6;15;0;0;3;4;1;4;5;4;1;1;1;2;15;
Evan Fournier;SG;38;8;15;2;3;2;3;1;3;4;3;0;0;2;3;20;
Aaron Gordon;;22;6;9;2;2;3;3;1;5;6;1;0;2;0;0;17;
Maurice Harkless;;21;4;5;0;0;3;3;1;3;4;0;2;0;2;5;11;
Devyn Marble;;0;0;1;0;0;0;0;0;0;0;0;0;0;0;0;0;
Luke Ridnour;;14;4;8;0;1;0;0;0;1;1;2;0;0;2;2;8;
Willie Green;;6;2;3;0;1;0;0;0;0;0;0;0;0;0;2;4;
Ben Gordon;;18;0;3;0;0;0;0;1;0;1;2;0;0;2;1;0;
