03-22;MIA-OKC;75-93;
21-25;17-23;20-18;17-27;
MIA
Udonis Haslem;PF;21;3;8;0;0;0;0;2;5;7;0;3;0;2;2;6;
Luol Deng;SF;28;3;7;0;2;0;0;1;3;4;3;0;0;1;0;6;
Hassan Whiteside;C;24;5;6;0;0;3;8;3;4;7;0;0;3;0;6;13;
Dwyane Wade;SG;31;6;15;0;1;0;2;0;2;2;4;2;0;3;0;12;
Goran Dragic;SG;34;4;10;1;3;3;3;1;4;5;3;0;0;2;2;12;
Chris Andersen;;21;2;6;0;0;0;0;5;1;6;1;0;1;1;0;4;
Henry Walker;;21;0;6;0;4;0;0;1;3;4;0;0;0;1;2;0;
Michael Beasley;;19;5;8;0;0;0;0;0;3;3;1;0;2;3;2;10;
Mario Chalmers;;34;4;14;2;7;2;2;0;2;2;0;2;0;4;1;12;
Tyler Johnson;;3;0;1;0;1;0;0;0;1;1;1;0;0;0;0;0;
Zoran Dragic;;3;0;0;0;0;0;0;0;0;0;0;0;0;1;0;0;
OKC
Enes Kanter;C;34;12;20;0;0;3;3;6;6;12;0;1;0;2;2;27;
Steven Adams;C;31;5;10;0;0;0;1;4;6;10;0;0;1;1;4;10;
Russell Westbrook;PG;34;5;16;1;4;1;2;3;6;9;17;4;2;5;3;12;
Dion Waiters;SG;33;4;10;1;2;1;4;0;3;3;3;0;0;2;3;10;
Andre Roberson;SG;1;0;0;0;0;0;0;0;0;0;0;0;0;0;0;0;
Mitch McGary;;26;6;11;0;0;2;3;4;4;8;1;1;2;3;2;14;
Kyle Singler;;15;1;1;0;0;0;0;0;0;0;1;2;0;0;0;2;
Perry Jones;;3;0;2;0;1;0;0;0;0;0;0;1;0;0;0;0;
Steve Novak;;5;1;1;1;1;0;0;1;1;2;0;0;0;0;0;3;
D.J. Augustin;;24;1;7;1;3;0;0;2;2;4;2;0;1;3;1;3;
Jeremy Lamb;;4;0;1;0;1;0;0;0;1;1;0;0;0;0;0;0;
Anthony Morrow;;30;5;11;2;6;0;0;1;1;2;1;2;1;1;2;12;
