04-01;IND-BOS;87-100;
16-22;23-28;23-18;25-32;
IND
David West;PF;29;4;12;0;0;2;6;2;6;8;3;0;0;0;3;10;
Solomon Hill;SF;26;2;7;0;2;3;3;0;3;3;1;0;0;1;0;7;
Roy Hibbert;C;19;3;9;0;0;1;4;0;3;3;0;0;1;1;3;7;
George Hill;PG;36;9;11;3;4;0;0;0;6;6;6;0;0;1;4;21;
C.J. Miles;SG;29;5;11;1;4;1;1;0;3;3;0;2;1;2;3;12;
Luis Scola;;19;2;7;0;0;3;4;2;0;2;1;1;0;2;3;7;
Lavoy Allen;;9;0;3;0;0;0;0;2;1;3;2;0;0;1;0;0;
Damjan Rudez;;14;0;2;0;1;0;0;0;0;0;1;0;0;1;2;0;
Ian Mahinmi;;17;1;3;0;0;0;2;2;5;7;1;1;1;2;0;2;
Rodney Stuckey;;20;6;9;1;1;3;3;0;2;2;0;1;0;1;1;16;
C.J. Watson;;22;2;7;1;3;0;0;0;2;2;2;0;0;0;1;5;
BOS
Brandon Bass;PF;28;4;4;0;0;1;1;1;6;7;0;0;0;0;1;9;
Tyler Zeller;C;24;8;9;0;0;3;3;0;3;3;3;1;0;1;3;19;
Avery Bradley;PG;31;5;14;1;6;0;0;2;1;3;1;1;0;2;3;11;
Marcus Smart;PG;34;1;6;0;3;2;2;0;4;4;3;4;0;1;3;4;
Evan Turner;SG;35;6;17;1;3;0;0;0;11;11;12;0;0;1;2;13;
Jonas Jerebko;;20;2;8;0;4;0;0;4;4;8;2;0;1;0;1;4;
Jae Crowder;;24;4;8;0;3;5;6;0;4;4;0;1;0;1;2;13;
Kelly Olynyk;;22;7;10;3;4;2;2;0;2;2;2;1;1;0;5;19;
Isaiah Thomas;;22;2;10;1;4;3;4;0;4;4;6;1;0;4;3;8;
