11-14;DET-OKC;96-89;
21-30;21-18;25-18;15-16;14-7;
DET
Greg Monroe;PF;34;6;13;0;0;2;3;4;5;9;5;1;1;3;0;14;
Josh Smith;SF;36;8;16;2;4;0;2;1;3;4;1;2;0;3;2;18;
Andre Drummond;C;32;4;11;0;0;1;1;4;11;15;1;1;2;2;3;9;
Brandon Jennings;PG;36;10;18;5;8;4;5;0;5;5;5;2;1;0;3;29;
Kentavious Caldwell-Pope;SG;41;3;10;1;6;1;2;2;1;3;1;0;0;2;1;8;
Jonas Jerebko;;17;5;10;2;5;0;0;1;5;6;0;2;0;1;2;12;
Caron Butler;;26;0;2;0;2;0;0;0;8;8;0;0;0;1;0;0;
Kyle Singler;;26;2;6;1;4;0;0;1;3;4;0;0;1;2;4;5;
D.J. Augustin;;17;0;3;0;2;1;2;1;0;1;5;0;0;2;2;1;
OKC
Serge Ibaka;PF;42;8;20;3;9;0;0;3;7;10;1;0;2;2;3;19;
Lance Thomas;SF;21;1;7;0;0;0;0;1;2;3;1;0;0;0;0;2;
Steven Adams;C;32;5;10;0;0;1;3;5;3;8;2;1;5;2;4;11;
Reggie Jackson;PG;44;9;17;2;6;0;2;0;4;4;12;1;0;4;2;20;
Jeremy Lamb;SG;45;10;17;4;7;0;0;0;10;10;3;3;0;4;4;24;
Nick Collison;;17;1;3;1;2;0;0;0;1;1;1;1;0;1;1;3;
Kendrick Perkins;;18;0;2;0;0;0;0;1;2;3;1;1;0;1;3;0;
Sebastian Telfair;;11;0;5;0;3;0;0;0;0;0;1;1;0;0;2;0;
Anthony Morrow;;36;4;15;2;9;0;1;0;3;3;1;1;0;0;4;10;
