12-02;BKN-NY;98-93;
27-18;22-27;28-19;21-29;
BKN
Kevin Garnett;PF;29;3;11;0;0;0;0;6;7;13;2;1;0;3;4;6;
Joe Johnson;SF;37;7;14;1;4;7;7;3;5;8;6;3;1;2;1;22;
Brook Lopez;C;35;10;20;0;0;3;4;3;5;8;2;0;3;1;2;23;
Deron Williams;PG;35;6;12;5;8;2;3;0;5;5;5;0;0;0;1;19;
Bojan Bogdanovic;SG;40;5;11;0;1;0;0;2;0;2;2;1;0;1;1;10;
Mirza Teletovic;;11;1;4;0;2;0;0;1;1;2;1;0;0;3;1;2;
Jerome Jordan;;1;0;0;0;0;0;0;0;0;0;0;0;0;0;0;0;
Mason Plumlee;;19;4;6;0;0;2;6;5;3;8;2;1;1;0;4;10;
Jarrett Jack;;18;2;8;0;2;0;0;1;2;3;1;1;0;4;1;4;
Jorge Gutierrez;;3;0;0;0;0;0;0;0;0;0;0;0;0;0;2;0;
Alan Anderson;;12;1;3;0;0;0;0;0;0;0;1;0;0;0;3;2;
NY
Carmelo Anthony;SF;43;7;22;1;7;5;5;2;7;9;6;1;0;2;4;20;
Samuel Dalembert;C;15;1;2;0;0;0;0;1;2;3;1;0;1;2;3;2;
Amar'e Stoudemire;C;37;6;10;0;0;5;7;3;6;9;2;0;1;3;1;17;
Jose Calderon;PG;32;7;9;5;6;0;0;1;1;2;7;2;0;1;1;19;
Iman Shumpert;SG;23;4;11;1;4;0;0;0;1;1;2;1;0;2;3;9;
Jason Smith;;6;1;3;0;0;0;0;1;1;2;0;0;1;0;0;2;
Quincy Acy;;10;2;3;0;0;0;0;0;2;2;0;1;0;2;4;4;
Travis Wear;;6;1;1;0;0;0;0;0;0;0;0;0;0;0;1;2;
Cole Aldrich;;18;1;4;0;0;0;0;2;3;5;1;1;0;0;0;2;
Shane Larkin;;18;2;5;2;4;2;2;0;1;1;2;1;0;2;2;8;
Pablo Prigioni;;17;2;4;2;4;0;0;2;3;5;0;0;0;0;2;6;
Tim Hardaway Jr.;;14;1;7;0;3;0;0;1;0;1;1;1;0;0;0;2;
