11-08;GS-HOU;98-87;
25-29;23-27;28-13;22-18;
GS
Harrison Barnes;SF;23;1;2;0;1;2;2;2;2;4;1;0;0;2;1;4;
Draymond Green;SF;34;6;13;1;5;1;2;2;6;8;2;1;2;4;5;14;
Andrew Bogut;C;37;4;10;0;0;0;1;4;14;18;1;0;4;2;2;8;
Stephen Curry;PG;40;13;19;6;9;2;2;1;8;9;5;4;0;5;2;34;
Klay Thompson;SG;31;3;16;0;6;5;8;0;4;4;6;0;0;4;3;11;
Festus Ezeli;;3;0;1;0;0;0;0;1;0;1;0;0;1;0;1;0;
Marreese Speights;;7;3;3;0;0;0;0;2;0;2;0;0;0;1;1;6;
Shaun Livingston;;15;0;4;0;0;0;0;1;0;1;2;4;0;4;1;0;
Leandro Barbosa;;18;3;8;0;3;0;0;0;3;3;2;1;0;3;1;6;
Andre Iguodala;;31;6;11;2;4;1;2;2;2;4;3;1;1;1;2;15;
HOU
Tarik Black;PF;15;1;3;0;0;0;2;3;2;5;0;0;0;0;1;2;
Trevor Ariza;SF;39;3;16;0;6;1;2;2;9;11;1;2;0;2;2;7;
Kostas Papanikolaou;SF;29;1;9;0;5;0;0;7;3;10;1;3;0;5;4;2;
Isaiah Canaan;PG;39;7;12;3;7;4;4;0;4;4;1;1;0;5;2;21;
James Harden;SG;43;8;24;1;11;5;6;0;7;7;7;2;0;5;0;22;
Donatas Motiejunas;;30;5;10;2;3;4;4;4;4;8;1;2;0;1;3;16;
Troy Daniels;;5;1;2;1;2;0;0;0;0;0;1;0;0;0;2;3;
Francisco Garcia;;10;1;2;1;2;0;0;0;0;0;0;2;0;1;1;3;
Jason Terry;;29;3;8;2;6;3;3;0;1;1;1;2;0;3;2;11;
