04-15;OKC-MIN;138-113;
47-29;29-25;30-31;32-28;
OKC
Enes Kanter;C;34;11;17;0;1;3;3;8;7;15;2;0;1;1;3;25;
Steven Adams;C;21;3;3;0;0;1;2;3;1;4;0;1;0;0;2;7;
Russell Westbrook;PG;32;11;20;2;5;13;17;0;8;8;7;2;0;4;2;37;
Dion Waiters;SG;36;12;23;5;8;4;6;3;1;4;1;3;1;2;2;33;
Andre Roberson;SG;11;0;2;0;1;0;0;1;1;2;2;0;0;0;4;0;
Mitch McGary;;15;2;5;0;1;0;1;1;4;5;1;0;4;0;1;4;
Nick Collison;;26;5;7;1;1;1;2;1;2;3;3;1;0;2;5;12;
Kyle Singler;;15;1;4;1;4;0;0;0;2;2;1;1;0;1;2;3;
D.J. Augustin;;24;2;3;1;1;0;0;0;0;0;4;0;0;3;0;5;
Jeremy Lamb;;8;2;4;0;1;0;0;1;2;3;1;0;0;0;1;4;
Anthony Morrow;;19;3;7;2;5;0;0;0;0;0;0;2;0;0;3;8;
MIN
Adreian Payne;PF;24;1;4;0;0;0;0;1;2;3;1;1;0;2;2;2;
Andrew Wiggins;SF;38;6;12;0;2;11;13;2;4;6;3;1;2;3;2;23;
Arinze Onuaku;F;26;5;6;0;0;2;6;5;1;6;2;1;0;0;1;12;
Zach LaVine;PG;41;6;16;1;5;6;6;0;5;5;13;3;1;2;2;19;
Kevin Martin;SG;32;9;15;3;5;8;8;0;1;1;0;2;0;2;3;29;
Anthony Bennett;;22;4;11;1;3;0;0;3;6;9;2;2;0;3;2;9;
Robbie Hummel;;26;2;8;0;1;0;0;1;3;4;0;0;0;0;4;4;
Justin Hamilton;;11;0;2;0;0;2;2;1;1;2;0;0;1;3;4;2;
Lorenzo Brown;;20;6;10;1;3;0;0;1;2;3;1;2;0;1;3;13;
