01-27;CHI-GS;113-111;
29-35;22-21;28-25;28-26;6-4;
CHI
Pau Gasol;PF;41;7;12;0;1;4;4;6;10;16;8;0;4;3;2;18;
Tony Snell;SF;23;3;8;0;3;2;2;0;2;2;0;0;0;0;0;8;
Joakim Noah;C;40;7;12;0;0;4;4;7;8;15;6;2;0;2;3;18;
Derrick Rose;PG;43;13;33;4;12;0;0;2;5;7;1;0;1;11;1;30;
Kirk Hinrich;SG;38;2;8;1;6;0;0;1;1;2;1;2;0;1;2;5;
Taj Gibson;;24;3;9;0;0;4;4;3;6;9;1;0;1;1;2;10;
Nikola Mirotic;;31;3;6;2;4;4;5;0;7;7;1;1;0;2;5;12;
Aaron Brooks;;14;3;8;1;2;3;4;0;2;2;1;0;0;1;1;10;
E'Twaun Moore;;11;1;2;0;1;0;0;0;1;1;0;1;0;0;2;2;
GS
Harrison Barnes;SF;40;5;9;2;4;0;2;1;4;5;2;1;0;1;1;12;
Draymond Green;SF;39;4;14;1;6;1;2;4;5;9;6;1;2;2;2;10;
Marreese Speights;C;21;5;14;0;0;0;0;3;5;8;0;0;0;2;1;10;
Stephen Curry;PG;43;9;23;2;9;1;1;0;4;4;9;3;0;3;3;21;
Klay Thompson;SG;44;13;27;4;10;0;1;3;7;10;2;1;0;4;2;30;
David Lee;;30;10;17;0;0;4;4;4;5;9;6;0;0;0;4;24;
James Michael McAdoo;;1;0;0;0;0;0;0;0;0;0;0;0;0;0;0;0;
Shaun Livingston;;10;1;3;0;0;0;0;0;1;1;3;0;0;0;0;2;
Justin Holiday;;9;1;2;0;1;0;0;0;1;1;0;0;0;0;2;2;
Andre Iguodala;;27;0;4;0;3;0;2;0;1;1;3;3;0;1;0;0;
