03-16;DEN-MEM;81-92;
18-24;19-23;26-18;18-27;
DEN
Darrell Arthur;PF;29;1;11;0;1;1;2;3;2;5;3;2;0;1;3;3;
Wilson Chandler;SF;36;4;10;2;2;3;6;3;5;8;0;2;1;3;1;13;
Jusuf Nurkic;C;20;0;2;0;0;2;4;0;3;3;0;0;1;1;5;2;
Jameer Nelson;PG;34;11;18;2;5;0;0;0;5;5;2;1;0;4;4;24;
Randy Foye;SG;33;6;14;2;6;2;2;0;3;3;3;3;0;1;0;16;
J.J. Hickson;;32;3;12;0;0;3;5;3;4;7;1;1;1;2;5;9;
Joffrey Lauvergne;;6;0;0;0;0;0;0;1;0;1;0;1;1;0;2;0;
Erick Green;;10;1;5;0;0;0;0;0;0;0;0;0;0;0;1;2;
Will Barton;;23;1;5;1;2;2;2;0;2;2;4;1;1;2;1;5;
Gary Harris;;17;3;4;1;2;0;0;0;3;3;1;2;0;1;2;7;
MEM
Zach Randolph;PF;39;9;20;0;1;3;4;8;8;16;2;2;0;2;3;21;
Jeff Green;SF;17;2;4;0;1;2;2;0;2;2;0;0;0;1;3;6;
Marc Gasol;C;33;4;13;0;0;6;8;2;6;8;3;2;3;4;3;14;
Beno Udrih;PG;24;4;8;1;3;0;0;2;3;5;2;1;0;2;0;9;
Courtney Lee;SG;33;3;7;1;2;2;2;0;5;5;0;1;0;1;1;9;
Tony Allen;;35;5;10;0;0;4;4;3;6;9;2;1;0;4;2;14;
Kosta Koufos;;14;1;3;0;0;2;2;1;4;5;1;0;1;1;1;4;
Russ Smith;;0;0;0;0;0;0;0;0;0;0;0;0;0;0;0;0;
Vince Carter;;20;0;4;0;1;3;4;1;1;2;1;0;1;1;2;3;
Nick Calathes;;24;5;11;0;1;2;2;3;2;5;3;2;0;3;1;12;
