12-08;UTAH-SAC;92-101;
31-23;18-32;19-13;24-33;
UTAH
Derrick Favors;PF;26;3;6;0;0;3;4;1;5;6;0;0;2;1;5;9;
Gordon Hayward;SF;37;6;16;1;7;6;10;0;4;4;7;4;0;2;3;19;
Enes Kanter;C;32;5;11;1;2;2;2;1;5;6;1;0;2;3;6;13;
Trey Burke;PG;32;4;13;1;4;4;4;0;2;2;5;0;0;1;1;13;
Alec Burks;PG;31;5;11;0;1;6;9;2;2;4;3;2;0;1;3;16;
Trevor Booker;;15;2;6;0;0;2;4;1;2;3;1;1;1;2;1;6;
Joe Ingles;;7;1;2;0;0;0;0;0;1;1;1;0;1;1;0;2;
Jeremy Evans;;2;0;0;0;0;0;0;0;0;0;0;0;0;0;0;0;
Rudy Gobert;;21;5;8;0;0;2;4;6;3;9;1;0;1;1;3;12;
Rodney Hood;;22;0;3;0;2;0;0;0;0;0;1;0;0;0;2;0;
Dante Exum;;16;1;3;0;1;0;0;0;0;0;0;0;0;1;2;2;
SAC
Jason Thompson;PF;36;3;8;0;0;4;6;2;7;9;3;0;0;2;2;10;
Rudy Gay;SF;33;10;19;0;1;9;10;3;3;6;1;3;1;4;5;29;
Reggie Evans;C;34;2;4;0;0;2;4;0;13;13;1;1;0;0;4;6;
Darren Collison;PG;32;6;12;0;2;4;4;0;2;2;6;1;0;2;3;16;
Ben McLemore;SG;18;2;5;0;0;2;2;0;0;0;1;0;1;0;3;6;
Derrick Williams;;15;3;7;1;1;0;0;1;0;1;0;0;0;1;0;7;
Carl Landry;;15;1;2;0;0;4;4;1;0;1;1;0;0;2;4;6;
Ryan Hollins;;11;0;0;0;0;0;0;0;2;2;0;1;0;1;2;0;
Ramon Sessions;;16;2;5;0;0;2;5;1;2;3;4;1;0;2;1;6;
Nik Stauskas;;30;6;12;2;4;1;1;2;6;8;1;1;0;2;0;15;
