11-19;CHA-IND;86-88;
28-20;21-23;17-22;20-23;
CHA
Marvin Williams;PF;23;3;8;2;3;0;0;0;3;3;0;1;0;0;3;8;
Al Jefferson;C;35;12;22;0;0;4;4;2;6;8;2;1;1;0;4;28;
Kemba Walker;PG;43;5;15;2;4;0;1;0;3;3;7;2;0;2;3;12;
Gerald Henderson;SG;24;0;6;0;2;0;0;0;2;2;1;0;0;1;1;0;
Lance Stephenson;SG;39;4;12;0;2;2;4;1;7;8;7;0;2;2;2;10;
Jason Maxiell;;14;4;6;0;0;0;0;4;2;6;0;0;1;0;1;8;
Cody Zeller;;21;3;6;0;0;1;3;1;1;2;0;1;0;0;4;7;
Bismack Biyombo;;13;2;4;0;0;0;0;3;4;7;0;0;1;0;3;4;
Brian Roberts;;30;4;7;1;3;0;0;1;1;2;1;1;1;0;0;9;
IND
Luis Scola;PF;30;6;9;0;1;3;4;4;3;7;0;1;0;0;3;15;
Chris Copeland;SF;27;2;6;0;3;2;2;0;2;2;2;0;0;1;0;6;
Solomon Hill;SF;38;3;8;0;2;0;0;1;4;5;0;0;0;3;0;6;
Roy Hibbert;C;30;7;14;0;0;4;6;0;11;11;2;0;1;2;3;18;
Donald Sloan;PG;31;3;8;0;2;5;6;0;9;9;6;1;0;2;1;11;
Lavoy Allen;;19;3;6;0;0;0;0;4;4;8;1;0;1;1;0;6;
Damjan Rudez;;5;1;1;1;1;0;0;0;0;0;0;0;0;1;0;3;
Ian Mahinmi;;18;2;4;0;0;1;3;4;3;7;1;1;1;0;3;5;
A.J. Price;;17;3;9;1;5;0;0;0;0;0;2;0;0;1;2;7;
Rodney Stuckey;;26;5;13;0;1;1;3;1;1;2;1;0;0;0;1;11;
