11-21;MIL-TOR;82-124;
27-37;18-34;12-30;25-23;
MIL
Jabari Parker;SF;27;5;12;1;1;4;6;2;4;6;3;2;1;1;1;15;
Larry Sanders;C;21;3;3;0;0;2;4;3;2;5;0;0;0;1;3;8;
Jerryd Bayless;PG;9;0;1;0;1;0;0;0;0;0;0;1;0;1;1;0;
Brandon Knight;PG;26;4;8;1;3;2;2;0;2;2;2;0;0;2;3;11;
Khris Middleton;SG;15;1;8;0;1;1;1;1;0;1;2;0;0;1;1;3;
Ersan Ilyasova;;21;5;9;2;4;2;4;0;3;3;2;0;0;0;0;14;
Giannis Antetokounmpo;;15;1;4;0;0;5;7;0;2;2;2;1;0;1;2;7;
Jared Dudley;;19;2;5;1;3;1;2;0;1;1;1;2;0;0;0;6;
John Henson;;18;2;5;0;0;2;2;1;2;3;0;0;0;1;1;6;
Zaza Pachulia;;9;1;3;0;0;3;4;1;2;3;0;2;0;1;1;5;
Nate Wolters;;27;1;7;0;2;0;0;0;3;3;1;0;0;1;3;2;
Kendall Marshall;;24;2;8;1;5;0;0;0;1;1;4;3;0;1;1;5;
O.J. Mayo;;9;0;1;0;0;0;0;0;0;0;2;0;0;1;1;0;
TOR
Amir Johnson;PF;20;4;6;1;1;0;0;0;2;2;1;0;3;3;3;9;
Terrence Ross;SF;24;5;8;3;5;0;0;0;2;2;2;1;0;0;1;13;
Jonas Valanciunas;C;21;6;7;0;0;6;6;4;8;12;0;1;0;1;4;18;
Kyle Lowry;PG;26;6;10;3;5;5;7;2;7;9;5;0;0;2;1;20;
DeMar DeRozan;SG;29;1;8;0;0;5;6;0;5;5;5;0;0;3;1;7;
Patrick Patterson;;22;1;6;0;2;0;0;2;6;8;3;1;0;0;2;2;
Bruno Caboclo;;12;3;6;2;3;0;0;0;1;1;0;0;1;1;1;8;
Chuck Hayes;;13;1;1;0;0;0;0;1;3;4;1;2;0;1;3;2;
Lucas Nogueira;;9;1;2;0;0;0;2;1;4;5;0;1;0;2;3;2;
Greg Stiemsma;;11;1;2;0;0;0;0;2;2;4;1;0;0;1;4;2;
Greivis Vasquez;;26;5;11;1;2;0;0;2;0;2;6;1;0;0;0;11;
Louis Williams;;19;7;14;5;7;3;3;0;1;1;2;1;0;0;1;22;
Landry Fields;;9;4;5;0;0;0;0;1;1;2;1;0;0;2;0;8;
