11-30;MIA-NY;86-79;
21-17;21-17;21-25;23-20;
MIA
Luol Deng;SF;38;2;11;0;4;6;8;5;5;10;2;3;0;2;3;10;
Shawne Williams;SF;21;1;4;1;4;2;2;1;2;3;2;0;0;0;2;5;
Chris Bosh;C;33;7;18;2;6;4;6;0;9;9;2;1;0;1;2;20;
Norris Cole;PG;21;1;3;0;1;1;2;0;1;1;2;1;0;0;2;3;
Dwyane Wade;SG;32;11;18;0;1;5;9;4;1;5;5;0;0;7;1;27;
Josh McRoberts;;25;2;5;2;2;1;2;0;3;3;4;1;1;0;2;7;
Udonis Haslem;;17;2;4;0;0;0;2;0;6;6;0;2;0;1;2;4;
James Ennis;;10;3;4;1;2;0;0;0;0;0;1;0;0;0;1;7;
Shabazz Napier;;19;0;1;0;1;0;0;0;2;2;0;0;0;0;0;0;
Mario Chalmers;;24;1;4;1;2;0;0;0;2;2;2;0;0;3;5;3;
NY
Carmelo Anthony;SF;41;11;26;1;6;8;10;3;5;8;2;1;1;0;3;31;
Quincy Acy;SF;24;1;1;0;0;1;1;1;2;3;1;0;0;1;1;3;
Samuel Dalembert;C;20;1;6;0;0;0;0;4;6;10;0;1;1;0;3;2;
Jose Calderon;PG;34;4;9;1;5;0;0;3;7;10;6;0;0;5;2;9;
Iman Shumpert;SG;25;3;13;0;3;0;0;1;2;3;1;2;0;2;4;6;
Jason Smith;;6;0;2;0;0;0;0;1;1;2;0;0;0;0;0;0;
Travis Wear;;9;1;2;0;0;0;0;0;0;0;0;0;0;0;0;2;
Amar'e Stoudemire;;37;7;13;0;1;5;8;7;5;12;1;0;1;1;4;19;
Shane Larkin;;17;2;5;1;3;0;0;0;1;1;1;1;0;2;2;5;
Pablo Prigioni;;6;0;2;0;2;0;0;0;0;0;1;0;0;0;0;0;
Tim Hardaway Jr.;;16;1;5;0;3;0;1;0;1;1;1;1;0;1;3;2;
J.R. Smith;;6;0;4;0;1;0;0;0;0;0;0;0;0;0;0;0;
