11-15;UTAH-TOR;93-111;
25-23;24-23;23-30;21-35;
UTAH
Derrick Favors;PF;29;9;11;0;0;0;0;1;5;6;2;0;0;1;3;18;
Gordon Hayward;SF;30;3;10;0;2;6;7;0;1;1;5;1;1;0;4;12;
Enes Kanter;C;30;6;12;1;2;5;6;3;2;5;0;1;0;0;3;18;
Trey Burke;PG;34;4;15;0;3;4;4;0;3;3;5;0;0;1;2;12;
Alec Burks;PG;36;4;11;1;2;1;4;2;8;10;3;0;0;4;3;10;
Trevor Booker;;18;1;2;1;2;3;4;0;0;0;1;0;0;1;1;6;
Joe Ingles;;24;1;4;1;3;0;0;0;3;3;4;2;0;0;1;3;
Jeremy Evans;;2;0;0;0;0;0;0;0;0;0;0;0;0;0;0;0;
Rudy Gobert;;18;3;5;0;0;2;3;4;4;8;0;0;1;1;3;8;
Ian Clark;;2;0;1;0;1;0;0;0;0;0;0;0;1;0;0;0;
Dante Exum;;18;2;4;1;1;1;2;0;2;2;2;1;0;3;1;6;
TOR
Amir Johnson;PF;23;0;1;0;0;2;2;1;2;3;2;1;2;0;0;2;
Terrence Ross;SF;23;2;5;0;3;0;0;0;1;1;2;0;0;0;2;4;
Jonas Valanciunas;C;34;7;12;0;0;3;6;3;11;14;0;0;2;0;3;17;
Kyle Lowry;PG;33;8;14;2;4;1;1;0;3;3;4;1;0;2;5;19;
DeMar DeRozan;SG;36;10;17;0;1;7;8;1;2;3;2;1;0;0;0;27;
Tyler Hansbrough;;14;0;2;0;0;0;0;2;1;3;0;0;0;0;1;0;
James Johnson;;14;2;3;0;1;1;2;1;3;4;2;0;1;1;2;5;
Patrick Patterson;;25;7;11;2;5;0;0;3;2;5;1;1;0;2;3;16;
Greivis Vasquez;;14;3;6;2;2;0;0;1;3;4;0;0;0;1;0;8;
Louis Williams;;24;4;13;2;5;3;4;1;1;2;2;2;0;2;3;13;
