03-20;DEN-MIA;91-108;
23-22;23-37;32-28;13-21;
DEN
Kenneth Faried;PF;35;10;15;0;0;0;5;2;4;6;2;4;2;1;3;20;
Wilson Chandler;SF;36;5;8;1;3;2;2;1;6;7;3;0;0;0;1;13;
Jusuf Nurkic;C;30;7;10;0;0;2;2;3;4;7;0;2;1;4;5;16;
Ty Lawson;PG;38;5;12;0;2;0;4;2;3;5;12;1;1;2;1;10;
Randy Foye;SG;30;4;12;4;11;4;4;1;0;1;1;0;0;3;3;16;
Joffrey Lauvergne;;1;0;0;0;0;0;0;0;0;0;0;0;0;0;0;0;
Darrell Arthur;;13;0;5;0;4;0;0;0;0;0;1;0;0;0;1;0;
J.J. Hickson;;14;1;1;0;0;0;0;0;3;3;0;1;2;3;4;2;
Erick Green;;11;2;4;1;2;0;0;0;1;1;0;0;0;0;0;5;
Will Barton;;17;2;5;1;1;2;2;1;1;2;1;2;1;3;2;7;
Gary Harris;;13;1;7;0;4;0;0;0;3;3;1;1;0;0;0;2;
MIA
Udonis Haslem;PF;14;3;5;0;1;0;0;1;1;2;0;0;0;2;1;6;
Luol Deng;SF;28;6;10;3;5;0;0;0;0;0;2;0;1;1;1;15;
Hassan Whiteside;C;33;5;9;0;0;4;6;1;9;10;0;2;2;1;2;14;
Dwyane Wade;SG;31;9;18;0;0;4;4;0;1;1;4;1;0;4;3;22;
Goran Dragic;SG;35;9;14;0;0;0;0;5;3;8;5;2;1;3;1;18;
Chris Andersen;;15;2;2;0;0;1;2;2;5;7;0;0;0;0;0;5;
Henry Walker;;20;3;6;3;5;0;0;0;3;3;2;0;2;0;3;9;
Michael Beasley;;34;4;13;1;5;0;0;0;8;8;7;3;1;3;1;9;
Mario Chalmers;;28;2;4;0;0;6;7;0;4;4;3;0;0;1;5;10;
Tyler Johnson;;1;0;0;0;0;0;0;0;0;0;0;0;0;0;0;0;
Zoran Dragic;;1;0;0;0;0;0;0;1;0;1;0;0;0;1;0;0;
