03-07;SAC-MIA;109-114;
30-26;31-21;17-21;18-28;13-18;
SAC
Jason Thompson;PF;23;1;2;0;0;2;2;2;1;3;1;1;0;1;3;4;
Rudy Gay;SF;46;12;24;3;8;0;2;3;5;8;5;1;2;3;4;27;
DeMarcus Cousins;C;35;10;17;0;0;7;8;6;11;17;3;2;1;5;6;27;
Ray McCallum;PG;39;3;10;1;2;2;2;0;1;1;7;0;0;2;5;9;
Ben McLemore;SG;45;7;16;3;8;3;4;0;4;4;0;2;1;2;5;20;
Derrick Williams;;18;3;7;2;3;2;2;0;2;2;0;1;0;2;0;10;
Omri Casspi;;18;1;3;1;2;0;0;0;7;7;2;0;0;2;2;3;
Reggie Evans;;7;0;1;0;0;2;2;0;0;0;0;0;0;0;1;2;
Andre Miller;;30;3;8;0;2;1;2;1;3;4;8;0;0;1;2;7;
Nik Stauskas;;3;0;0;0;0;0;0;0;0;0;0;0;0;2;1;0;
MIA
Chris Andersen;PF;29;3;5;0;0;5;6;1;4;5;0;1;3;0;1;11;
Udonis Haslem;PF;10;0;3;0;0;0;0;1;1;2;1;0;0;0;1;0;
Henry Walker;SF;36;4;8;1;5;2;2;0;3;3;2;2;3;1;6;11;
Shabazz Napier;PG;22;2;7;0;5;1;2;0;1;1;2;1;0;3;1;5;
Dwyane Wade;SG;35;10;18;1;3;7;7;0;4;4;4;2;0;4;0;28;
James Ennis;;16;2;4;1;3;0;0;0;1;1;1;0;0;0;1;5;
Michael Beasley;;38;9;17;0;0;0;2;2;5;7;0;2;1;1;6;18;
Mario Chalmers;;34;4;6;1;3;3;4;0;5;5;7;4;0;0;4;12;
Tyler Johnson;;44;7;12;3;5;7;10;0;6;6;6;1;1;4;1;24;
