12-30;TOR-POR;97-102;
23-23;22-15;25-25;17-24;10-15;
TOR
Amir Johnson;PF;37;3;4;0;0;2;2;1;2;3;2;1;1;3;5;8;
James Johnson;PF;32;7;11;0;0;0;0;3;8;11;2;1;0;1;1;14;
Terrence Ross;SF;38;5;15;2;6;0;0;1;4;5;1;2;0;0;0;12;
Jonas Valanciunas;C;30;7;15;0;0;0;0;4;4;8;1;2;0;0;1;14;
Kyle Lowry;PG;41;10;26;0;3;5;6;3;4;7;5;3;0;4;5;25;
Patrick Patterson;;29;2;4;0;1;0;0;1;6;7;2;1;0;0;1;4;
Tyler Hansbrough;;9;0;1;0;0;0;0;0;2;2;0;0;1;0;5;0;
Greivis Vasquez;;23;5;13;2;7;1;2;0;3;3;1;0;0;0;3;13;
Louis Williams;;25;1;10;0;5;5;5;0;3;3;0;0;0;2;0;7;
POR
LaMarcus Aldridge;PF;41;10;19;0;0;3;5;2;11;13;2;0;1;2;2;23;
Nicolas Batum;SF;43;4;11;2;5;3;4;2;1;3;3;3;0;2;2;13;
Joel Freeland;C;32;1;5;0;0;0;0;5;7;12;0;1;2;1;1;2;
Damian Lillard;PG;46;9;24;4;15;4;5;0;2;2;9;1;2;2;3;26;
Wesley Matthews;SG;42;7;14;5;10;0;0;2;4;6;3;0;0;3;3;19;
Dorell Wright;;16;1;7;0;3;2;2;1;3;4;2;0;2;2;0;4;
Chris Kaman;;17;4;9;0;0;2;2;3;5;8;1;0;1;1;2;10;
Steve Blake;;23;2;5;1;2;0;0;0;2;2;1;0;0;1;1;5;
C.J. McCollum;;5;0;1;0;1;0;0;0;1;1;0;0;0;0;3;0;
