12-14;PHX-OKC;88-112;
29-41;19-29;16-19;24-23;
PHX
Markieff Morris;PF;10;1;3;0;0;2;2;0;1;1;0;0;0;0;5;4;
P.J. Tucker;SF;23;1;3;1;2;0;0;0;4;4;0;0;0;1;2;3;
Miles Plumlee;C;24;3;7;0;0;0;0;4;3;7;0;0;0;0;1;6;
Eric Bledsoe;PG;22;4;12;0;2;4;5;0;1;1;4;1;1;1;3;12;
Gerald Green;SG;26;5;13;3;7;2;2;2;5;7;1;0;0;3;3;15;
Marcus Morris;;19;4;13;1;6;1;1;0;1;1;3;2;0;0;1;10;
Anthony Tolliver;;11;0;3;0;3;0;0;0;0;0;1;1;0;1;0;0;
Shavlik Randolph;;18;2;9;0;1;2;5;3;1;4;0;3;0;0;1;6;
T.J. Warren;;20;4;9;0;2;0;0;2;0;2;3;1;0;1;2;8;
Alex Len;;18;1;2;0;0;0;0;2;2;4;0;1;1;1;2;2;
Tyler Ennis;;10;5;7;1;2;0;0;0;3;3;2;0;0;0;1;11;
Isaiah Thomas;;20;2;9;0;3;2;2;0;3;3;4;1;0;2;1;6;
Archie Goodwin;;19;2;9;1;3;0;1;1;2;3;3;1;1;0;0;5;
OKC
Serge Ibaka;PF;19;5;7;0;1;2;2;2;2;4;0;0;0;0;3;12;
Kevin Durant;SF;24;8;13;1;2;6;6;0;8;8;2;2;1;4;2;23;
Steven Adams;C;25;2;2;0;0;2;2;2;6;8;1;0;1;1;2;6;
Russell Westbrook;PG;27;7;18;1;4;13;13;4;4;8;8;2;0;3;2;28;
Andre Roberson;SG;19;0;0;0;0;0;0;1;4;5;0;0;0;0;0;0;
Mitch McGary;;7;1;1;0;0;1;2;1;3;4;0;0;0;2;0;3;
Nick Collison;;16;3;5;0;1;0;0;0;1;1;1;0;1;1;4;6;
Perry Jones;;22;3;5;0;2;1;3;0;2;2;1;0;1;0;2;7;
Kendrick Perkins;;23;2;4;0;0;1;2;2;8;10;1;1;1;2;2;5;
Ish Smith;;8;1;4;0;0;0;0;1;2;3;3;0;0;0;0;2;
Reggie Jackson;;21;3;10;0;2;0;0;1;3;4;0;1;0;3;1;6;
Anthony Morrow;;29;4;11;2;6;4;4;0;6;6;3;1;0;2;1;14;
