12-11;CLE-OKC;94-103;
26-18;21-29;19-31;28-25;
CLE
Kevin Love;PF;39;5;13;2;5;6;8;2;14;16;2;1;0;3;3;18;
Anderson Varejao;C;27;4;11;0;0;1;1;3;3;6;2;1;1;1;0;9;
Kyrie Irving;PG;40;7;21;1;5;5;6;1;2;3;6;2;0;1;3;20;
Shawn Marion;SG;21;1;6;0;3;0;2;1;2;3;0;0;0;1;3;2;
Matthew Dellavedova;SG;34;5;8;4;6;0;0;1;4;5;4;1;0;3;4;14;
James Jones;;14;0;4;0;4;3;3;0;1;1;1;0;0;0;1;3;
Tristan Thompson;;30;4;8;0;0;6;8;7;6;13;1;0;3;3;4;14;
A.J. Price;;2;0;0;0;0;0;0;0;0;0;0;0;0;0;0;0;
Joe Harris;;7;0;1;0;0;0;0;0;0;0;0;0;0;0;2;0;
Dion Waiters;;26;5;13;2;5;2;2;0;1;1;4;0;0;2;0;14;
OKC
Serge Ibaka;PF;26;3;6;1;3;0;0;0;0;0;1;0;2;2;6;7;
Kevin Durant;SF;30;6;14;1;4;6;6;0;6;6;5;2;2;3;0;19;
Steven Adams;C;22;2;5;0;0;4;4;5;5;10;0;0;2;0;2;8;
Russell Westbrook;PG;36;12;24;0;2;2;2;1;6;7;8;1;0;4;0;26;
Andre Roberson;SG;15;2;3;0;1;0;0;0;2;2;0;0;0;0;4;4;
Nick Collison;;20;0;4;0;1;2;2;3;1;4;2;2;1;0;4;2;
Kendrick Perkins;;20;1;3;0;0;2;4;2;5;7;0;0;3;1;2;4;
Reggie Jackson;;26;5;11;1;5;2;2;0;4;4;3;0;0;1;2;13;
Anthony Morrow;;26;4;8;3;5;0;0;0;2;2;1;1;0;0;1;11;
Jeremy Lamb;;19;3;9;1;5;2;2;0;4;4;2;3;1;0;2;9;
