01-29;MIL-ORL;115-100;
28-18;31-26;37-27;19-29;
MIL
Jared Dudley;SF;26;6;10;3;6;2;3;0;4;4;2;0;0;0;4;17;
Giannis Antetokounmpo;SF;33;3;7;0;0;4;5;1;3;4;5;1;3;0;4;10;
John Henson;C;24;6;10;0;0;0;0;3;8;11;1;1;2;3;4;12;
Brandon Knight;PG;33;7;14;2;5;0;0;0;5;5;9;4;1;5;1;16;
Khris Middleton;SG;34;7;12;3;5;0;0;0;2;2;1;2;0;3;4;17;
Kenyon Martin;;22;2;5;0;0;0;0;1;2;3;2;3;2;0;1;4;
Johnny O'Bryant III;;14;2;6;0;0;0;0;0;1;1;1;1;0;0;3;4;
Jorge Gutierrez;;6;1;2;0;0;1;2;0;0;0;1;1;0;0;0;3;
Jerryd Bayless;;20;6;9;2;2;5;5;0;2;2;1;3;0;2;1;19;
O.J. Mayo;;27;5;12;2;7;1;3;2;4;6;6;0;0;2;2;13;
ORL
Channing Frye;PF;15;0;1;0;1;0;0;0;0;0;0;0;0;0;0;0;
Aaron Gordon;PF;20;1;1;0;0;2;4;0;5;5;0;0;0;1;1;4;
Nikola Vucevic;C;26;8;19;0;0;1;1;8;6;14;1;0;0;3;4;17;
Elfrid Payton;PG;38;6;10;0;0;3;4;0;2;2;6;1;1;5;1;15;
Victor Oladipo;SG;34;6;17;0;4;9;11;1;4;5;1;1;0;3;3;21;
Kyle O'Quinn;;27;2;2;1;1;2;4;1;8;9;2;1;1;3;2;7;
Tobias Harris;;21;2;12;0;2;3;4;4;1;5;1;0;0;1;0;7;
Dewayne Dedmon;;7;1;1;0;0;0;0;0;2;2;0;0;2;1;2;2;
Luke Ridnour;;2;0;0;0;0;0;0;0;1;1;1;0;0;0;0;0;
Evan Fournier;;30;5;10;1;4;0;0;0;5;5;2;3;0;3;3;11;
Willie Green;;16;6;8;3;5;1;2;0;1;1;0;2;0;3;2;16;
Ben Gordon;;3;0;1;0;1;0;0;0;0;0;0;0;0;0;0;0;
