11-03;OKC-BKN;85-116;
19-32;21-27;22-26;23-31;
OKC
Serge Ibaka;PF;29;7;11;1;2;0;0;2;7;9;1;1;2;1;1;15;
Perry Jones;SF;34;6;12;2;5;2;2;0;4;4;1;0;0;2;1;16;
Steven Adams;C;30;4;10;0;0;1;4;4;5;9;0;1;0;1;4;9;
Reggie Jackson;PG;42;8;20;2;8;5;5;1;3;4;5;0;1;7;5;23;
Andre Roberson;SG;11;0;1;0;0;1;2;2;1;3;1;0;0;0;1;1;
Nick Collison;;19;1;5;0;1;1;2;2;1;3;0;0;0;0;3;3;
Lance Thomas;;22;1;10;0;0;0;0;1;2;3;0;1;0;1;0;2;
Kendrick Perkins;;18;0;3;0;0;0;2;2;2;4;0;0;0;2;2;0;
Sebastian Telfair;;35;5;10;3;7;3;4;1;4;5;6;0;0;3;0;16;
BKN
Kevin Garnett;PF;20;3;8;0;0;0;0;0;6;6;2;1;0;1;4;6;
Joe Johnson;SF;28;5;10;2;2;1;2;0;6;6;6;0;0;1;0;13;
Brook Lopez;C;24;6;10;0;0;6;7;2;4;6;0;1;2;1;3;18;
Deron Williams;PG;37;4;8;1;4;8;8;0;3;3;9;1;0;2;1;17;
Bojan Bogdanovic;SG;27;5;10;2;6;0;0;0;2;2;2;2;0;0;2;12;
Mirza Teletovic;;21;3;8;2;6;0;0;1;2;3;2;1;1;1;3;8;
Andrei Kirilenko;;5;0;0;0;0;0;0;0;2;2;1;0;0;0;1;0;
Jerome Jordan;;11;2;3;0;0;0;0;2;0;2;0;1;0;2;1;4;
Mason Plumlee;;16;5;9;0;0;0;0;2;6;8;1;0;0;0;1;10;
Jarrett Jack;;28;2;6;0;0;0;0;1;1;2;1;4;0;0;1;4;
Jorge Gutierrez;;5;2;3;0;0;0;0;0;0;0;0;0;0;0;2;4;
Alan Anderson;;16;7;8;4;4;0;0;0;1;1;0;0;0;0;2;18;
Sergey Karasev;;5;0;1;0;1;2;2;1;0;1;1;0;0;0;0;2;
