01-03;WSH-SA;92-101;
35-31;23-27;19-20;15-23;
WSH
Nene Hilario;PF;26;5;9;0;0;2;2;1;0;1;1;2;1;2;5;12;
Paul Pierce;SF;17;1;4;1;3;2;2;0;1;1;1;0;0;1;1;5;
Marcin Gortat;C;32;6;10;0;1;0;2;1;4;5;1;1;1;0;2;12;
John Wall;PG;36;7;13;0;2;1;2;0;3;3;8;1;0;1;1;15;
Bradley Beal;SG;33;6;12;2;3;1;2;1;0;1;3;0;0;1;3;15;
Kris Humphries;;20;5;8;0;0;0;0;1;7;8;0;1;0;0;1;10;
Otto Porter Jr.;;29;5;8;0;2;1;2;1;0;1;3;0;1;0;2;11;
Rasual Butler;;19;1;7;1;3;0;0;1;4;5;1;0;2;1;1;3;
Kevin Seraphin;;16;4;8;0;0;1;1;2;2;4;1;0;1;0;1;9;
Andre Miller;;12;0;3;0;0;0;0;1;1;2;4;1;0;0;1;0;
SA
Tim Duncan;PF;31;2;8;0;0;0;2;3;6;9;4;1;2;2;2;4;
Marco Belinelli;SF;26;4;11;0;3;4;4;0;5;5;3;0;0;1;1;12;
Tiago Splitter;C;28;7;8;0;0;2;2;0;3;3;2;0;1;1;0;16;
Cory Joseph;PG;33;8;10;0;0;3;4;1;3;4;4;0;2;0;2;19;
Danny Green;SG;35;4;9;1;4;1;4;3;3;6;1;1;0;1;1;10;
Kyle Anderson;;9;1;3;0;0;0;0;0;1;1;3;1;0;0;1;2;
Aron Baynes;;8;2;5;0;0;0;0;0;3;3;0;0;0;0;0;4;
Matt Bonner;;2;0;0;0;0;0;0;0;0;0;1;0;0;0;0;0;
Boris Diaw;;25;7;8;0;0;0;0;0;2;2;3;0;0;1;1;14;
Patty Mills;;15;6;8;3;5;0;0;2;0;2;1;0;0;1;5;15;
Manu Ginobili;;28;2;8;0;4;1;2;0;3;3;5;1;0;3;3;5;
