12-28;PHX-LAL;116-107;
26-28;29-28;33-25;28-26;
PHX
Markieff Morris;PF;34;5;10;0;4;2;5;1;6;7;3;1;0;4;2;12;
P.J. Tucker;SF;28;6;9;0;1;0;0;0;4;4;2;1;0;0;0;12;
Alex Len;C;25;4;6;0;0;0;0;2;6;8;1;2;2;0;3;8;
Eric Bledsoe;PG;32;7;19;1;3;7;7;1;7;8;8;4;1;3;1;22;
Goran Dragic;SG;34;9;16;4;6;2;2;0;2;2;2;1;0;2;4;24;
Shavlik Randolph;;5;0;1;0;0;0;0;1;0;1;0;0;0;0;1;0;
Marcus Morris;;18;4;6;0;0;1;2;0;4;4;1;0;0;0;1;9;
Miles Plumlee;;20;3;3;0;0;0;0;1;5;6;1;0;1;1;0;6;
Isaiah Thomas;;25;4;7;2;2;5;6;1;2;3;4;3;0;1;3;15;
Gerald Green;;17;2;10;2;6;2;2;1;1;2;2;0;1;1;0;8;
LAL
Ed Davis;PF;34;5;6;0;0;1;5;2;6;8;2;1;2;3;2;11;
Wesley Johnson;SF;28;5;9;3;6;1;1;1;3;4;1;1;2;1;3;14;
Jordan Hill;C;22;3;11;0;0;3;4;0;1;1;2;1;0;3;0;9;
Ronnie Price;PG;22;4;7;2;2;0;0;0;1;1;3;1;0;1;2;10;
Kobe Bryant;SG;32;4;10;1;3;1;1;0;8;8;7;2;0;5;1;10;
Carlos Boozer;;22;4;7;0;0;0;0;0;6;6;1;1;0;0;2;8;
Nick Young;;25;7;15;4;6;3;3;0;1;1;2;0;0;1;3;21;
Robert Sacre;;14;1;3;0;0;1;2;0;1;1;0;0;0;0;1;3;
Jeremy Lin;;26;8;11;2;3;1;4;1;2;3;2;1;2;2;5;19;
Wayne Ellington;;15;1;2;0;0;0;0;0;2;2;2;0;0;1;0;2;
