12-15;BOS-PHI;105-87;
30-25;27-13;31-26;17-23;
BOS
Jared Sullinger;PF;29;2;10;1;3;0;2;5;6;11;2;0;0;4;0;5;
Jeff Green;SF;27;4;8;1;3;5;8;2;3;5;0;1;0;3;1;14;
Tyler Zeller;C;16;1;6;0;0;3;4;2;3;5;2;0;2;0;3;5;
Rajon Rondo;PG;24;2;3;0;0;1;2;1;6;7;7;4;0;2;2;5;
Avery Bradley;PG;31;6;20;1;11;2;3;0;1;1;1;1;0;1;3;15;
Dwight Powell;;2;0;0;0;0;1;2;0;0;0;0;1;0;0;0;1;
Brandon Bass;;20;6;9;0;0;2;5;2;3;5;2;0;0;2;2;14;
Gerald Wallace;;12;0;0;0;0;0;0;0;1;1;1;2;1;0;3;0;
Kelly Olynyk;;31;12;17;3;5;3;3;4;5;9;1;3;2;4;3;30;
Phil Pressey;;20;0;3;0;2;4;4;0;3;3;4;0;0;1;3;4;
Evan Turner;;27;5;10;0;1;2;2;0;5;5;6;3;0;5;3;12;
PHI
Luc Richard Mbah a Moute;PF;26;4;10;0;3;1;2;2;4;6;2;2;1;4;2;9;
Robert Covington;SF;29;4;15;2;8;3;3;2;4;6;2;2;1;1;4;13;
Nerlens Noel;C;29;9;12;0;0;1;1;3;5;8;4;3;2;3;4;19;
Michael Carter-Williams;PG;29;5;12;1;5;2;4;1;4;5;6;0;0;5;2;13;
Hollis Thompson;SG;21;1;3;0;1;0;0;1;3;4;1;1;0;0;3;2;
Furkan Aldemir;;10;1;3;0;0;0;0;2;0;2;1;0;0;1;2;2;
Jerami Grant;;11;1;6;0;1;0;0;0;0;0;0;1;0;0;1;2;
Henry Sims;;16;1;8;0;1;3;4;1;3;4;1;0;0;0;2;5;
Alexey Shved;;12;3;8;1;2;3;3;2;2;4;0;1;1;2;1;10;
JaKarr Sampson;;7;2;3;0;1;2;2;0;2;2;1;0;1;1;1;6;
K.J. McDaniels;;20;2;10;0;4;2;2;1;2;3;0;1;3;1;3;6;
Tony Wroten;;30;0;3;0;2;0;0;1;3;4;1;0;0;4;3;0;
