01-19;DET-ATL;82-93;
12-16;29-28;20-24;21-25;
DET
Greg Monroe;PF;34;5;11;0;0;6;6;6;14;20;2;1;1;6;4;16;
Kyle Singler;SF;22;2;7;1;4;0;0;1;3;4;1;1;0;0;2;5;
Andre Drummond;C;27;5;9;0;0;3;12;6;12;18;0;0;0;2;2;13;
Brandon Jennings;PG;30;1;10;0;4;5;6;0;2;2;5;1;0;3;2;7;
Kentavious Caldwell-Pope;SG;39;4;15;2;9;0;0;1;3;4;1;1;1;2;1;10;
Jonas Jerebko;;18;2;7;1;4;0;0;2;1;3;1;0;0;0;2;5;
Anthony Tolliver;;17;2;5;2;5;1;2;2;3;5;1;0;0;0;3;7;
Caron Butler;;8;0;2;0;1;0;0;0;2;2;0;1;0;1;0;0;
D.J. Augustin;;18;4;5;0;1;0;0;0;0;0;3;0;0;3;1;8;
Jodie Meeks;;27;4;11;3;7;0;0;2;1;3;3;1;0;1;0;11;
ATL
Paul Millsap;PF;30;8;15;3;6;1;2;0;7;7;2;0;0;1;2;20;
DeMarre Carroll;SF;32;2;7;0;3;1;2;0;2;2;1;2;0;0;2;5;
Al Horford;C;34;6;9;0;0;2;2;0;6;6;7;1;1;1;0;14;
Jeff Teague;PG;30;4;15;0;5;2;2;0;2;2;7;0;0;3;4;10;
Kyle Korver;SG;32;4;8;3;6;2;2;0;6;6;5;0;0;2;2;13;
Mike Scott;;21;9;15;2;6;0;0;2;3;5;0;2;0;0;1;20;
Pero Antic;;11;0;5;0;2;0;0;2;3;5;1;0;0;1;4;0;
Thabo Sefolosha;;17;1;2;0;0;0;0;1;5;6;1;1;0;0;2;2;
Dennis Schroder;;18;1;5;0;0;2;2;0;3;3;6;0;0;0;1;4;
Kent Bazemore;;15;2;3;1;2;0;2;0;0;0;1;2;0;2;1;5;
