02-20;IND-PHI;106-95;
23-16;35-24;29-28;19-27;
IND
David West;PF;25;4;9;0;0;0;0;1;6;7;4;0;0;4;1;8;
Solomon Hill;SF;21;2;4;1;2;0;0;1;2;3;2;2;0;1;1;5;
Roy Hibbert;C;22;4;9;0;0;0;0;4;3;7;0;0;1;0;3;8;
George Hill;PG;23;2;8;0;1;3;4;0;4;4;4;0;0;2;1;7;
C.J. Miles;SG;25;6;12;2;7;3;3;0;3;3;1;2;0;0;2;17;
Luis Scola;;23;6;10;1;1;3;5;1;6;7;1;3;0;1;4;16;
Lavoy Allen;;6;1;1;0;0;0;0;0;0;0;1;0;0;1;0;2;
Damjan Rudez;;23;4;5;2;3;0;0;0;1;1;2;2;0;0;1;10;
Ian Mahinmi;;20;0;0;0;0;1;2;0;5;5;1;0;0;1;4;1;
Donald Sloan;;4;0;2;0;1;0;0;0;1;1;0;0;0;0;0;0;
Rodney Stuckey;;27;10;16;2;4;8;8;0;2;2;4;3;0;2;3;30;
C.J. Watson;;21;1;7;0;3;0;0;2;2;4;4;1;0;3;3;2;
PHI
Luc Richard Mbah a Moute;PF;32;6;12;2;5;2;3;3;7;10;3;0;0;2;0;16;
Robert Covington;SF;29;2;10;0;5;4;4;0;2;2;1;1;0;1;4;8;
Nerlens Noel;C;33;5;9;0;0;2;4;5;4;9;0;4;9;1;3;12;
Tim Frazier;PG;33;5;9;2;3;1;3;0;3;3;7;1;0;4;4;13;
Jason Richardson;SG;18;3;7;1;2;0;0;0;7;7;2;2;1;3;0;7;
Furkan Aldemir;;4;1;1;0;0;0;0;3;1;4;0;0;0;0;1;2;
Jerami Grant;;28;5;11;1;4;5;10;2;3;5;3;1;0;0;1;16;
JaVale McGee;;11;1;3;0;0;0;0;1;1;2;1;0;0;2;2;2;
Henry Sims;;13;0;4;0;0;3;3;0;2;2;0;0;1;3;1;3;
JaKarr Sampson;;20;4;12;1;3;2;2;1;1;2;1;2;0;1;4;11;
Hollis Thompson;;20;2;6;1;3;0;0;0;1;1;0;0;0;0;0;5;
