01-10;DAL-LAC;100-120;
24-30;24-26;24-32;28-32;
DAL
Dirk Nowitzki;PF;30;10;19;2;5;3;4;0;6;6;1;0;0;1;1;25;
Chandler Parsons;SF;31;4;10;1;4;3;4;1;2;3;1;0;0;1;1;12;
Tyson Chandler;C;32;2;4;0;0;1;2;2;8;10;0;0;2;1;3;5;
Rajon Rondo;PG;27;1;11;0;3;0;0;1;2;3;8;1;0;1;3;2;
Monta Ellis;SG;32;9;15;4;6;1;1;1;3;4;6;1;0;2;1;23;
Greg Smith;;13;0;0;0;0;0;0;2;1;3;0;0;0;1;2;0;
Dwight Powell;;5;2;2;2;2;2;2;0;0;0;0;0;0;0;1;8;
Charlie Villanueva;;14;3;8;2;6;1;2;0;3;3;0;1;0;1;3;9;
Al-Farouq Aminu;;9;0;0;0;0;0;0;1;2;3;1;0;0;0;1;0;
Richard Jefferson;;13;2;4;1;1;0;0;0;0;0;1;0;0;0;0;5;
J.J. Barea;;12;2;5;0;1;0;0;0;2;2;3;1;0;1;0;4;
Raymond Felton;;5;1;3;0;0;0;0;0;0;0;3;0;0;0;0;2;
Devin Harris;;18;2;5;0;2;1;2;0;3;3;5;0;0;2;2;5;
LAC
Blake Griffin;PF;35;11;15;0;0;0;2;1;6;7;6;2;0;2;3;22;
Matt Barnes;SF;35;7;13;2;5;2;2;1;5;6;3;0;0;1;2;18;
DeAndre Jordan;C;34;6;10;0;0;1;4;5;10;15;0;1;2;1;2;13;
Chris Paul;PG;30;5;11;2;4;5;5;0;2;2;13;1;0;0;0;17;
J.J. Redick;SG;28;5;13;4;8;2;2;0;4;4;1;1;0;1;1;16;
Ekpe Udoh;;2;0;0;0;0;0;0;1;0;1;0;0;0;0;0;0;
Glen Davis;;5;0;1;0;0;0;0;0;2;2;0;0;0;0;0;0;
Spencer Hawes;;22;2;6;1;3;1;2;0;5;5;2;1;3;0;1;6;
Jordan Farmar;;17;3;6;1;3;0;0;0;1;1;1;0;0;0;6;7;
Reggie Bullock;;7;1;3;0;2;0;0;0;1;1;0;0;0;1;0;2;
Chris Douglas-Roberts;;3;0;0;0;0;0;0;0;0;0;1;0;0;0;0;0;
Jamal Crawford;;22;6;10;3;6;4;4;1;2;3;4;2;0;4;2;19;
