12-31;SAC-BOS;84-106;
19-23;20-26;22-28;23-29;
SAC
Rudy Gay;SF;34;4;19;0;2;1;2;1;6;7;2;1;0;0;1;9;
Ryan Hollins;C;11;2;3;0;0;0;0;0;3;3;0;0;0;1;2;4;
DeMarcus Cousins;C;29;5;17;0;0;1;2;3;8;11;0;1;1;4;2;11;
Darren Collison;PG;32;4;10;0;4;6;6;0;0;0;5;1;1;3;1;14;
Ben McLemore;SG;19;3;5;2;3;4;4;0;5;5;0;1;0;3;4;12;
Derrick Williams;;16;1;5;0;2;0;0;0;2;2;0;0;0;1;0;2;
Carl Landry;;29;7;11;0;0;0;0;3;2;5;0;1;2;1;4;14;
Omri Casspi;;12;1;3;0;0;0;2;1;2;3;2;0;1;1;0;2;
Reggie Evans;;11;0;0;0;0;1;2;1;2;3;1;1;0;1;1;1;
Ray McCallum;;22;4;8;0;2;3;6;2;2;4;1;2;0;1;2;11;
Nik Stauskas;;23;1;6;0;2;2;4;0;3;3;1;1;0;0;0;4;
BOS
Jared Sullinger;PF;27;9;18;0;3;2;2;3;8;11;2;0;3;0;0;20;
Jeff Green;SF;24;2;6;0;1;2;3;0;4;4;1;0;1;0;2;6;
Tyler Zeller;C;18;3;5;0;0;1;1;0;2;2;0;0;1;0;3;7;
Avery Bradley;PG;23;4;8;0;0;1;2;0;3;3;3;1;0;1;1;9;
Evan Turner;SG;23;4;10;0;0;2;2;0;6;6;11;3;0;4;4;10;
Brandan Wright;;8;3;4;0;0;0;0;1;1;2;0;0;1;0;1;6;
Brandon Bass;;17;3;7;0;0;2;2;2;2;4;1;0;0;0;3;8;
Jae Crowder;;24;5;10;1;4;1;1;2;2;4;0;1;0;0;1;12;
Kelly Olynyk;;26;6;10;1;2;2;2;0;4;4;3;1;1;1;2;15;
Phil Pressey;;2;0;0;0;0;0;0;0;0;0;1;0;0;1;1;0;
Marcus Smart;;28;4;8;3;6;0;0;1;5;6;2;2;0;2;2;11;
Jameer Nelson;;20;1;8;0;5;0;0;0;3;3;8;1;0;2;3;2;
