03-02;NO-DAL;93-102;
31-32;27-23;13-25;22-22;
NO
Dante Cunningham;PF;34;6;15;0;0;0;0;1;3;4;1;0;1;1;2;12;
Omer Asik;C;28;1;3;0;0;0;0;2;5;7;0;1;0;3;1;2;
Eric Gordon;SG;37;4;11;4;7;6;6;1;4;5;4;1;1;1;3;18;
Tyreke Evans;SG;35;6;14;1;5;4;4;0;3;3;7;1;0;2;3;17;
Quincy Pondexter;SG;28;2;5;2;3;0;0;0;3;3;2;0;0;0;2;6;
Luke Babbitt;;13;1;3;1;1;1;2;1;1;2;0;0;0;1;2;4;
Alexis Ajinca;;25;6;9;0;0;1;2;5;7;12;1;1;1;2;3;13;
Norris Cole;;36;8;12;2;4;1;2;0;1;1;3;0;1;1;1;19;
Jimmer Fredette;;4;1;2;0;1;0;0;0;0;0;1;0;0;2;1;2;
DAL
Dirk Nowitzki;PF;31;5;13;3;5;1;1;0;8;8;0;1;2;0;3;14;
Richard Jefferson;SF;34;5;6;2;2;4;4;1;4;5;0;0;1;1;1;16;
Bernard James;C;25;0;1;0;0;0;0;1;5;6;1;0;2;0;2;0;
Rajon Rondo;PG;32;9;15;1;1;0;0;1;4;5;2;0;0;3;0;19;
Monta Ellis;SG;33;8;19;0;3;4;4;2;4;6;2;0;1;1;2;20;
Charlie Villanueva;;4;0;2;0;1;0;0;1;1;2;0;0;0;0;0;0;
Al-Farouq Aminu;;24;1;3;0;2;0;0;1;1;2;1;4;0;0;2;2;
Amar'e Stoudemire;;23;6;9;0;0;2;2;2;2;4;2;2;0;0;2;14;
J.J. Barea;;15;1;5;0;1;1;2;0;0;0;1;0;0;0;1;3;
Devin Harris;;19;3;6;0;1;8;9;0;0;0;2;0;0;0;1;14;
