12-05;LAL-BOS;96-113;
20-30;28-23;22-33;26-27;
LAL
Carlos Boozer;PF;18;1;6;0;0;0;0;0;7;7;1;0;0;2;3;2;
Wesley Johnson;SF;26;0;5;0;3;0;0;0;3;3;0;0;1;2;1;0;
Jordan Hill;C;22;6;6;0;0;1;1;2;2;4;0;0;1;2;1;13;
Jeremy Lin;PG;19;5;8;1;1;3;3;0;0;0;2;0;0;2;2;14;
Kobe Bryant;SG;33;9;21;1;3;3;3;0;3;3;3;1;0;3;1;22;
Ed Davis;;30;2;4;0;0;2;6;3;6;9;0;0;1;0;2;6;
Nick Young;;22;5;14;1;3;5;6;0;3;3;1;0;0;0;2;16;
Robert Sacre;;26;1;10;0;0;0;0;1;2;3;1;0;1;1;3;2;
Jordan Clarkson;;2;1;1;1;1;0;0;0;0;0;0;0;0;0;0;3;
Ronnie Price;;24;3;10;1;4;0;0;1;0;1;3;1;0;0;2;7;
Wayne Ellington;;19;5;7;1;1;0;0;0;5;5;3;0;0;0;1;11;
BOS
Jared Sullinger;PF;30;5;9;2;3;5;8;3;10;13;2;2;0;1;2;17;
Jeff Green;SF;29;8;10;1;2;2;5;0;4;4;1;1;0;7;3;19;
Tyler Zeller;C;31;10;11;0;0;4;4;1;13;14;2;0;1;2;3;24;
Rajon Rondo;PG;31;6;17;0;2;0;0;2;6;8;16;1;0;1;2;12;
Avery Bradley;PG;34;7;18;2;5;0;0;2;0;2;1;0;0;0;2;16;
Brandon Bass;;14;2;4;0;0;1;1;0;1;1;0;0;0;1;2;5;
Gerald Wallace;;0;0;1;0;1;0;0;0;0;0;0;0;0;0;0;0;
Kelly Olynyk;;21;2;6;1;3;1;2;0;4;4;1;0;1;1;3;6;
Phil Pressey;;16;0;3;0;2;0;2;0;1;1;2;0;0;2;1;0;
James Young;;2;0;0;0;0;0;0;0;0;0;0;0;0;0;0;0;
Marcus Thornton;;8;2;5;1;1;0;0;1;3;4;1;0;0;0;0;5;
Evan Turner;;24;4;6;1;1;0;0;1;2;3;3;2;0;1;1;9;
