03-18;LAC-SAC;116-105;
28-24;23-25;29-24;36-32;
LAC
Blake Griffin;PF;36;7;16;0;0;5;6;3;7;10;5;0;2;4;3;19;
Hedo Turkoglu;SF;33;7;12;5;10;0;0;0;2;2;2;0;0;0;3;19;
DeAndre Jordan;C;36;3;7;0;0;0;1;4;11;15;1;1;4;2;6;6;
Chris Paul;PG;39;13;20;4;10;0;0;0;3;3;11;1;0;2;4;30;
J.J. Redick;SG;38;9;16;7;12;2;2;0;2;2;4;1;0;0;1;27;
Glen Davis;;10;1;4;0;0;2;2;0;0;0;0;1;0;2;0;4;
Spencer Hawes;;11;1;4;0;2;0;0;1;1;2;0;0;0;0;4;2;
Nate Robinson;;10;2;3;0;0;0;0;0;0;0;2;1;0;0;1;4;
Austin Rivers;;15;1;4;1;3;0;2;0;2;2;2;0;0;1;1;3;
Dahntay Jones;;12;1;2;0;0;0;0;0;0;0;0;0;0;0;0;2;
SAC
Jason Thompson;PF;34;5;10;0;0;2;4;2;6;8;0;1;0;1;3;12;
Rudy Gay;SF;37;6;19;0;5;11;11;0;6;6;4;3;0;2;4;23;
Ryan Hollins;C;14;4;4;0;0;1;2;2;1;3;1;0;0;0;3;9;
Ray McCallum;PG;23;4;8;0;1;0;0;0;2;2;2;1;0;1;0;8;
Ben McLemore;SG;19;0;5;0;1;0;0;0;1;1;2;1;0;0;2;0;
Derrick Williams;;24;3;6;1;3;4;5;0;1;1;1;0;0;2;1;11;
Omri Casspi;;18;2;5;1;3;0;0;0;6;6;3;0;0;0;0;5;
Reggie Evans;;23;2;5;0;0;4;6;3;8;11;0;1;0;0;2;8;
Andre Miller;;25;8;11;0;1;0;0;1;2;3;4;0;0;2;3;16;
Nik Stauskas;;23;4;6;1;3;4;4;1;2;3;1;0;0;2;0;13;
