11-05;ATL-SA;92-94;
15-27;24-22;23-19;30-26;
ATL
Paul Millsap;PF;35;8;18;0;2;1;1;2;5;7;3;5;2;1;4;17;
DeMarre Carroll;SF;31;7;13;3;5;0;0;2;3;5;1;1;0;2;2;17;
Al Horford;C;31;5;14;0;0;0;0;4;3;7;6;2;1;2;5;10;
Jeff Teague;PG;34;2;8;0;0;1;2;0;0;0;7;1;0;5;2;5;
Kyle Korver;SG;36;3;10;1;5;0;0;0;4;4;3;2;0;1;5;7;
Mike Scott;;14;5;7;2;4;0;0;0;4;4;1;0;0;1;1;12;
Pero Antic;;16;3;7;1;3;0;0;0;3;3;0;0;0;0;2;7;
Thabo Sefolosha;;17;0;1;0;1;4;4;1;3;4;2;2;2;0;1;4;
Shelvin Mack;;6;0;3;0;1;2;2;0;0;0;1;1;0;1;0;2;
Dennis Schroder;;8;4;6;1;3;0;0;1;1;2;1;0;0;0;1;9;
Kent Bazemore;;11;1;5;0;1;0;2;0;1;1;1;0;0;0;2;2;
SA
Tim Duncan;PF;35;5;12;0;0;7;12;5;8;13;4;3;6;0;2;17;
Kawhi Leonard;SF;30;5;10;1;4;0;0;0;6;6;2;1;0;2;1;11;
Tiago Splitter;C;10;2;2;0;0;1;2;0;4;4;2;1;0;1;0;5;
Tony Parker;PG;37;7;12;0;1;3;5;0;3;3;7;0;0;7;3;17;
Danny Green;SG;33;3;7;2;5;2;2;1;6;7;2;1;1;2;1;10;
Jeff Ayres;;13;0;1;0;0;0;0;2;3;5;1;0;1;1;2;0;
Austin Daye;;3;0;1;0;1;0;0;0;0;0;0;0;0;1;0;0;
Marco Belinelli;;5;0;1;0;0;1;2;0;1;1;0;0;0;0;1;1;
Aron Baynes;;1;0;0;0;0;0;0;0;0;0;0;0;0;1;0;0;
Boris Diaw;;34;4;10;0;3;3;5;1;4;5;4;0;1;1;1;11;
Cory Joseph;;14;3;6;1;2;3;3;2;0;2;0;0;0;1;1;10;
Manu Ginobili;;26;2;7;1;1;7;7;0;4;4;3;1;0;2;3;12;
