12-12;POR-CHI;106-115;
28-24;23-35;27-23;28-33;
POR
LaMarcus Aldridge;PF;39;15;24;1;1;4;4;2;7;9;2;1;2;0;3;35;
Nicolas Batum;SF;37;3;12;1;5;0;0;1;4;5;5;0;0;0;0;7;
Robin Lopez;C;28;2;8;0;0;0;0;5;2;7;2;1;1;0;4;4;
Damian Lillard;PG;38;13;21;7;11;2;3;0;5;5;6;0;0;4;3;35;
Wesley Matthews;SG;37;4;8;1;3;1;2;1;3;4;0;0;1;1;1;10;
Allen Crabbe;;13;0;0;0;0;0;0;0;1;1;2;0;0;0;0;0;
Meyers Leonard;;5;0;2;0;1;0;0;1;0;1;1;0;0;0;2;0;
Joel Freeland;;4;2;3;0;0;0;0;1;0;1;0;0;0;0;0;4;
Chris Kaman;;19;1;4;0;0;0;0;0;2;2;2;0;1;2;2;2;
Steve Blake;;19;3;6;2;3;1;2;0;2;2;0;1;0;3;2;9;
CHI
Pau Gasol;PF;33;6;12;0;0;1;4;2;8;10;4;0;0;1;2;13;
Taj Gibson;PF;45;2;10;0;0;8;10;4;6;10;0;0;0;1;2;12;
Mike Dunleavy;SF;29;3;5;2;4;0;0;0;3;3;1;0;0;1;1;8;
Derrick Rose;PG;32;14;24;0;2;3;3;0;3;3;5;1;0;2;2;31;
Jimmy Butler;SG;44;4;11;0;1;3;3;2;6;8;1;1;2;0;0;11;
Nikola Mirotic;;19;4;9;1;3;6;6;4;5;9;1;1;1;1;1;15;
Aaron Brooks;;17;8;10;1;2;0;0;2;1;3;4;0;0;1;2;17;
Kirk Hinrich;;23;3;7;1;3;1;2;0;1;1;2;2;0;0;1;8;
