11-28;GS-CHA;106-101;
28-24;21-31;25-25;32-21;
GS
Harrison Barnes;SF;29;3;8;1;2;2;2;4;5;9;1;0;0;1;0;9;
Draymond Green;SF;32;4;9;0;2;1;2;1;9;10;2;1;1;1;4;9;
Andrew Bogut;C;24;2;4;0;0;2;2;2;3;5;5;0;3;2;3;6;
Stephen Curry;PG;32;9;20;1;10;7;7;1;3;4;6;1;2;4;4;26;
Klay Thompson;SG;35;7;22;3;5;0;0;2;3;5;4;3;1;1;3;17;
Marreese Speights;;24;12;20;0;0;3;3;4;1;5;2;1;1;1;6;27;
Shaun Livingston;;14;2;5;0;0;0;0;0;1;1;4;0;0;0;3;4;
Brandon Rush;;18;2;8;1;4;0;0;0;2;2;1;0;0;0;2;5;
Andre Iguodala;;32;1;3;1;3;0;0;2;3;5;3;1;0;2;1;3;
CHA
Cody Zeller;PF;33;4;8;0;0;7;10;3;11;14;0;0;0;1;2;15;
Al Jefferson;C;34;8;16;0;0;2;2;0;5;5;3;0;2;1;2;18;
Kemba Walker;PG;43;4;16;2;7;3;4;1;3;4;13;1;1;4;2;13;
Gerald Henderson;SG;16;3;5;0;0;0;0;1;1;2;1;0;1;1;1;6;
Lance Stephenson;SG;37;3;8;0;1;5;5;0;5;5;8;2;0;6;1;11;
Jason Maxiell;;15;1;4;0;0;0;0;1;1;2;1;1;0;0;0;2;
Bismack Biyombo;;14;4;8;0;0;0;0;2;6;8;0;0;2;0;1;8;
Brian Roberts;;30;8;12;2;4;2;2;0;0;0;1;0;1;0;4;20;
P.J. Hairston;;19;3;10;2;7;0;0;0;4;4;0;0;1;0;1;8;
