04-03;OKC-MEM;92-100;
26-24;23-31;20-22;23-23;
OKC
Kyle Singler;SF;29;5;7;3;4;0;0;0;4;4;1;2;1;0;4;13;
Enes Kanter;C;34;11;19;0;0;2;4;5;12;17;1;1;1;3;4;24;
Steven Adams;C;36;4;5;0;0;1;3;1;5;6;0;0;0;0;4;9;
Russell Westbrook;PG;38;5;20;0;3;8;13;3;4;7;7;1;1;5;2;18;
Dion Waiters;SG;36;3;11;0;2;2;2;0;1;1;2;0;0;2;0;8;
Mitch McGary;;16;2;7;0;0;0;0;0;3;3;0;1;0;0;3;4;
Steve Novak;;1;0;1;0;1;0;0;0;0;0;0;0;0;0;0;0;
D.J. Augustin;;17;1;4;0;1;1;2;1;1;2;5;0;0;0;1;3;
Anthony Morrow;;34;5;14;1;6;2;2;1;6;7;2;2;0;2;5;13;
MEM
Zach Randolph;PF;30;6;11;1;2;1;2;2;5;7;2;1;1;3;3;14;
Jeff Green;SF;37;7;12;2;5;6;8;1;4;5;1;0;2;1;3;22;
Marc Gasol;C;38;8;14;0;0;3;6;0;6;6;5;2;3;3;2;19;
Mike Conley;PG;36;3;11;0;5;7;8;1;4;5;7;2;0;0;4;13;
Courtney Lee;SG;32;5;13;1;4;2;2;1;4;5;0;1;0;2;1;13;
Kosta Koufos;;21;2;6;0;0;0;0;3;8;11;1;0;1;0;1;4;
Beno Udrih;;18;2;5;0;2;1;2;0;2;2;0;0;0;1;1;5;
Vince Carter;;15;0;3;0;3;0;0;0;1;1;0;0;0;1;1;0;
Nick Calathes;;13;5;5;0;0;0;0;0;3;3;0;1;0;2;6;10;
