03-03;WSH-CHI;92-97;
22-24;22-27;23-23;25-23;
WSH
Nene Hilario;PF;20;0;4;0;0;0;0;1;5;6;2;2;0;0;6;0;
Paul Pierce;SF;32;6;10;4;6;0;0;0;1;1;3;0;1;0;5;16;
Marcin Gortat;C;33;6;9;0;0;0;0;2;10;12;1;0;2;1;1;12;
John Wall;PG;39;8;20;1;4;4;7;2;2;4;11;2;2;6;1;21;
Bradley Beal;SG;35;6;18;0;5;1;1;0;4;4;2;2;1;0;0;13;
Drew Gooden;;12;1;3;0;1;0;0;1;2;3;0;1;0;0;3;2;
Otto Porter Jr.;;30;3;5;2;3;3;4;1;4;5;0;0;2;1;0;11;
Rasual Butler;;3;1;1;1;1;0;0;0;0;0;0;1;0;0;1;3;
Kevin Seraphin;;15;3;8;0;0;0;0;2;1;3;0;1;2;1;4;6;
Ramon Sessions;;15;1;6;0;2;6;7;1;0;1;3;1;0;2;0;8;
Garrett Temple;;6;0;0;0;0;0;0;0;0;0;1;0;1;0;2;0;
CHI
Pau Gasol;PF;33;8;11;0;1;4;4;3;7;10;0;1;2;3;1;20;
Mike Dunleavy;SF;31;2;6;1;4;0;0;0;8;8;2;0;0;0;1;5;
Tony Snell;SF;40;4;12;3;7;0;1;0;3;3;2;1;0;1;2;11;
Joakim Noah;C;33;4;5;0;0;6;10;4;8;12;5;2;3;5;5;14;
Aaron Brooks;PG;35;8;23;2;8;4;4;0;2;2;8;1;0;2;1;22;
Nikola Mirotic;;32;6;13;3;7;8;11;2;6;8;0;0;1;2;0;23;
Doug McDermott;;15;0;5;0;1;0;0;1;0;1;1;0;0;0;2;0;
Kirk Hinrich;;12;0;2;0;1;0;0;0;3;3;2;0;1;3;3;0;
E'Twaun Moore;;8;1;1;0;0;0;0;0;0;0;0;0;0;0;1;2;
