12-12;LAL-SA;112-110;
25-25;29-25;32-25;15-26;11-9;
LAL
Ed Davis;PF;21;1;3;0;0;0;0;4;2;6;4;1;0;1;3;2;
Wesley Johnson;SF;28;5;7;3;3;0;0;0;5;5;1;2;0;1;4;13;
Jordan Hill;C;35;7;16;0;0;0;0;4;6;10;1;1;1;0;1;14;
Ronnie Price;PG;17;0;4;0;4;0;0;0;0;0;2;1;0;1;2;0;
Kobe Bryant;SG;40;7;22;1;4;7;8;1;4;5;9;4;0;5;1;22;
Carlos Boozer;;31;7;12;0;0;0;0;3;10;13;1;0;2;1;3;14;
Nick Young;;32;9;14;6;9;5;5;0;1;1;1;0;0;1;1;29;
Robert Sacre;;18;2;3;0;0;0;0;1;5;6;0;1;0;0;1;4;
Jeremy Lin;;30;6;14;2;3;0;2;1;1;2;8;0;1;3;3;14;
Wayne Ellington;;13;0;1;0;1;0;0;0;1;1;0;1;0;1;0;0;
SA
Tim Duncan;PF;40;9;16;0;0;1;2;7;11;18;2;0;2;4;3;19;
Kyle Anderson;SF;21;3;6;0;0;0;0;0;4;4;3;0;0;0;1;6;
Matt Bonner;C;22;1;4;0;3;3;5;0;1;1;2;0;0;0;0;5;
Tony Parker;PG;18;2;5;0;0;1;2;0;0;0;2;1;0;3;1;5;
Danny Green;SG;34;7;14;5;9;0;0;1;3;4;2;3;1;1;3;19;
Marco Belinelli;;20;3;6;2;5;1;1;0;2;2;0;0;0;2;1;9;
Aron Baynes;;9;1;1;0;0;0;0;2;2;4;0;0;0;0;0;2;
Boris Diaw;;19;2;7;1;5;0;0;1;2;3;2;0;0;1;1;5;
Tiago Splitter;;15;1;1;0;0;4;4;0;4;4;1;1;1;2;1;6;
Cory Joseph;;35;7;14;1;1;1;3;1;3;4;5;4;1;2;2;16;
Manu Ginobili;;31;6;16;3;8;3;4;0;3;3;4;1;0;4;3;18;
