11-26;DEN-PHX;112-120;
30-34;34-30;22-29;26-27;
DEN
Kenneth Faried;PF;29;3;8;0;0;2;4;2;3;5;1;1;0;5;2;8;
Wilson Chandler;SF;32;7;12;2;4;3;4;3;4;7;1;1;1;3;5;19;
Timofey Mozgov;C;32;8;13;1;1;1;2;9;4;13;0;3;2;3;2;18;
Ty Lawson;PG;40;4;16;1;7;8;8;2;5;7;12;2;0;2;1;17;
Arron Afflalo;SG;35;6;11;2;2;4;5;0;2;2;1;0;0;1;2;18;
Darrell Arthur;;17;2;4;1;2;1;2;0;4;4;1;2;1;1;3;6;
J.J. Hickson;;14;2;5;0;0;3;4;1;2;3;0;0;0;0;1;7;
Alonzo Gee;;18;5;9;0;0;1;1;3;2;5;0;1;0;2;1;11;
Danilo Gallinari;;9;0;3;0;2;0;0;0;1;1;0;0;0;0;2;0;
Nate Robinson;;14;2;9;1;7;3;4;0;0;0;3;0;0;0;3;8;
PHX
Markieff Morris;PF;36;6;17;0;2;3;3;2;8;10;7;3;4;3;2;15;
Marcus Morris;PF;32;5;9;2;3;2;4;0;5;5;1;0;0;1;2;14;
Miles Plumlee;C;30;3;8;0;0;0;0;5;2;7;2;0;4;1;3;6;
Eric Bledsoe;PG;38;6;10;2;3;7;8;0;1;1;10;3;0;3;3;21;
Goran Dragic;SG;36;8;13;1;2;3;4;3;2;5;4;2;0;2;4;20;
Anthony Tolliver;;4;0;1;0;0;0;0;0;0;0;0;0;0;0;0;0;
P.J. Tucker;;27;4;8;2;4;0;0;1;6;7;1;1;0;2;2;10;
Alex Len;;12;4;5;0;0;2;2;1;2;3;0;0;0;2;2;10;
Gerald Green;;26;9;17;6;11;0;0;1;2;3;2;0;0;2;4;24;
