03-04;MIL-GS;93-102;
19-25;34-28;18-19;22-30;
MIL
Jared Dudley;SF;30;1;5;0;2;0;0;0;4;4;2;0;0;2;1;2;
Giannis Antetokounmpo;SF;41;6;13;0;1;4;4;2;6;8;1;2;1;5;5;16;
Zaza Pachulia;C;25;5;9;0;0;3;4;6;5;11;4;2;0;1;1;13;
Michael Carter-Williams;PG;30;5;14;0;1;6;6;2;2;4;7;2;0;5;1;16;
Khris Middleton;SG;30;5;9;0;2;4;5;0;4;4;1;1;0;2;4;14;
Ersan Ilyasova;;35;5;13;3;5;0;1;4;6;10;1;1;0;1;2;13;
John Henson;;9;0;2;0;0;1;2;1;2;3;0;0;0;1;1;1;
Tyler Ennis;;15;4;9;1;1;0;1;0;0;0;1;2;0;2;2;9;
Jerryd Bayless;;25;3;6;1;2;2;2;1;2;3;0;1;0;4;2;9;
GS
Harrison Barnes;SF;32;3;7;0;2;0;2;1;4;5;1;1;0;2;2;6;
Draymond Green;SF;40;9;14;4;9;1;6;2;10;12;5;3;3;1;5;23;
Andrew Bogut;C;20;3;3;0;0;1;2;0;6;6;0;1;0;3;3;7;
Stephen Curry;PG;37;6;16;6;13;1;2;0;1;1;11;2;2;5;3;19;
Klay Thompson;SG;36;5;16;3;8;4;4;0;0;0;5;3;0;1;3;17;
David Lee;;7;1;1;0;0;0;2;0;3;3;1;0;1;1;0;2;
Festus Ezeli;;5;1;1;0;0;0;0;0;2;2;0;1;1;0;1;2;
Shaun Livingston;;27;7;10;0;0;2;2;0;1;1;6;1;0;1;3;16;
Justin Holiday;;6;0;0;0;0;2;2;0;1;1;0;0;0;0;1;2;
Andre Iguodala;;30;2;5;1;2;3;3;1;2;3;1;4;1;2;3;8;
