01-05;HOU-CHI;105-114;
33-34;29-28;27-21;16-31;
HOU
Donatas Motiejunas;PF;27;8;14;0;2;0;0;2;4;6;3;1;1;1;4;16;
Trevor Ariza;SF;34;3;11;1;4;0;0;1;5;6;5;3;2;2;4;7;
Dwight Howard;C;41;6;13;0;0;0;1;4;10;14;1;0;1;4;3;12;
Patrick Beverley;PG;31;7;12;0;1;0;0;5;1;6;6;1;2;0;5;14;
James Harden;SG;38;7;22;3;8;3;3;0;2;2;4;1;2;2;4;20;
Kostas Papanikolaou;;7;0;1;0;0;0;0;0;0;0;0;0;0;0;1;0;
Josh Smith;;26;10;20;1;5;0;0;4;2;6;2;3;0;4;3;21;
Jason Terry;;17;3;3;2;2;0;1;0;0;0;3;0;0;2;2;8;
Corey Brewer;;19;3;6;1;3;0;0;0;1;1;1;0;0;1;1;7;
CHI
Pau Gasol;PF;34;10;16;0;0;7;7;5;9;14;3;0;2;2;1;27;
Joakim Noah;C;34;3;7;0;0;2;3;5;5;10;3;2;6;3;4;8;
Derrick Rose;PG;34;6;17;1;4;6;6;1;2;3;9;2;0;3;1;19;
Kirk Hinrich;SG;24;4;6;1;3;1;1;0;1;1;2;1;1;2;1;10;
Jimmy Butler;SG;41;7;17;2;4;6;7;1;4;5;1;3;1;1;0;22;
Nikola Mirotic;;27;7;12;1;4;2;2;2;6;8;1;0;2;1;3;17;
Taj Gibson;;27;3;6;0;0;3;4;3;3;6;4;1;0;3;1;9;
Aaron Brooks;;15;1;3;0;1;0;0;0;0;0;4;1;0;2;2;2;
E'Twaun Moore;;2;0;1;0;1;0;0;0;0;0;0;0;0;0;0;0;
