01-23;OKC-ATL;93-103;
30-23;17-25;28-31;18-24;
OKC
Serge Ibaka;PF;36;6;16;1;3;0;0;2;8;10;1;1;2;2;2;13;
Kevin Durant;SF;41;8;22;3;9;2;4;0;3;3;3;1;1;2;0;21;
Steven Adams;C;28;4;6;0;0;1;2;3;4;7;1;0;1;1;4;9;
Russell Westbrook;PG;36;8;16;2;4;4;6;1;2;3;11;3;0;4;3;22;
Andre Roberson;SG;15;2;2;2;2;0;0;0;1;1;2;1;0;0;2;6;
Perry Jones;;1;0;1;0;1;0;0;0;0;0;0;0;0;0;0;0;
Kendrick Perkins;;15;1;3;0;0;2;4;1;5;6;1;0;2;0;1;4;
Ish Smith;;1;0;0;0;0;0;0;0;0;0;0;0;0;0;0;0;
Reggie Jackson;;25;3;8;1;3;0;0;1;3;4;3;2;0;0;2;7;
Anthony Morrow;;17;0;4;0;2;0;0;1;0;1;0;0;0;1;1;0;
Jeremy Lamb;;1;1;1;1;1;0;0;0;0;0;0;0;0;0;0;3;
Dion Waiters;;26;3;8;0;1;2;2;0;1;1;1;3;1;1;1;8;
ATL
Paul Millsap;PF;33;9;17;2;3;2;2;2;8;10;3;2;2;4;0;22;
DeMarre Carroll;SF;32;5;7;3;5;0;0;1;3;4;3;0;0;0;3;13;
Al Horford;C;32;6;12;1;2;1;1;3;9;12;3;1;3;1;1;14;
Jeff Teague;PG;30;7;13;1;2;2;2;0;2;2;9;1;0;2;2;17;
Kyle Korver;SG;33;2;5;1;3;0;0;1;3;4;2;0;0;4;1;5;
Mike Scott;;12;1;5;0;0;0;0;1;0;1;0;1;0;1;0;2;
Pero Antic;;19;2;6;1;4;3;3;1;3;4;2;0;0;0;3;8;
Thabo Sefolosha;;16;2;2;0;0;0;0;0;4;4;0;0;0;2;1;4;
Dennis Schroder;;18;4;11;1;5;4;4;0;4;4;5;0;0;1;1;13;
Kent Bazemore;;16;2;5;0;1;1;1;1;1;2;0;1;0;1;1;5;
