11-15;ATL-CLE;94-127;
25-41;18-30;26-30;25-26;
ATL
Paul Millsap;PF;28;7;13;0;2;2;2;2;5;7;4;1;1;1;2;16;
Thabo Sefolosha;SF;21;4;10;0;3;2;2;1;4;5;2;2;1;1;0;10;
Al Horford;C;19;6;10;0;1;0;0;3;1;4;2;0;0;0;1;12;
Jeff Teague;PG;26;2;8;1;2;0;0;0;2;2;3;1;0;4;3;5;
Kyle Korver;SG;14;0;1;0;0;0;0;0;0;0;1;0;0;0;0;0;
Mike Scott;;13;2;8;0;3;1;1;0;0;0;0;0;0;1;2;5;
Mike Muscala;;22;5;8;1;1;2;3;3;1;4;0;0;4;1;1;13;
Pero Antic;;5;0;0;0;0;0;0;1;0;1;0;0;1;0;0;0;
Elton Brand;;9;2;3;0;0;1;2;0;2;2;2;1;1;1;0;5;
Shelvin Mack;;22;3;6;0;3;0;0;1;4;5;6;0;0;4;0;6;
Dennis Schroder;;15;2;5;0;2;2;2;0;3;3;4;0;0;2;1;6;
John Jenkins;;21;5;10;1;3;1;1;0;1;1;0;1;0;1;0;12;
Kent Bazemore;;26;2;8;0;2;0;0;0;3;3;2;0;0;2;2;4;
CLE
Kevin Love;PF;30;5;12;3;7;0;0;0;6;6;5;0;0;1;1;13;
LeBron James;SF;29;13;20;4;5;2;4;2;4;6;7;0;1;3;1;32;
Anderson Varejao;C;21;1;3;0;0;0;0;4;6;10;5;0;0;1;2;2;
Kyrie Irving;PG;27;6;9;4;7;4;4;0;3;3;5;3;0;0;1;20;
Shawn Marion;SG;24;5;7;1;1;0;0;0;1;1;1;0;0;1;1;11;
Lou Amundson;;9;1;3;0;0;0;0;1;1;2;1;0;0;0;0;2;
James Jones;;6;1;2;1;2;0;0;0;1;1;0;0;0;0;0;3;
Tristan Thompson;;24;6;8;0;0;3;3;2;5;7;1;2;1;1;1;15;
Brendan Haywood;;9;2;5;0;0;0;0;1;3;4;0;0;0;1;1;4;
Will Cherry;;10;1;4;1;2;1;2;1;0;1;2;2;0;1;0;4;
Dion Waiters;;27;4;11;1;2;0;0;1;0;1;8;4;0;1;0;9;
Joe Harris;;21;4;6;4;5;0;0;0;4;4;4;1;0;3;6;12;
Mike Miller;;2;0;0;0;0;0;0;0;1;1;0;0;0;0;0;0;
