11-03;BOS-DAL;113-118;
19-40;22-27;38-24;34-27;
BOS
Jared Sullinger;PF;32;6;15;0;2;2;2;7;0;7;4;0;2;1;2;14;
Jeff Green;SF;39;14;28;5;12;2;3;4;3;7;2;1;2;1;2;35;
Kelly Olynyk;C;22;2;4;1;3;0;0;2;2;4;2;1;0;3;5;5;
Rajon Rondo;PG;37;3;11;0;1;1;2;3;6;9;15;2;0;5;4;7;
Avery Bradley;PG;37;13;22;4;6;2;3;2;6;8;1;3;0;3;2;32;
Brandon Bass;;9;0;3;0;0;2;2;0;1;1;0;0;0;1;1;2;
Gerald Wallace;;3;0;0;0;0;0;0;0;0;0;0;0;0;0;0;0;
Tyler Zeller;;8;2;2;0;0;2;2;1;0;1;0;0;0;0;2;6;
Marcus Smart;;25;3;7;1;5;0;0;3;3;6;3;1;1;0;3;7;
Marcus Thornton;;12;0;4;0;0;1;2;0;2;2;0;1;1;1;0;1;
Evan Turner;;17;2;6;0;2;0;0;0;4;4;2;0;0;2;0;4;
DAL
Dirk Nowitzki;PF;30;9;14;4;4;5;6;1;6;7;4;0;0;1;3;27;
Chandler Parsons;SF;35;10;15;4;5;5;7;0;3;3;2;2;0;0;1;29;
Tyson Chandler;C;30;5;7;0;0;0;0;4;8;12;0;0;4;5;2;10;
Jameer Nelson;PG;23;2;7;2;6;0;0;0;2;2;2;0;0;5;3;6;
Monta Ellis;SG;35;6;15;0;0;2;2;0;0;0;6;0;2;3;1;14;
Brandan Wright;;18;2;2;0;0;2;3;1;5;6;0;1;2;0;2;6;
Jae Crowder;;3;0;0;0;0;0;0;0;0;0;1;0;0;0;1;0;
Al-Farouq Aminu;;10;2;3;1;2;0;0;0;1;1;0;0;1;0;1;5;
Richard Jefferson;;15;1;5;0;1;0;0;1;2;3;0;0;0;1;1;2;
J.J. Barea;;13;3;5;1;1;0;0;0;0;0;3;1;0;1;2;7;
Devin Harris;;30;4;9;2;6;2;2;0;2;2;6;1;0;1;0;12;
