12-15;CHI-ATL;86-93;
22-28;22-22;20-23;22-20;
CHI
Pau Gasol;PF;40;6;15;0;0;1;2;3;9;12;3;0;3;1;3;13;
Taj Gibson;PF;38;7;11;0;0;1;1;5;12;17;1;0;2;2;5;15;
Mike Dunleavy;SF;39;4;9;2;5;1;2;1;5;6;0;0;0;1;1;11;
Derrick Rose;PG;32;6;21;0;7;2;3;3;2;5;8;0;1;6;1;14;
Jimmy Butler;SG;38;8;17;3;5;3;3;3;6;9;2;2;0;2;1;22;
Nikola Mirotic;;18;1;7;0;4;1;2;0;6;6;1;0;0;0;4;3;
Aaron Brooks;;14;3;6;1;4;1;1;0;1;1;1;0;0;1;1;8;
Kirk Hinrich;;22;0;7;0;4;0;0;0;1;1;2;1;0;1;1;0;
ATL
Paul Millsap;PF;36;6;16;1;2;4;6;2;6;8;2;4;0;1;2;17;
DeMarre Carroll;SF;28;3;5;1;2;0;0;0;3;3;1;2;1;1;4;7;
Al Horford;C;33;10;19;0;1;1;2;1;9;10;6;2;0;5;1;21;
Jeff Teague;PG;35;5;12;0;2;2;2;0;3;3;7;1;1;2;1;12;
Kyle Korver;SG;35;4;9;4;8;0;0;1;3;4;4;0;2;0;1;12;
Elton Brand;;14;3;5;0;0;2;2;1;1;2;0;0;1;0;2;8;
Mike Scott;;13;2;5;1;3;0;0;0;2;2;1;0;0;0;0;5;
Thabo Sefolosha;;15;0;1;0;0;2;2;0;3;3;2;1;0;0;2;2;
Dennis Schroder;;13;2;6;0;1;0;0;0;1;1;2;0;0;0;1;4;
Kent Bazemore;;18;1;5;0;2;3;3;0;4;4;1;0;2;0;3;5;
