12-23;CHI-WSH;99-91;
21-20;25-20;24-25;29-26;
CHI
Pau Gasol;PF;34;7;13;1;1;3;3;0;9;9;4;1;2;0;1;18;
Mike Dunleavy;SF;22;0;2;0;2;0;0;0;3;3;1;0;0;2;1;0;
Joakim Noah;C;29;4;12;0;0;0;2;3;8;11;1;1;1;3;1;8;
Derrick Rose;PG;29;10;17;1;3;4;4;1;1;2;4;2;0;5;0;25;
Jimmy Butler;SG;38;4;13;1;4;2;4;1;5;6;2;0;0;0;2;11;
Nikola Mirotic;;14;2;5;1;3;2;4;0;5;5;0;0;2;0;1;7;
Taj Gibson;;19;5;5;0;0;2;2;2;5;7;1;0;2;0;3;12;
Tony Snell;;9;0;1;0;0;0;0;0;2;2;0;0;0;0;1;0;
Aaron Brooks;;26;5;13;0;3;3;5;0;4;4;6;1;0;0;3;13;
E'Twaun Moore;;20;2;4;1;1;0;0;1;2;3;1;0;0;0;1;5;
WSH
Kris Humphries;PF;21;4;9;0;0;0;0;1;3;4;2;1;0;0;1;8;
Paul Pierce;SF;29;4;10;2;4;2;5;0;5;5;1;0;1;0;3;12;
Marcin Gortat;C;38;5;15;0;0;4;4;4;7;11;1;1;3;1;2;14;
John Wall;PG;37;9;16;0;0;0;0;0;5;5;9;2;0;4;5;18;
Bradley Beal;SG;37;6;12;2;3;1;2;0;3;3;3;2;1;0;2;15;
Nene Hilario;;22;3;10;0;0;2;3;1;4;5;1;1;0;0;0;8;
Otto Porter Jr.;;8;1;1;0;0;0;0;0;1;1;0;0;0;1;0;2;
Rasual Butler;;25;1;7;1;2;1;1;0;4;4;1;0;0;0;2;4;
Kevin Seraphin;;10;1;3;0;0;0;1;0;1;1;1;0;0;1;2;2;
Andre Miller;;15;4;6;0;0;0;0;1;1;2;2;0;0;1;0;8;
