11-09;UTAH-DET;97-96;
27-21;25-31;22-27;23-17;
UTAH
Derrick Favors;PF;35;6;14;0;0;4;6;3;9;12;2;0;1;3;2;16;
Gordon Hayward;SF;39;5;13;2;6;5;6;0;4;4;4;3;0;4;1;17;
Enes Kanter;C;31;6;11;0;0;2;2;3;8;11;0;0;0;1;4;14;
Alec Burks;PG;36;6;13;0;1;2;4;0;3;3;4;0;0;1;1;14;
Trey Burke;PG;24;2;8;1;3;2;2;1;1;2;3;1;1;1;5;7;
Trevor Booker;;17;2;4;0;1;4;8;0;4;4;1;1;0;0;2;8;
Joe Ingles;;24;3;3;3;3;1;2;1;2;3;0;1;0;1;1;10;
Rudy Gobert;;13;1;2;0;0;0;0;0;1;1;1;0;0;0;0;2;
Dante Exum;;21;2;4;0;1;5;5;1;2;3;5;1;0;0;2;9;
DET
Greg Monroe;PF;32;8;18;0;0;3;5;3;8;11;2;1;0;1;3;19;
Josh Smith;SF;30;6;14;0;0;1;2;4;5;9;4;0;1;1;3;13;
Andre Drummond;C;31;5;11;0;0;1;2;7;11;18;0;1;1;3;2;11;
Brandon Jennings;PG;31;8;15;3;7;4;4;1;1;2;5;1;0;2;0;23;
Kentavious Caldwell-Pope;SG;34;3;13;3;9;2;4;0;1;1;1;0;0;0;3;11;
Jonas Jerebko;;15;3;6;0;1;2;2;2;0;2;0;0;0;1;2;8;
Caron Butler;;30;1;5;0;4;0;0;0;3;3;0;2;0;1;2;2;
Kyle Singler;;21;0;2;0;1;0;0;1;1;2;4;0;0;0;5;0;
D.J. Augustin;;17;2;9;0;1;5;6;0;3;3;3;1;0;2;2;9;
