04-11;PHI-CHI;107-114;
26-28;27-24;25-29;29-33;
PHI
Furkan Aldemir;PF;25;1;2;0;0;0;0;4;4;8;0;1;0;3;5;2;
Robert Covington;SF;37;8;19;1;9;5;5;0;3;3;5;1;0;2;3;22;
Jerami Grant;SF;33;3;10;2;8;5;7;1;5;6;3;0;1;5;3;13;
Jason Richardson;SG;25;7;13;4;8;1;2;0;4;4;2;1;0;1;4;19;
JaKarr Sampson;SG;28;7;13;1;5;3;4;3;4;7;4;0;0;2;2;18;
Thomas Robinson;;22;1;7;0;0;0;0;3;7;10;2;1;0;0;3;2;
Henry Sims;;13;3;5;0;0;0;0;2;2;4;0;1;2;0;5;6;
Glenn Robinson III;;25;3;7;1;4;3;4;1;2;3;1;0;0;2;3;10;
Hollis Thompson;;33;4;13;4;7;3;3;0;2;2;2;0;0;0;1;15;
CHI
Pau Gasol;PF;31;8;17;0;1;8;11;5;8;13;0;0;3;2;2;24;
Mike Dunleavy;SF;34;4;10;2;6;3;4;0;5;5;3;1;0;0;1;13;
Joakim Noah;C;30;1;3;0;0;0;0;2;5;7;1;1;1;2;3;2;
Derrick Rose;PG;28;8;19;1;5;5;7;0;6;6;8;3;0;0;0;22;
Jimmy Butler;SG;36;3;11;1;2;8;12;3;3;6;3;2;0;0;1;15;
Taj Gibson;;26;6;7;0;0;1;2;3;2;5;0;1;1;3;5;13;
Nikola Mirotic;;15;2;6;1;3;0;0;0;2;2;1;0;0;0;2;5;
Tony Snell;;13;4;5;3;4;0;0;0;3;3;1;0;0;1;2;11;
Aaron Brooks;;19;4;12;1;5;0;0;0;1;1;3;0;0;2;3;9;
E'Twaun Moore;;0;0;0;0;0;0;0;0;0;0;0;0;0;0;1;0;
Kirk Hinrich;;6;0;0;0;0;0;0;0;0;0;0;0;0;0;0;0;
