04-15;POR-DAL;98-114;
19-29;32-27;21-35;26-23;
POR
LaMarcus Aldridge;PF;30;8;24;1;3;2;3;3;5;8;0;1;1;2;1;19;
Alonzo Gee;SF;25;4;13;0;3;0;0;2;5;7;0;0;0;1;3;8;
Allen Crabbe;SF;32;4;13;0;4;0;1;1;4;5;3;3;0;0;5;8;
Robin Lopez;C;20;1;2;0;0;0;0;0;1;1;0;0;1;1;1;2;
Damian Lillard;PG;29;5;11;1;3;6;7;1;2;3;2;0;0;6;2;17;
Meyers Leonard;;26;3;7;0;3;1;1;2;7;9;0;0;1;1;3;7;
Joel Freeland;;23;4;7;0;0;2;2;2;3;5;0;2;1;0;3;10;
Tim Frazier;;30;4;6;1;2;4;4;1;3;4;10;0;0;5;3;13;
Steve Blake;;26;5;8;4;7;0;0;0;3;3;5;1;0;3;1;14;
DAL
Dirk Nowitzki;PF;27;5;14;2;6;4;4;0;5;5;0;1;0;2;2;16;
Richard Jefferson;SF;19;2;4;2;3;2;2;1;1;2;0;0;0;1;2;8;
Tyson Chandler;C;25;5;7;0;0;12;15;3;12;15;0;1;1;0;1;22;
Rajon Rondo;PG;24;4;7;0;1;1;2;1;1;2;7;2;0;4;0;9;
Monta Ellis;SG;28;7;13;0;1;1;2;0;4;4;2;2;0;4;3;15;
Charlie Villanueva;;13;3;8;2;4;0;0;1;3;4;0;0;2;1;0;8;
Dwight Powell;;4;0;0;0;0;0;0;0;0;0;0;0;0;0;0;0;
Al-Farouq Aminu;;33;2;4;1;2;2;2;1;8;9;3;0;1;1;2;7;
Bernard James;;5;1;2;0;0;1;1;2;1;3;0;0;0;0;1;3;
Amar'e Stoudemire;;18;5;12;0;0;3;4;2;4;6;1;0;1;0;3;13;
Raymond Felton;;22;4;9;1;5;1;2;1;2;3;4;2;0;0;1;10;
J.J. Barea;;22;1;6;1;3;0;0;0;1;1;1;1;0;1;2;3;
