01-11;WSH-ATL;89-120;
22-34;28-21;27-32;12-33;
WSH
Nene Hilario;PF;27;6;8;0;0;2;2;0;6;6;0;1;0;1;2;14;
Paul Pierce;SF;25;5;10;1;3;0;0;2;3;5;3;0;0;0;2;11;
Marcin Gortat;C;19;4;5;0;0;2;3;1;1;2;1;0;0;3;2;10;
John Wall;PG;37;6;11;0;1;3;3;1;2;3;8;2;2;8;1;15;
Bradley Beal;SG;34;4;12;2;5;2;2;1;4;5;4;0;1;2;1;12;
Kris Humphries;;13;1;4;0;0;1;1;0;2;2;0;1;1;0;2;3;
Drew Gooden;;5;0;3;0;2;0;0;1;0;1;0;0;0;0;1;0;
Otto Porter Jr.;;9;0;2;0;1;0;0;0;3;3;0;0;0;1;2;0;
Martell Webster;;13;1;3;0;2;1;3;0;1;1;0;0;0;0;1;3;
Rasual Butler;;22;3;7;2;6;0;0;0;3;3;3;1;0;1;0;8;
Kevin Seraphin;;24;6;9;0;0;1;1;0;6;6;4;0;3;3;2;13;
Andre Miller;;7;0;1;0;0;0;0;1;0;1;1;0;0;0;0;0;
Garrett Temple;;4;0;1;0;0;0;0;1;0;1;1;0;0;0;0;0;
ATL
Paul Millsap;PF;25;4;8;0;1;3;3;1;1;2;3;0;0;2;2;11;
DeMarre Carroll;SF;29;5;9;2;5;4;5;1;3;4;1;4;0;1;0;16;
Al Horford;C;30;6;12;1;1;2;3;2;4;6;3;1;2;0;3;15;
Jeff Teague;PG;28;4;12;1;5;2;2;1;1;2;10;4;1;0;0;11;
Kyle Korver;SG;32;6;8;5;7;2;3;0;3;3;4;1;0;2;2;19;
Mike Scott;;18;5;10;1;3;0;0;1;5;6;2;1;0;0;2;11;
Mike Muscala;;4;1;2;0;0;2;2;0;1;1;0;0;0;0;0;4;
Pero Antic;;19;3;6;3;5;3;4;2;3;5;2;0;0;0;2;12;
Thabo Sefolosha;;20;3;5;1;1;2;2;5;3;8;2;1;0;1;1;9;
Shelvin Mack;;4;0;1;0;0;0;0;0;0;0;2;0;0;0;0;0;
Dennis Schroder;;20;4;14;2;3;0;0;0;3;3;4;1;0;2;2;10;
Kent Bazemore;;12;1;2;0;0;0;0;0;2;2;1;1;0;0;1;2;
