12-17;ORL-BOS;92-109;
28-29;25-27;20-22;19-31;
ORL
Channing Frye;PF;27;4;9;3;6;2;2;1;4;5;0;2;0;0;3;13;
Tobias Harris;SF;35;5;9;0;2;7;8;0;4;4;2;3;0;3;3;17;
Nikola Vucevic;C;31;9;19;0;0;0;0;6;7;13;2;0;0;1;2;18;
Evan Fournier;SG;35;6;14;0;3;1;2;1;1;2;4;2;0;1;0;13;
Victor Oladipo;SG;32;3;12;1;2;0;0;1;2;3;3;1;0;2;0;7;
Andrew Nicholson;;2;0;1;0;0;0;0;0;0;0;0;0;0;0;0;0;
Kyle O'Quinn;;23;4;6;0;1;3;3;0;5;5;0;0;1;2;5;11;
Maurice Harkless;;13;1;3;1;3;0;0;0;2;2;1;0;0;0;1;3;
Elfrid Payton;;26;3;5;0;1;0;0;1;1;2;4;0;0;2;1;6;
Ben Gordon;;16;2;7;0;1;0;0;0;0;0;1;0;0;1;1;4;
BOS
Jared Sullinger;PF;24;7;13;2;3;0;0;1;2;3;1;0;1;0;3;16;
Jeff Green;SF;31;6;14;2;5;2;3;0;2;2;1;1;0;2;2;16;
Tyler Zeller;C;20;4;5;0;0;2;2;2;5;7;0;1;2;1;3;10;
Rajon Rondo;PG;33;6;12;1;3;0;0;1;6;7;15;2;0;6;1;13;
Avery Bradley;PG;33;2;6;0;1;0;0;0;5;5;1;1;1;1;2;4;
Brandon Bass;;22;6;10;0;0;6;6;1;1;2;0;0;0;0;0;18;
Gerald Wallace;;9;0;0;0;0;0;0;1;1;2;0;1;1;0;1;0;
Kelly Olynyk;;30;6;8;2;4;1;3;1;5;6;1;1;2;1;1;15;
Phil Pressey;;19;4;8;0;3;1;2;0;2;2;4;2;0;1;0;9;
Evan Turner;;18;3;4;0;0;2;2;0;6;6;2;0;1;2;3;8;
