04-03;DEN-SA;93-123;
25-45;22-22;23-33;23-23;
DEN
Kenneth Faried;PF;21;5;9;0;0;0;0;4;2;6;0;0;0;3;3;10;
Wilson Chandler;SF;28;3;8;0;1;1;2;1;2;3;2;0;1;1;3;7;
Danilo Gallinari;SF;30;8;12;1;2;3;3;0;3;3;1;2;0;1;1;20;
Ty Lawson;PG;24;3;10;0;1;1;2;0;1;1;7;0;1;3;0;7;
Randy Foye;SG;20;4;7;3;4;0;0;0;0;0;1;1;0;0;2;11;
J.J. Hickson;;24;2;7;0;0;0;0;2;4;6;2;0;0;3;0;4;
Jusuf Nurkic;;26;3;3;0;0;0;2;3;6;9;0;3;0;1;4;6;
Jameer Nelson;;16;6;10;1;4;1;1;1;2;3;1;0;1;2;2;14;
Erick Green;;10;0;5;0;0;0;0;0;1;1;2;0;0;0;1;0;
Will Barton;;26;2;9;0;3;0;0;0;2;2;1;2;0;3;1;4;
Ian Clark;;1;1;1;0;0;0;0;0;0;0;0;0;0;0;0;2;
Gary Harris;;14;3;6;1;2;1;1;0;0;0;0;0;0;1;1;8;
SA
Tim Duncan;PF;20;1;1;0;0;2;2;0;7;7;4;0;2;2;1;4;
Kawhi Leonard;SF;22;9;13;2;4;0;0;0;2;2;4;1;1;1;3;20;
Tiago Splitter;C;6;3;4;0;0;1;1;2;0;2;0;0;0;0;0;7;
Tony Parker;PG;25;2;4;0;0;0;0;0;0;0;9;1;0;1;1;4;
Danny Green;SG;20;7;9;6;6;1;1;0;1;1;1;1;1;2;1;21;
Jeff Ayres;;9;2;3;0;0;2;2;1;4;5;0;1;1;3;1;6;
Marco Belinelli;;21;5;12;4;10;0;0;2;4;6;0;0;0;1;2;14;
Aron Baynes;;19;6;8;0;0;6;6;2;2;4;0;1;2;1;2;18;
Matt Bonner;;22;1;3;1;3;0;0;1;3;4;1;0;0;0;1;3;
Boris Diaw;;26;5;11;1;4;2;2;1;3;4;2;1;1;2;0;13;
Patty Mills;;14;1;7;0;3;0;0;1;1;2;4;2;0;1;1;2;
Cory Joseph;;17;3;4;0;0;1;2;1;1;2;3;1;0;3;1;7;
Manu Ginobili;;19;2;6;0;4;0;1;3;3;6;5;2;0;1;1;4;
