11-15;ORL-WSH;93-98;
17-24;21-24;24-21;31-29;
ORL
Channing Frye;PF;42;5;9;4;6;0;0;0;7;7;2;1;0;3;4;14;
Tobias Harris;SF;36;8;11;1;2;2;2;1;7;8;1;1;0;1;4;19;
Nikola Vucevic;C;36;6;10;0;0;2;2;3;8;11;0;0;2;2;4;14;
Evan Fournier;SG;38;5;13;2;4;3;3;0;0;0;2;0;0;2;3;15;
Victor Oladipo;SG;32;7;18;0;3;4;7;2;5;7;7;1;0;3;3;18;
Aaron Gordon;;14;3;4;0;0;0;2;1;2;3;0;0;0;1;1;6;
Maurice Harkless;;6;0;0;0;0;0;0;0;1;1;0;0;0;1;0;0;
Elfrid Payton;;16;1;6;0;1;1;2;2;1;3;1;2;0;0;1;3;
Willie Green;;14;2;4;0;1;0;0;0;0;0;1;0;0;1;1;4;
Ben Gordon;;5;0;3;0;0;0;0;0;0;0;0;0;0;1;0;0;
WSH
Nene Hilario;PF;27;8;14;0;0;0;1;2;1;3;1;1;2;1;2;16;
Paul Pierce;SF;22;2;7;0;4;6;6;1;5;6;4;0;0;1;2;10;
Marcin Gortat;C;26;4;9;0;0;0;0;1;6;7;0;2;2;0;2;8;
John Wall;PG;33;6;17;1;2;2;3;1;4;5;10;0;1;3;2;15;
Garrett Temple;SG;23;0;3;0;1;1;2;0;3;3;4;1;1;0;3;1;
Kris Humphries;;26;8;12;0;0;0;0;3;3;6;0;0;1;1;3;16;
Otto Porter Jr.;;26;6;8;0;0;1;2;0;4;4;3;1;1;0;0;13;
Rasual Butler;;26;4;5;2;3;0;0;0;3;3;2;0;0;0;1;10;
Kevin Seraphin;;16;2;6;0;0;1;2;1;2;3;2;0;0;2;0;5;
Andre Miller;;15;2;3;0;0;0;0;0;0;0;5;0;0;3;1;4;
