04-04;BKN-ATL;99-131;
22-31;26-35;23-42;28-23;
BKN
Thaddeus Young;SF;22;7;13;0;1;0;0;6;2;8;0;1;0;3;1;14;
Joe Johnson;SF;20;1;5;1;2;1;2;0;2;2;3;0;0;1;2;4;
Brook Lopez;C;26;5;8;0;0;1;2;2;4;6;1;0;0;2;2;11;
Deron Williams;PG;25;3;8;2;4;2;2;0;4;4;5;0;0;2;2;10;
Markel Brown;SG;28;1;6;1;3;0;0;2;1;3;1;1;1;2;1;3;
Cory Jefferson;;14;3;5;0;2;1;2;1;2;3;0;1;1;1;2;7;
Earl Clark;;22;4;8;2;3;1;2;0;7;7;1;1;0;2;0;11;
Jerome Jordan;;8;0;1;0;0;2;2;0;2;2;0;0;0;0;1;2;
Mason Plumlee;;13;1;2;0;0;0;2;1;1;2;1;0;0;1;1;2;
Jarrett Jack;;20;5;9;1;2;3;3;0;1;1;6;2;0;4;0;14;
Darius Morris;;9;1;4;0;1;0;0;0;1;1;2;1;0;2;0;2;
Bojan Bogdanovic;;33;8;11;3;5;0;0;0;0;0;2;0;0;1;3;19;
ATL
Paul Millsap;PF;17;1;5;0;1;6;6;1;2;3;5;1;1;0;1;8;
DeMarre Carroll;SF;27;7;9;4;5;2;4;2;6;8;5;1;0;1;0;20;
Al Horford;C;21;10;13;0;1;0;1;0;2;2;3;3;1;0;1;20;
Jeff Teague;PG;24;8;12;1;2;0;0;1;2;3;8;2;0;3;3;17;
Kyle Korver;SG;22;3;6;3;5;1;1;0;2;2;3;1;0;0;0;10;
Elton Brand;;11;0;1;0;0;0;0;0;1;1;1;1;1;2;1;0;
Mike Scott;;10;1;3;0;1;0;0;0;2;2;2;1;0;1;1;2;
Mike Muscala;;19;2;2;1;1;2;2;0;0;0;2;0;0;0;2;7;
Pero Antic;;15;3;5;2;3;1;1;1;0;1;0;0;0;0;1;9;
Thabo Sefolosha;;23;4;9;2;4;2;2;1;3;4;3;2;0;2;1;12;
Shelvin Mack;;21;4;7;0;2;2;2;1;4;5;3;1;0;1;2;10;
John Jenkins;;11;2;6;1;5;0;0;0;2;2;0;2;0;1;0;5;
Kent Bazemore;;20;4;4;3;3;0;0;0;1;1;5;0;1;1;3;11;
