12-17;DAL-DET;117-106;
32-30;21-21;30-22;34-33;
DAL
Dirk Nowitzki;PF;31;5;10;2;4;6;6;0;10;10;2;1;0;1;1;18;
Chandler Parsons;SF;35;10;17;4;6;8;9;3;4;7;2;2;0;2;0;32;
Tyson Chandler;C;32;5;9;0;0;6;9;4;5;9;4;1;1;1;0;16;
Jameer Nelson;PG;26;0;4;0;2;0;0;0;3;3;0;0;0;1;1;0;
Monta Ellis;SG;35;11;20;1;2;2;4;0;2;2;8;1;0;3;3;25;
Brandan Wright;;20;4;5;0;0;2;3;1;4;5;0;0;3;0;3;10;
Jae Crowder;;14;1;3;0;2;0;0;1;0;1;0;1;0;1;1;2;
Al-Farouq Aminu;;5;1;3;0;0;1;2;0;0;0;1;0;0;0;1;3;
Richard Jefferson;;7;0;2;0;1;0;0;0;1;1;0;0;0;1;2;0;
J.J. Barea;;12;1;2;1;2;0;0;0;4;4;3;0;0;2;1;3;
Devin Harris;;22;2;4;2;3;2;2;0;3;3;9;3;0;2;2;8;
DET
Josh Smith;SF;19;3;4;0;0;1;2;0;2;2;4;3;1;1;4;7;
Kyle Singler;SF;20;3;6;3;5;0;0;0;2;2;4;0;0;1;4;9;
Andre Drummond;C;41;9;16;0;1;1;6;7;17;24;1;4;3;2;6;19;
Brandon Jennings;PG;24;5;14;1;5;2;2;1;2;3;7;0;0;2;1;13;
Kentavious Caldwell-Pope;SG;28;5;15;3;9;1;1;0;2;2;0;0;0;0;1;14;
Jonas Jerebko;;13;5;5;1;1;2;2;0;2;2;0;0;0;1;2;13;
Greg Monroe;;21;1;5;0;0;2;2;2;3;5;1;0;0;1;3;4;
Caron Butler;;28;3;9;2;6;0;0;0;0;0;3;1;0;0;1;8;
D.J. Augustin;;24;4;7;2;3;0;0;0;0;0;2;1;0;2;2;10;
Jodie Meeks;;20;2;8;1;3;4;4;0;2;2;0;0;0;1;3;9;
