02-28;TOR-NY;98-103;
15-22;32-28;24-25;27-28;
TOR
Amir Johnson;PF;20;4;8;0;2;0;0;4;3;7;1;1;0;1;4;8;
James Johnson;PF;33;6;11;0;2;2;3;1;6;7;2;0;3;3;4;14;
Jonas Valanciunas;C;28;6;8;0;0;4;6;1;7;8;0;1;0;0;6;16;
Greivis Vasquez;PG;34;5;13;4;9;0;0;2;1;3;6;0;0;3;4;14;
DeMar DeRozan;SG;40;3;15;0;0;7;8;0;3;3;2;3;0;0;3;13;
Patrick Patterson;;28;4;7;2;5;0;0;1;4;5;2;2;0;3;5;10;
Tyler Hansbrough;;9;0;1;0;0;1;2;1;2;3;0;0;0;0;0;1;
Terrence Ross;;16;0;2;0;1;0;0;0;2;2;0;0;0;1;1;0;
Louis Williams;;33;6;16;2;10;8;9;0;2;2;3;0;1;1;0;22;
NY
Lou Amundson;PF;24;3;6;0;0;3;6;0;3;3;3;0;3;1;4;9;
Cleanthony Early;SF;20;2;10;0;3;5;6;1;3;4;2;2;0;0;1;9;
Andrea Bargnani;C;31;6;12;1;2;6;7;1;2;3;1;0;0;3;1;19;
Langston Galloway;PG;26;2;5;2;3;0;0;3;5;8;1;2;0;1;2;6;
Tim Hardaway Jr.;SG;35;8;15;2;5;4;7;0;7;7;1;0;0;0;2;22;
Jason Smith;;20;1;4;0;1;0;0;0;5;5;3;1;0;1;1;2;
Lance Thomas;;26;3;8;0;0;2;2;3;2;5;3;0;1;1;0;8;
Cole Aldrich;;17;2;3;0;0;5;5;0;4;4;1;1;1;1;4;9;
Shane Larkin;;20;2;5;0;1;0;0;0;3;3;1;0;0;0;5;4;
Alexey Shved;;20;4;7;2;4;5;5;0;2;2;5;2;0;3;1;15;
