12-18;OKC-GS;109-114;
40-32;23-33;26-29;20-20;
OKC
Serge Ibaka;PF;34;5;8;2;2;0;0;3;3;6;2;1;3;4;3;12;
Kevin Durant;SF;19;10;13;5;6;5;7;0;2;2;2;0;1;2;1;30;
Steven Adams;C;14;3;4;0;0;0;1;1;4;5;0;0;0;1;1;6;
Russell Westbrook;PG;40;11;30;3;10;8;12;1;2;3;8;2;0;6;2;33;
Andre Roberson;SG;34;4;8;1;3;1;2;2;10;12;3;1;0;0;2;10;
Perry Jones;;19;2;7;0;3;0;0;0;5;5;0;0;0;0;1;4;
Kendrick Perkins;;16;1;2;0;0;0;0;0;1;1;1;0;0;1;2;2;
Reggie Jackson;;23;2;8;0;1;0;0;0;2;2;1;0;0;1;2;4;
Anthony Morrow;;27;2;4;0;0;0;0;1;2;3;0;1;0;0;1;4;
Jeremy Lamb;;14;1;2;0;0;2;2;0;4;4;0;0;0;0;0;4;
GS
Harrison Barnes;SF;34;5;11;2;4;0;0;2;5;7;1;2;0;0;3;12;
Draymond Green;SF;44;7;14;1;5;1;4;2;7;9;9;1;1;2;4;16;
Festus Ezeli;C;10;2;4;0;0;0;0;0;2;2;1;0;1;0;3;4;
Stephen Curry;PG;42;14;24;5;12;1;1;4;3;7;9;4;1;4;0;34;
Klay Thompson;SG;35;7;15;2;4;3;3;0;2;2;5;1;1;1;0;19;
Marreese Speights;;19;5;10;0;0;0;0;1;4;5;1;0;2;1;2;10;
Shaun Livingston;;19;6;9;0;1;0;0;1;1;2;1;0;0;0;0;12;
Justin Holiday;;7;0;1;0;1;0;0;0;1;1;0;0;0;0;2;0;
Andre Iguodala;;30;2;6;2;4;1;2;0;4;4;5;1;1;1;1;7;
