03-18;ATL-GS;95-114;
24-28;23-31;17-24;31-31;
ATL
Paul Millsap;PF;27;6;14;2;4;2;2;5;4;9;3;2;0;3;3;16;
DeMarre Carroll;SF;33;5;12;3;4;3;4;6;6;12;3;0;2;0;3;16;
Al Horford;C;32;4;18;0;1;0;0;2;4;6;3;2;1;1;0;8;
Jeff Teague;PG;23;4;8;0;1;4;6;0;0;0;2;3;0;6;3;12;
Kent Bazemore;SG;31;1;6;0;2;3;4;0;5;5;2;2;0;3;2;5;
Elton Brand;;6;0;0;0;0;0;0;0;0;0;0;0;0;0;0;0;
Mike Muscala;;6;2;3;0;0;1;1;0;2;2;1;0;0;0;0;5;
Pero Antic;;20;0;1;0;0;3;3;0;5;5;1;1;1;0;4;3;
Austin Daye;;6;1;2;1;1;0;0;1;1;2;1;0;0;0;1;3;
Shelvin Mack;;19;4;8;0;3;2;2;0;0;0;5;3;0;1;1;10;
Dennis Schroder;;22;1;12;1;5;5;6;1;0;1;2;0;0;1;3;8;
John Jenkins;;16;3;3;1;1;2;2;0;2;2;1;1;0;0;0;9;
GS
Harrison Barnes;SF;28;11;13;2;3;1;2;1;3;4;1;1;0;1;4;25;
Draymond Green;SF;29;6;11;5;7;1;4;1;6;7;3;1;0;2;3;18;
Andrew Bogut;C;22;0;3;0;0;0;0;4;10;14;1;0;3;4;3;0;
Stephen Curry;PG;30;4;11;2;6;6;6;1;3;4;12;0;0;4;1;16;
Justin Holiday;SG;25;1;6;0;3;3;4;1;2;3;5;1;1;1;2;5;
James Michael McAdoo;;5;0;3;0;0;0;0;2;2;4;0;0;1;1;2;0;
Festus Ezeli;;10;1;2;0;0;0;0;0;1;1;0;0;2;0;2;2;
Marreese Speights;;13;4;8;0;0;0;0;0;3;3;1;1;0;0;1;8;
Shaun Livingston;;21;3;3;0;0;0;2;0;1;1;7;0;0;3;0;6;
Leandro Barbosa;;28;5;12;3;6;0;0;0;1;1;3;1;0;1;3;13;
Andre Iguodala;;29;9;12;2;5;1;2;0;2;2;6;3;0;1;2;21;
