03-16;LAL-GS;105-108;
30-30;24-28;24-24;27-26;
LAL
Tarik Black;PF;18;1;3;0;0;2;2;1;4;5;1;0;0;0;2;4;
Wesley Johnson;SF;39;7;12;2;2;0;0;0;5;5;4;2;0;3;2;16;
Jordan Hill;C;30;6;14;1;1;2;2;1;11;12;5;3;0;1;3;15;
Jordan Clarkson;PG;25;7;13;1;2;2;2;2;4;6;3;2;0;3;2;17;
Wayne Ellington;SG;30;6;13;3;5;2;2;1;0;1;1;1;0;0;0;17;
Carlos Boozer;;24;5;12;0;0;0;0;4;5;9;2;1;0;2;4;10;
Ed Davis;;18;1;2;0;0;2;2;0;4;4;3;0;3;2;0;4;
Ryan Kelly;;13;1;4;0;1;0;0;0;2;2;0;0;0;0;2;2;
Jeremy Lin;;23;3;8;1;3;8;10;1;0;1;4;1;2;5;4;15;
Jabari Brown;;20;2;4;0;1;1;1;0;0;0;1;1;0;2;0;5;
GS
Harrison Barnes;SF;23;3;8;1;4;4;4;1;1;2;2;1;1;0;1;11;
Draymond Green;SF;34;7;14;1;5;1;1;1;7;8;3;5;1;3;5;16;
Andrew Bogut;C;31;4;6;0;0;0;0;2;5;7;3;1;1;2;3;8;
Stephen Curry;PG;33;5;14;2;6;7;7;0;4;4;9;3;0;6;2;19;
Klay Thompson;SG;35;10;22;3;9;3;3;0;3;3;1;0;1;0;3;26;
David Lee;;12;1;2;0;0;3;4;0;2;2;0;0;0;0;3;5;
James Michael McAdoo;;5;0;0;0;0;0;0;0;2;2;0;0;1;0;0;0;
Festus Ezeli;;8;2;3;0;0;2;2;2;1;3;0;0;1;0;0;6;
Shaun Livingston;;18;3;5;0;0;0;0;1;1;2;4;1;0;1;2;6;
Justin Holiday;;11;1;3;0;2;1;2;0;2;2;0;3;0;1;1;3;
Andre Iguodala;;31;4;7;0;1;0;0;0;2;2;6;2;1;1;1;8;
