12-23;MIN-CLE;104-125;
26-27;30-37;23-32;25-29;
MIN
Thaddeus Young;SF;32;6;18;0;0;1;2;4;2;6;2;3;2;2;1;13;
Shabazz Muhammad;SF;33;7;17;0;2;4;6;5;1;6;2;1;1;1;3;18;
Andrew Wiggins;SF;37;9;16;3;3;6;8;1;1;2;2;1;1;3;1;27;
Gorgui Dieng;C;36;6;10;0;0;8;8;3;8;11;2;3;4;2;3;20;
Zach LaVine;PG;26;3;6;0;1;0;1;0;1;1;6;4;0;3;4;6;
Anthony Bennett;;12;0;4;0;0;0;0;1;2;3;1;0;0;2;5;0;
Chase Budinger;;18;2;4;1;2;2;2;0;5;5;1;0;0;2;4;7;
Jeff Adrien;;12;1;2;0;0;0;0;2;1;3;1;0;0;0;2;2;
Robbie Hummel;;5;2;2;0;0;0;0;0;1;1;1;0;0;0;0;4;
Mo Williams;;22;3;8;0;4;0;0;0;2;2;7;1;1;2;0;6;
Glenn Robinson III;;4;0;0;0;0;1;2;0;0;0;0;0;0;1;0;1;
Troy Daniels;;5;0;1;0;1;0;0;0;0;0;0;0;0;0;0;0;
CLE
Kevin Love;PF;36;5;11;1;2;9;11;3;7;10;4;0;0;2;2;20;
LeBron James;SF;35;8;16;4;7;4;5;0;4;4;3;1;3;2;3;24;
Anderson Varejao;C;17;3;5;0;0;0;0;4;2;6;1;1;0;0;2;6;
Kyrie Irving;PG;37;12;19;2;4;3;3;0;0;0;4;3;0;6;4;29;
Mike Miller;SG;8;0;1;0;1;0;0;0;0;0;1;0;0;0;3;0;
James Jones;;4;1;2;1;2;0;0;0;1;1;2;0;0;0;0;3;
Tristan Thompson;;27;2;4;0;0;1;2;3;6;9;0;1;0;1;0;5;
Brendan Haywood;;4;1;1;0;0;0;0;0;0;0;0;0;0;1;1;2;
A.J. Price;;3;0;0;0;0;0;0;0;1;1;0;0;0;0;0;0;
Shawn Marion;;26;5;7;0;0;1;2;1;3;4;2;1;3;0;2;11;
Dion Waiters;;27;5;12;2;4;7;8;0;2;2;4;3;0;4;2;19;
Matthew Dellavedova;;13;1;5;1;3;0;0;1;0;1;3;1;0;1;3;3;
Joe Harris;;3;1;1;1;1;0;0;0;0;0;0;0;0;0;1;3;
