01-07;LAL-LAC;89-114;
24-34;24-36;15-29;26-15;
LAL
Ed Davis;PF;23;2;6;0;0;0;2;2;1;3;0;0;1;0;1;4;
Jordan Hill;C;23;6;8;0;0;1;2;2;3;5;3;1;0;0;2;13;
Jeremy Lin;PG;26;5;9;2;4;0;0;0;2;2;3;0;0;3;4;12;
Kobe Bryant;SG;28;2;12;0;3;0;0;0;8;8;7;1;0;6;1;4;
Wayne Ellington;SG;40;4;10;2;6;3;4;0;3;3;3;0;0;0;3;13;
Ryan Kelly;;12;1;1;0;0;1;2;1;5;6;0;0;0;0;2;3;
Tarik Black;;12;2;4;0;0;1;3;0;3;3;0;0;0;0;0;5;
Carlos Boozer;;15;5;8;0;0;0;0;0;3;3;1;0;0;0;3;10;
Nick Young;;30;4;15;1;6;2;2;1;4;5;2;1;0;2;0;11;
Robert Sacre;;10;0;2;0;0;0;0;2;2;4;0;0;0;1;3;0;
Jordan Clarkson;;20;6;10;0;1;2;2;1;3;4;2;0;0;0;1;14;
LAC
Blake Griffin;PF;31;9;13;0;0;9;13;1;8;9;8;3;0;0;1;27;
Matt Barnes;SF;30;6;12;5;10;2;2;0;3;3;1;0;1;1;1;19;
DeAndre Jordan;C;30;4;7;0;0;2;4;5;8;13;0;1;3;1;2;10;
Chris Paul;PG;31;9;15;4;6;2;2;0;2;2;11;3;0;1;2;24;
J.J. Redick;SG;27;3;8;1;4;3;3;2;2;4;2;0;0;0;0;10;
Glen Davis;;16;2;5;0;1;0;0;0;1;1;0;0;0;1;4;4;
Spencer Hawes;;13;2;6;1;4;2;4;0;6;6;2;1;0;0;2;7;
Ekpe Udoh;;6;0;1;0;0;0;0;0;0;0;1;0;0;0;0;0;
Jordan Farmar;;17;2;4;1;2;0;0;0;0;0;1;1;0;1;2;5;
C.J. Wilcox;;6;1;4;0;1;0;0;0;0;0;0;0;0;0;0;2;
Reggie Bullock;;16;1;4;0;2;0;0;0;1;1;0;0;0;0;1;2;
Jamal Crawford;;18;1;6;0;3;2;2;0;3;3;3;0;1;1;1;4;
