03-18;ORL-DAL;102-107;
23-31;25-34;22-21;32-21;
ORL
Channing Frye;PF;23;4;8;3;5;0;0;1;0;1;2;2;1;0;1;11;
Maurice Harkless;SF;36;8;15;2;5;0;0;3;3;6;1;4;0;2;2;18;
Nikola Vucevic;C;27;4;9;0;0;4;4;3;6;9;1;1;1;2;3;12;
Elfrid Payton;PG;41;6;10;1;2;2;2;1;9;10;12;2;0;3;3;15;
Victor Oladipo;SG;37;7;20;0;6;5;6;0;4;4;6;2;1;5;4;19;
Aaron Gordon;;15;2;5;0;2;2;2;1;5;6;0;0;1;0;3;6;
Andrew Nicholson;;7;2;5;1;2;0;0;0;0;0;0;0;0;0;3;5;
Kyle O'Quinn;;21;3;5;1;1;0;0;2;0;2;2;0;0;2;4;7;
Luke Ridnour;;19;2;4;0;2;0;0;0;2;2;3;1;1;1;0;4;
Ben Gordon;;14;2;6;1;3;0;0;0;1;1;1;0;0;3;1;5;
DAL
Dirk Nowitzki;PF;31;9;15;5;6;2;2;1;7;8;2;0;0;1;2;25;
Chandler Parsons;SF;27;3;8;2;6;0;0;0;4;4;3;0;0;1;2;8;
Tyson Chandler;C;30;1;2;0;0;1;2;2;6;8;0;0;4;4;0;3;
Rajon Rondo;PG;29;4;7;0;1;1;2;1;5;6;11;1;0;8;3;9;
Monta Ellis;SG;36;9;17;1;5;2;4;0;2;2;4;2;2;2;2;21;
Charlie Villanueva;;9;4;7;2;4;0;0;0;0;0;0;0;0;0;1;10;
Al-Farouq Aminu;;24;1;4;0;2;5;6;4;4;8;1;1;0;1;3;7;
Richard Jefferson;;0;0;0;0;0;0;0;0;0;0;0;0;0;0;0;0;
Amar'e Stoudemire;;16;3;8;0;0;2;4;0;1;1;0;0;0;0;0;8;
J.J. Barea;;16;2;4;0;1;0;0;0;0;0;2;2;0;2;1;4;
Devin Harris;;22;3;8;3;6;3;4;0;3;3;5;1;0;1;2;12;
