01-16;MEM-ORL;106-96;
27-28;21-21;33-25;25-22;
MEM
Zach Randolph;PF;35;6;15;0;0;6;7;5;7;12;3;0;0;1;0;18;
Tony Allen;SF;31;6;10;1;1;4;5;2;3;5;1;2;1;3;3;17;
Marc Gasol;C;37;5;11;0;0;2;3;1;15;16;8;3;2;3;3;12;
Beno Udrih;PG;29;6;12;1;3;2;2;0;1;1;5;0;1;1;4;15;
Courtney Lee;SG;34;6;14;1;6;3;4;0;2;2;1;1;0;0;1;16;
Jeff Green;;31;8;18;0;3;5;5;1;4;5;2;0;1;2;2;21;
Kosta Koufos;;16;2;2;0;0;1;2;0;3;3;1;1;0;0;3;5;
Nick Calathes;;19;1;5;0;1;0;1;0;2;2;6;1;0;1;1;2;
Vince Carter;;7;0;0;0;0;0;0;0;1;1;0;0;0;0;2;0;
ORL
Channing Frye;PF;38;5;12;4;9;3;3;0;8;8;2;0;3;1;2;17;
Devyn Marble;SF;32;3;7;1;4;1;4;2;2;4;2;0;0;2;1;8;
Nikola Vucevic;C;39;8;13;0;0;2;2;1;8;9;0;0;0;3;3;18;
Elfrid Payton;PG;39;9;16;0;1;4;5;1;3;4;12;2;0;4;4;22;
Victor Oladipo;SG;38;7;17;2;6;0;0;1;3;4;4;1;1;2;3;16;
Kyle O'Quinn;;13;2;4;0;1;2;2;0;8;8;1;0;0;1;4;6;
Maurice Harkless;;5;0;0;0;0;1;2;0;0;0;1;2;0;1;2;1;
Luke Ridnour;;9;1;3;1;2;0;0;0;1;1;0;0;0;0;1;3;
Ben Gordon;;15;0;5;0;0;2;2;0;1;1;0;0;0;1;0;2;
Evan Fournier;;12;1;2;1;1;0;0;0;0;0;0;0;0;0;2;3;
