12-17;IND-LAC;100-102;
27-30;24-22;21-26;28-24;
IND
David West;PF;31;8;15;0;0;1;2;3;7;10;1;2;0;0;5;17;
Solomon Hill;SF;33;2;8;2;5;4;4;1;2;3;6;1;0;2;3;10;
Roy Hibbert;C;16;3;10;0;0;1;2;2;1;3;1;0;0;0;4;7;
Rodney Stuckey;PG;27;6;12;0;1;0;2;0;2;2;2;1;0;1;5;12;
C.J. Watson;PG;29;3;9;0;3;6;7;0;0;0;4;0;0;5;3;12;
Lavoy Allen;;31;6;11;0;0;0;0;8;6;14;2;0;3;1;1;12;
Luis Scola;;17;5;7;0;1;0;0;0;8;8;3;0;1;1;3;10;
Damjan Rudez;;1;0;1;0;1;0;0;0;0;0;0;0;0;0;3;0;
Donald Sloan;;20;1;3;0;0;1;1;0;0;0;5;1;0;2;0;3;
C.J. Miles;;35;6;14;2;8;3;5;0;3;3;3;1;0;0;3;17;
LAC
Blake Griffin;PF;40;11;27;0;2;9;13;6;10;16;5;1;0;4;2;31;
Matt Barnes;SF;31;1;3;0;2;1;2;0;2;2;4;0;1;2;3;3;
DeAndre Jordan;C;44;4;8;0;0;7;15;8;15;23;0;0;2;1;3;15;
Chris Paul;PG;38;7;14;1;3;5;6;0;6;6;9;5;0;1;2;20;
J.J. Redick;SG;34;4;10;3;8;5;7;0;0;0;2;0;0;1;1;16;
Glen Davis;;11;1;3;0;0;0;0;0;3;3;0;0;1;0;0;2;
Jordan Farmar;;12;2;5;1;2;0;0;0;0;0;0;0;0;1;1;5;
Chris Douglas-Roberts;;10;0;1;0;0;0;0;0;0;0;0;0;0;0;1;0;
Jamal Crawford;;20;4;7;1;1;1;2;0;1;1;0;1;0;2;2;10;
