11-28;LAC-HOU;102-85;
26-24;30-20;29-28;17-13;
LAC
Blake Griffin;PF;31;11;20;0;0;8;8;2;8;10;1;0;0;2;3;30;
Matt Barnes;SF;20;1;2;0;1;0;0;1;4;5;4;0;1;0;3;2;
DeAndre Jordan;C;33;3;7;0;0;1;3;2;11;13;0;0;3;1;4;7;
Chris Paul;PG;33;3;7;1;2;3;3;0;1;1;7;5;0;0;2;10;
J.J. Redick;SG;24;6;13;3;9;0;0;0;0;0;1;0;0;4;0;15;
Glen Davis;;10;1;5;0;0;0;0;1;1;2;0;0;0;0;2;2;
Spencer Hawes;;18;3;7;1;2;0;0;1;7;8;2;1;0;0;3;7;
Ekpe Udoh;;3;0;0;0;0;0;0;1;0;1;0;0;0;0;0;0;
Hedo Turkoglu;;13;0;0;0;0;0;0;0;2;2;2;0;0;0;0;0;
Jordan Farmar;;15;2;6;0;3;0;0;0;1;1;1;0;0;1;1;4;
Jared Cunningham;;5;0;1;0;0;1;4;0;1;1;2;0;0;2;0;1;
Reggie Bullock;;5;1;1;0;0;1;1;0;1;1;0;0;0;0;0;3;
Jamal Crawford;;30;7;12;4;8;3;3;0;0;0;3;2;0;0;0;21;
HOU
Donatas Motiejunas;PF;26;3;9;0;2;0;2;3;4;7;2;0;0;2;3;6;
Tarik Black;PF;27;4;7;0;1;3;4;2;7;9;0;1;1;1;2;11;
Trevor Ariza;SF;38;5;13;3;7;0;0;0;6;6;3;0;1;1;2;13;
Isaiah Canaan;PG;15;4;8;3;6;2;3;0;2;2;0;0;0;0;1;13;
James Harden;SG;38;5;12;0;4;6;6;0;4;4;6;2;2;5;3;16;
Kostas Papanikolaou;;23;1;5;0;2;0;0;0;2;2;4;0;0;3;3;2;
Joey Dorsey;;16;2;4;0;0;0;0;3;4;7;0;0;1;2;3;4;
Nick Johnson;;6;3;5;2;2;0;0;0;0;0;0;2;0;0;1;8;
Troy Daniels;;10;1;5;0;4;0;0;0;1;1;0;0;0;0;1;2;
Francisco Garcia;;20;3;8;2;6;0;0;0;1;1;0;0;0;0;5;8;
Jason Terry;;22;1;6;0;3;0;0;0;1;1;2;2;1;0;3;2;
