12-05;HOU-MIN;114-112;
33-24;22-33;28-17;22-31;9-7;
HOU
Donatas Motiejunas;PF;40;4;8;0;0;5;6;0;8;8;0;0;0;4;1;13;
Tarik Black;PF;17;2;3;0;0;2;4;0;4;4;1;0;0;3;3;6;
Trevor Ariza;SF;44;6;15;5;12;0;0;1;8;9;1;1;0;3;3;17;
Jason Terry;SG;43;7;16;3;8;2;3;0;4;4;6;1;0;0;2;19;
James Harden;SG;37;11;17;3;5;13;14;0;4;4;6;0;0;8;6;38;
Kostas Papanikolaou;;26;5;6;0;1;0;0;3;1;4;1;0;1;0;4;10;
Clint Capela;;0;0;0;0;0;0;0;0;0;0;0;0;0;0;0;0;
Joey Dorsey;;14;0;2;0;0;0;0;3;4;7;1;0;2;1;4;0;
Nick Johnson;;22;1;5;0;2;4;4;0;2;2;0;1;0;0;2;6;
Francisco Garcia;;22;2;6;1;4;0;0;0;0;0;3;0;0;3;3;5;
MIN
Thaddeus Young;SF;39;9;20;0;2;1;4;2;3;5;1;2;0;1;3;19;
Andrew Wiggins;SF;29;5;12;0;2;1;3;1;2;3;3;1;0;1;5;11;
Gorgui Dieng;C;31;6;9;0;0;3;3;3;3;6;2;3;0;2;6;15;
Zach LaVine;PG;35;6;12;1;2;4;5;0;6;6;4;0;0;2;4;17;
Corey Brewer;SG;40;5;12;1;1;4;4;2;5;7;6;2;3;3;3;15;
Anthony Bennett;;20;1;5;0;0;1;2;1;4;5;1;1;0;1;2;3;
Shabazz Muhammad;;27;8;15;0;1;4;5;2;2;4;1;0;0;0;2;20;
Chase Budinger;;28;4;9;1;2;1;1;2;2;4;3;2;0;4;0;10;
Jeff Adrien;;16;1;3;0;0;0;0;1;2;3;2;1;2;0;1;2;
