02-06;GS-ATL;116-124;
25-21;27-31;33-37;31-35;
GS
Harrison Barnes;SF;30;6;12;0;3;0;0;1;2;3;2;1;0;1;5;12;
Draymond Green;SF;35;6;14;0;2;0;2;10;10;20;6;1;0;2;5;12;
Andrew Bogut;C;22;2;4;0;0;1;2;1;6;7;1;0;3;4;2;5;
Stephen Curry;PG;36;8;19;4;9;6;7;0;2;2;9;2;2;1;3;26;
Klay Thompson;SG;36;11;20;4;8;3;4;0;4;4;5;2;1;3;2;29;
David Lee;;13;2;4;0;0;0;0;3;1;4;1;0;0;1;3;4;
James Michael McAdoo;;0;0;0;0;0;0;0;0;0;0;0;0;0;0;0;0;
Marreese Speights;;13;3;8;0;1;0;0;0;5;5;0;0;0;1;3;6;
Shaun Livingston;;12;3;4;0;0;0;0;3;1;4;3;0;0;1;0;6;
Leandro Barbosa;;12;3;10;2;4;0;0;0;1;1;1;0;0;0;0;8;
Andre Iguodala;;30;3;8;2;6;0;0;1;0;1;3;1;1;0;1;8;
ATL
Paul Millsap;PF;34;6;10;0;2;9;12;2;2;4;3;3;1;2;3;21;
DeMarre Carroll;SF;33;4;6;1;3;3;4;0;3;3;2;2;0;0;2;12;
Al Horford;C;28;4;10;0;1;4;4;1;13;14;6;1;0;3;5;12;
Jeff Teague;PG;32;5;15;2;4;11;11;1;2;3;7;3;2;2;0;23;
Kyle Korver;SG;34;6;10;5;9;0;0;0;7;7;2;2;1;1;2;17;
Mike Scott;;17;5;7;3;3;4;4;0;2;2;0;0;0;1;0;17;
Pero Antic;;17;0;4;0;1;2;2;0;0;0;0;0;0;3;2;2;
Dennis Schroder;;18;4;9;1;1;0;0;0;0;0;7;1;0;1;2;9;
Kent Bazemore;;27;4;6;3;3;0;0;0;5;5;1;1;0;0;3;11;
