11-06;DAL-POR;87-108;
24-20;26-26;18-35;19-27;
DAL
Dirk Nowitzki;PF;27;6;17;2;7;3;3;0;3;3;1;0;0;2;3;17;
Chandler Parsons;SF;28;5;13;0;3;1;1;0;4;4;1;0;0;1;0;11;
Tyson Chandler;C;29;0;2;0;0;4;4;1;2;3;2;0;3;1;1;4;
Jameer Nelson;PG;25;2;9;2;5;0;0;1;3;4;1;0;0;1;1;6;
Monta Ellis;SG;27;6;13;0;1;2;2;0;3;3;1;1;0;2;4;14;
Greg Smith;;7;1;1;0;0;0;0;0;0;0;0;0;0;0;0;2;
Charlie Villanueva;;7;1;2;0;1;0;0;0;1;1;0;0;0;0;2;2;
Brandan Wright;;12;3;5;0;0;0;0;2;1;3;1;0;0;0;1;6;
Jae Crowder;;7;0;2;0;0;0;0;0;1;1;1;0;0;0;1;0;
Al-Farouq Aminu;;16;3;6;1;1;0;0;2;3;5;0;2;1;0;1;7;
Richard Jefferson;;11;1;5;0;1;1;1;1;1;2;0;0;0;0;1;3;
J.J. Barea;;16;3;8;0;2;2;2;0;2;2;2;2;0;0;0;8;
Devin Harris;;27;2;7;0;2;3;3;1;2;3;4;1;0;0;2;7;
POR
LaMarcus Aldridge;PF;30;10;16;0;1;0;1;2;5;7;0;0;0;1;2;20;
Nicolas Batum;SF;29;2;8;2;6;2;2;2;7;9;9;0;1;2;2;8;
Robin Lopez;C;24;3;6;0;0;2;2;4;4;8;0;0;3;2;3;8;
Damian Lillard;PG;32;6;13;1;6;5;5;0;5;5;6;1;0;5;1;18;
Wesley Matthews;SG;25;3;6;2;5;4;4;0;4;4;0;1;0;2;1;12;
Thomas Robinson;;13;1;2;0;0;1;2;1;3;4;0;1;0;2;3;3;
Dorell Wright;;6;1;3;1;2;0;0;1;2;3;1;0;0;0;2;3;
Meyers Leonard;;6;1;1;1;1;0;0;0;3;3;0;0;0;0;0;3;
Joel Freeland;;4;0;0;0;0;0;0;1;0;1;0;0;0;0;1;0;
Chris Kaman;;18;6;6;0;0;0;1;1;4;5;0;0;1;1;2;12;
Steve Blake;;20;3;5;2;4;0;0;0;2;2;3;0;0;0;1;8;
C.J. McCollum;;21;4;8;3;4;2;2;0;2;2;3;0;1;0;3;13;
Will Barton;;11;0;3;0;1;0;0;0;0;0;3;0;0;2;0;0;
