12-20;POR-NO;114-88;
32-17;30-27;32-18;20-26;
POR
LaMarcus Aldridge;PF;29;12;20;0;1;3;3;2;10;12;2;3;2;1;1;27;
Nicolas Batum;SF;30;5;8;0;2;1;2;1;2;3;5;3;0;0;1;11;
Joel Freeland;C;16;1;2;0;0;0;0;1;1;2;0;0;1;0;6;2;
Damian Lillard;PG;28;6;12;3;6;2;2;0;3;3;7;1;0;1;2;17;
Wesley Matthews;SG;22;3;8;3;8;0;0;0;2;2;0;1;0;3;0;9;
Thomas Robinson;;19;6;8;0;0;0;2;2;2;4;0;0;0;2;5;12;
Allen Crabbe;;15;1;3;1;1;0;0;0;2;2;4;0;0;0;1;3;
Meyers Leonard;;10;2;4;1;3;2;2;0;2;2;0;0;0;0;3;7;
Chris Kaman;;22;8;10;0;0;0;3;1;5;6;0;1;0;2;3;16;
Steve Blake;;25;1;4;1;2;0;0;3;1;4;5;2;0;2;2;3;
C.J. McCollum;;12;1;5;0;0;0;0;0;3;3;1;0;0;2;1;2;
Will Barton;;12;2;6;0;2;1;1;0;2;2;1;0;0;0;0;5;
NO
Anthony Davis;PF;28;3;14;0;0;1;1;3;3;6;0;1;5;1;1;7;
Luke Babbitt;SF;19;1;1;1;1;2;2;0;3;3;0;0;0;0;0;5;
Omer Asik;C;20;2;5;0;0;0;0;4;3;7;0;0;0;2;1;4;
Jrue Holiday;PG;28;3;12;0;2;0;0;3;2;5;7;1;1;4;2;6;
Tyreke Evans;SG;23;2;11;0;2;2;4;2;2;4;2;1;0;3;1;6;
Dante Cunningham;;15;2;3;0;0;0;0;0;0;0;0;1;0;0;1;4;
Ryan Anderson;;26;6;11;1;5;3;3;3;2;5;3;0;0;1;1;16;
Jeff Withey;;8;0;2;0;0;2;2;1;0;1;0;0;0;0;0;2;
Alexis Ajinca;;15;4;7;0;0;2;2;4;9;13;0;1;0;2;1;10;
Russ Smith;;15;2;7;1;4;0;0;0;2;2;0;0;0;3;1;5;
Jimmer Fredette;;11;0;3;0;0;2;2;0;0;0;0;1;0;0;1;2;
Austin Rivers;;33;5;9;0;1;11;12;0;2;2;3;1;0;0;1;21;
