02-08;LAC-OKC;108-131;
26-28;30-38;19-35;33-30;
LAC
Spencer Hawes;PF;35;7;16;2;5;1;2;1;0;1;0;0;1;2;4;17;
Matt Barnes;SF;32;6;12;3;6;0;0;1;1;2;3;2;0;2;2;15;
DeAndre Jordan;C;35;3;6;0;0;2;4;4;6;10;2;1;1;0;4;8;
Chris Paul;PG;36;7;13;0;4;4;4;2;4;6;13;3;0;1;3;18;
Austin Rivers;SG;26;4;9;1;4;0;0;0;1;1;1;2;0;2;4;9;
Glen Davis;;6;0;2;0;0;0;0;0;1;1;0;0;0;0;0;0;
Ekpe Udoh;;9;1;2;0;0;0;1;0;3;3;0;1;0;1;0;2;
Hedo Turkoglu;;11;2;6;2;5;0;0;0;2;2;3;0;0;2;3;6;
C.J. Wilcox;;9;4;4;1;1;1;1;0;0;0;1;0;0;2;1;10;
Dahntay Jones;;7;0;0;0;0;2;2;0;0;0;1;0;0;0;2;2;
Jamal Crawford;;34;8;20;3;7;2;3;0;3;3;4;0;0;1;3;21;
OKC
Serge Ibaka;PF;30;3;11;1;5;6;7;2;3;5;1;1;2;0;1;13;
Kevin Durant;SF;29;10;15;2;3;7;7;2;3;5;6;0;0;2;3;29;
Steven Adams;C;12;2;3;0;0;1;3;1;1;2;1;0;2;0;0;5;
Russell Westbrook;PG;32;6;19;1;4;6;6;2;9;11;5;1;0;5;2;19;
Andre Roberson;SG;23;1;3;0;0;1;2;2;5;7;0;2;1;0;3;3;
Mitch McGary;;23;8;9;0;0;3;4;5;5;10;0;1;0;2;3;19;
Nick Collison;;19;2;4;0;0;0;0;2;2;4;1;0;1;0;2;4;
Perry Jones;;9;1;3;0;1;0;0;0;2;2;1;1;0;0;1;2;
Ish Smith;;6;0;2;0;0;0;0;0;0;0;2;1;0;0;0;0;
Reggie Jackson;;24;6;6;1;1;2;3;0;3;3;6;0;0;0;3;15;
Jeremy Lamb;;9;2;3;2;3;0;0;0;2;2;0;0;0;0;1;6;
Dion Waiters;;24;5;10;1;3;5;6;0;3;3;3;1;0;2;2;16;
