04-04;PHI-CHA;91-92;
16-19;35-30;18-23;22-20;
PHI
Furkan Aldemir;PF;29;2;4;0;0;4;6;2;4;6;2;0;2;0;4;8;
Robert Covington;SF;30;4;10;3;6;4;4;1;5;6;1;1;0;3;3;15;
Jerami Grant;SF;29;3;7;2;3;2;4;0;4;4;2;2;6;2;4;10;
Nerlens Noel;C;11;1;2;0;0;0;0;1;1;2;0;1;1;2;0;2;
Ish Smith;PG;33;6;20;1;5;2;4;2;7;9;5;0;1;3;2;15;
Luc Richard Mbah a Moute;;31;1;7;1;3;5;8;2;3;5;0;0;1;2;2;8;
Henry Sims;;17;1;5;0;1;2;2;2;0;2;0;0;2;1;4;4;
JaKarr Sampson;;17;4;6;0;1;0;0;0;1;1;2;0;0;0;2;8;
Glenn Robinson III;;19;3;7;1;2;0;0;1;2;3;1;0;1;2;1;7;
Hollis Thompson;;24;3;8;3;5;5;5;0;2;2;0;0;0;0;2;14;
CHA
Marvin Williams;PF;34;3;7;0;2;5;6;1;6;7;0;1;0;1;3;11;
Jeff Taylor;SF;26;2;4;0;0;3;3;3;1;4;3;1;0;1;0;7;
Bismack Biyombo;C;32;3;4;0;0;3;4;3;6;9;0;0;3;1;3;9;
Kemba Walker;PG;34;11;21;0;1;2;2;0;5;5;2;0;0;2;0;24;
Gerald Henderson;SG;30;3;12;1;1;0;0;0;3;3;2;1;0;0;3;7;
Noah Vonleh;;14;3;6;0;0;0;0;3;3;6;1;1;0;0;3;6;
Jason Maxiell;;16;2;2;0;0;0;0;1;5;6;0;0;1;1;2;4;
Mo Williams;;31;5;17;0;6;8;8;0;1;1;5;0;1;3;3;18;
P.J. Hairston;;17;3;10;0;3;0;0;2;1;3;0;1;0;0;1;6;
Lance Stephenson;;7;0;3;0;0;0;0;0;0;0;0;0;0;2;2;0;
