01-14;MIA-GS;89-104;
18-26;20-29;25-26;26-23;
MIA
Luol Deng;SF;34;6;11;2;4;5;8;3;4;7;1;0;0;1;1;19;
Chris Bosh;C;33;8;18;2;4;8;8;2;5;7;1;0;0;3;2;26;
Hassan Whiteside;C;29;5;10;0;0;0;0;3;9;12;0;0;3;3;2;10;
Mario Chalmers;PG;35;2;9;0;3;3;3;0;2;2;5;3;0;2;3;7;
Shabazz Napier;PG;33;3;7;1;3;3;4;1;1;2;6;1;0;3;5;10;
Chris Andersen;;12;1;1;0;0;0;0;0;3;3;0;0;0;0;1;2;
James Ennis;;14;1;2;0;0;2;2;1;3;4;1;0;0;1;0;4;
Danny Granger;;13;0;2;0;1;0;0;1;1;2;0;0;0;1;0;0;
Shawne Williams;;18;2;4;1;3;0;0;0;1;1;1;1;0;1;3;5;
Justin Hamilton;;2;0;2;0;0;0;0;0;0;0;0;0;0;0;0;0;
Norris Cole;;16;2;5;0;0;0;0;0;1;1;4;0;1;2;2;4;
Tyler Johnson;;2;0;0;0;0;2;2;0;0;0;0;0;0;0;0;2;
GS
Harrison Barnes;SF;21;1;6;0;2;0;0;3;2;5;2;0;1;1;1;2;
Draymond Green;SF;25;2;7;0;2;2;3;0;3;3;3;0;0;2;5;6;
Andrew Bogut;C;25;0;1;0;0;4;4;0;5;5;2;1;0;1;4;4;
Stephen Curry;PG;32;11;19;7;10;3;5;2;3;5;3;2;0;3;1;32;
Klay Thompson;SG;33;7;17;3;9;2;2;0;4;4;1;1;2;1;1;19;
David Lee;;23;3;5;0;0;2;2;2;4;6;5;0;0;0;1;8;
Marreese Speights;;20;3;9;0;0;2;2;3;3;6;2;0;0;1;3;8;
Justin Holiday;;13;3;5;1;2;0;1;0;0;0;2;0;1;0;1;7;
Leandro Barbosa;;18;4;7;1;2;0;0;0;2;2;2;1;0;1;1;9;
Andre Iguodala;;30;4;5;1;2;0;0;0;0;0;7;0;1;3;3;9;
