03-11;HOU-POR;100-105;
29-26;24-28;21-26;26-25;
HOU
Donatas Motiejunas;PF;29;4;10;2;4;0;4;0;4;4;0;0;2;1;3;10;
Terrence Jones;PF;36;6;13;0;2;5;7;5;7;12;0;1;1;1;2;17;
Trevor Ariza;SF;38;3;7;3;6;2;2;1;5;6;6;2;1;0;1;11;
Patrick Beverley;PG;35;2;12;1;8;0;0;1;7;8;4;0;1;0;2;5;
James Harden;SG;38;7;19;0;3;4;5;1;1;2;6;3;0;4;3;18;
Josh Smith;;18;4;10;1;2;0;0;2;2;4;2;1;0;2;1;9;
Joey Dorsey;;8;2;2;0;0;0;0;2;0;2;0;0;0;0;0;4;
Corey Brewer;;25;9;16;3;5;2;5;0;2;2;2;2;0;2;3;23;
Jason Terry;;13;1;2;1;1;0;0;0;0;0;1;3;0;1;1;3;
POR
LaMarcus Aldridge;PF;33;12;20;1;3;1;1;6;8;14;1;0;1;5;5;26;
Nicolas Batum;SF;40;7;13;3;6;1;2;0;9;9;6;1;0;4;1;18;
Robin Lopez;C;30;7;10;0;1;2;3;4;6;10;0;0;1;0;2;16;
Damian Lillard;PG;35;5;16;1;5;3;4;1;4;5;8;0;0;3;2;14;
Arron Afflalo;SG;34;2;13;1;7;4;4;0;5;5;1;1;0;3;3;9;
Alonzo Gee;;5;1;2;0;1;0;0;0;0;0;1;1;0;0;2;2;
Dorell Wright;;10;1;4;1;4;0;0;1;0;1;1;0;0;0;0;3;
Meyers Leonard;;9;3;4;2;3;0;0;0;3;3;0;0;0;0;1;8;
Chris Kaman;;17;3;6;0;0;0;0;4;6;10;0;0;0;2;1;6;
Steve Blake;;20;1;3;1;3;0;0;0;2;2;4;1;0;2;1;3;
C.J. McCollum;;8;0;1;0;0;0;0;0;1;1;3;1;0;0;0;0;
