11-28;MIL-DET;104-88;
25-29;28-16;21-24;30-19;
MIL
Giannis Antetokounmpo;SF;27;3;7;0;0;1;3;0;9;9;2;0;2;3;3;7;
Jabari Parker;SF;26;3;8;0;0;2;2;2;3;5;5;2;0;3;2;8;
Larry Sanders;C;11;3;5;0;0;0;0;3;0;3;0;1;0;2;4;6;
Brandon Knight;PG;27;2;7;0;2;2;2;1;3;4;5;0;0;4;2;6;
O.J. Mayo;SG;27;4;11;0;5;0;1;1;2;3;3;1;1;0;2;8;
Ersan Ilyasova;;31;9;14;3;7;1;1;3;5;8;2;2;1;2;1;22;
Jared Dudley;;22;6;8;4;6;0;0;0;6;6;1;0;1;1;2;16;
Kendall Marshall;;24;3;6;2;3;1;1;0;1;1;8;2;0;0;3;9;
Jerryd Bayless;;23;2;4;2;3;4;4;0;0;0;3;0;1;3;0;10;
Khris Middleton;;23;4;7;2;3;2;2;0;5;5;1;1;0;1;1;12;
DET
Greg Monroe;PF;23;2;3;0;0;1;2;1;1;2;2;2;0;1;4;5;
Josh Smith;SF;38;6;15;0;0;1;4;1;3;4;9;1;3;6;1;13;
Andre Drummond;C;38;12;19;0;0;2;4;7;13;20;0;1;1;3;3;26;
D.J. Augustin;PG;34;1;7;1;4;7;9;0;0;0;6;0;0;2;0;10;
Kentavious Caldwell-Pope;SG;35;7;19;4;9;3;6;4;2;6;0;1;0;0;3;21;
Jonas Jerebko;;12;0;4;0;2;0;0;1;0;1;0;2;1;1;3;0;
Caron Butler;;19;0;3;0;2;0;0;0;2;2;1;0;0;1;0;0;
Kyle Singler;;26;5;9;1;4;0;0;0;1;1;4;0;0;0;2;11;
Spencer Dinwiddie;;14;1;4;0;2;0;0;0;3;3;3;1;0;0;3;2;
