11-02;GS-POR;95-90;
30-22;21-26;17-20;27-22;
GS
Harrison Barnes;SF;26;1;4;1;2;0;0;0;2;2;2;1;0;1;1;3;
Draymond Green;SF;29;2;7;0;2;1;3;0;6;6;2;2;1;1;4;5;
Andrew Bogut;C;32;5;6;0;0;1;2;3;9;12;3;1;2;3;3;11;
Stephen Curry;PG;31;6;18;1;5;8;8;1;4;5;6;2;0;3;1;21;
Klay Thompson;SG;34;11;22;3;7;4;4;0;1;1;1;3;1;2;2;29;
Festus Ezeli;;13;2;2;0;0;0;0;1;3;4;0;1;3;1;0;4;
Marreese Speights;;12;2;5;0;0;0;0;0;2;2;0;0;0;1;2;4;
Shaun Livingston;;16;0;2;0;0;0;0;0;0;0;2;0;0;3;0;0;
Leandro Barbosa;;16;5;9;1;2;2;2;1;2;3;1;0;0;1;2;13;
Andre Iguodala;;32;2;6;0;1;1;2;1;5;6;5;1;0;1;1;5;
POR
LaMarcus Aldridge;PF;33;10;20;0;2;6;8;4;9;13;1;1;1;3;2;26;
Nicolas Batum;SF;32;2;7;1;3;0;0;1;8;9;4;2;0;3;4;5;
Robin Lopez;C;27;6;13;0;0;0;0;6;4;10;0;0;0;3;5;12;
Damian Lillard;PG;38;4;18;1;7;2;2;3;3;6;5;0;0;2;1;11;
Wesley Matthews;SG;33;7;15;3;9;1;2;0;3;3;1;2;0;2;2;18;
Thomas Robinson;;14;2;3;0;0;0;2;2;4;6;0;1;1;2;1;4;
Chris Kaman;;21;1;5;0;0;0;0;1;6;7;1;0;0;2;2;2;
Steve Blake;;23;3;5;2;4;0;0;0;0;0;5;1;0;2;0;8;
C.J. McCollum;;3;0;1;0;1;0;0;0;0;0;1;1;0;0;0;0;
Will Barton;;16;2;5;0;1;0;0;0;2;2;2;1;0;0;2;4;
