01-02;MEM-LAL;109-106;
22-25;25-27;33-25;29-29;
MEM
Jon Leuer;PF;16;3;5;0;0;0;0;1;4;5;0;0;0;0;4;6;
Tony Allen;SF;16;2;9;0;0;1;2;4;1;5;2;2;0;0;0;5;
Marc Gasol;C;35;7;13;0;0;4;10;0;10;10;5;1;2;5;3;18;
Mike Conley;PG;32;5;13;3;5;6;8;1;5;6;9;2;1;2;1;19;
Courtney Lee;SG;30;5;9;2;2;2;2;1;0;1;0;1;0;1;1;14;
Jarnell Stokes;;6;1;1;0;0;0;0;0;1;1;0;0;0;0;0;2;
Tayshaun Prince;;29;4;7;1;1;3;3;1;3;4;1;1;1;0;3;12;
Kosta Koufos;;19;4;7;0;0;1;2;3;6;9;1;0;0;2;1;9;
Beno Udrih;;16;6;8;0;1;4;4;0;1;1;3;0;0;1;0;16;
Quincy Pondexter;;26;4;7;0;1;0;0;2;0;2;2;0;0;1;1;8;
Vince Carter;;15;0;5;0;4;0;0;0;2;2;4;0;0;0;1;0;
LAL
Ed Davis;PF;28;7;9;0;0;6;8;2;6;8;1;1;2;1;4;20;
Wesley Johnson;SF;27;4;8;1;4;0;0;0;2;2;2;1;0;0;0;9;
Jordan Hill;C;20;1;5;0;0;1;2;2;6;8;4;0;1;3;6;3;
Ronnie Price;PG;20;1;4;0;2;0;0;0;0;0;2;2;0;1;1;2;
Kobe Bryant;SG;33;6;14;2;4;1;1;1;8;9;8;0;1;2;2;15;
Carlos Boozer;;22;6;8;0;0;2;3;0;4;4;0;0;0;3;6;14;
Ryan Kelly;;10;1;4;0;2;0;0;0;2;2;0;0;1;2;2;2;
Nick Young;;24;5;10;1;3;3;4;0;1;1;2;1;1;0;2;14;
Robert Sacre;;13;0;0;0;0;0;0;0;0;0;0;0;1;0;1;0;
Jeremy Lin;;28;9;14;2;3;0;0;0;3;3;5;3;1;1;2;20;
Wayne Ellington;;15;3;5;0;1;1;1;0;1;1;0;2;0;0;2;7;
