11-20;LAC-MIA;110-93;
39-15;19-25;30-26;22-27;
LAC
Blake Griffin;PF;30;12;18;1;2;1;3;2;5;7;4;3;0;0;3;26;
Matt Barnes;SF;25;4;6;1;2;0;0;0;0;0;0;0;0;1;2;9;
DeAndre Jordan;C;31;6;6;0;0;0;2;0;11;11;1;0;0;0;2;12;
Chris Paul;PG;33;8;13;3;5;7;8;0;2;2;12;1;0;1;0;26;
J.J. Redick;SG;23;5;11;4;8;0;0;1;1;2;2;0;0;1;3;14;
Glen Davis;;15;2;3;0;0;0;0;0;2;2;0;0;0;1;3;4;
Spencer Hawes;;20;2;5;1;3;1;2;0;5;5;2;0;0;0;3;6;
Hedo Turkoglu;;15;1;1;1;1;0;0;0;1;1;0;0;0;0;1;3;
Jordan Farmar;;15;1;2;1;2;0;0;1;1;2;1;1;0;5;1;3;
Jared Cunningham;;4;1;5;0;2;0;0;0;0;0;0;0;0;1;1;2;
Reggie Bullock;;4;0;1;0;1;0;0;0;0;0;0;0;0;1;0;0;
Jamal Crawford;;25;1;6;1;5;2;2;0;3;3;9;1;0;2;2;5;
MIA
Luol Deng;SF;28;5;10;0;4;3;4;2;3;5;0;0;0;0;0;13;
Shawne Williams;SF;25;1;5;1;2;4;4;0;3;3;2;0;0;1;2;7;
Chris Bosh;C;31;9;17;1;2;9;9;3;4;7;1;0;0;0;2;28;
Mario Chalmers;PG;34;4;6;1;3;4;4;0;1;1;3;3;0;3;3;13;
Norris Cole;PG;10;0;3;0;1;0;0;0;0;0;1;0;0;0;0;0;
Josh McRoberts;;14;1;3;0;2;0;0;0;2;2;1;1;0;3;1;2;
Chris Andersen;;21;0;1;0;0;0;2;0;3;3;0;0;1;2;3;0;
James Ennis;;12;0;3;0;2;2;2;0;1;1;0;1;2;0;2;2;
Danny Granger;;6;1;3;0;2;0;0;1;1;2;0;1;0;0;0;2;
Justin Hamilton;;4;0;0;0;0;0;0;0;1;1;0;1;0;0;0;0;
Shabazz Napier;;32;5;9;2;6;5;6;0;5;5;3;1;0;2;1;17;
Shannon Brown;;21;4;7;1;2;0;0;0;0;0;0;2;0;1;1;9;
