03-24;LAL-OKC;117-127;
27-37;26-31;35-32;29-27;
LAL
Ryan Kelly;PF;29;5;9;2;4;4;4;1;4;5;2;2;1;0;4;16;
Tarik Black;PF;28;4;8;0;0;1;2;3;3;6;0;2;2;0;2;9;
Wesley Johnson;SF;30;3;10;0;3;3;4;0;3;3;1;1;0;3;1;9;
Jeremy Lin;PG;30;6;11;2;2;5;6;1;1;2;7;0;0;2;2;19;
Jordan Clarkson;PG;36;12;19;2;3;4;6;1;3;4;7;1;3;3;1;30;
Ed Davis;;16;5;5;0;0;2;4;1;2;3;0;1;1;0;3;12;
Robert Sacre;;19;0;3;0;0;0;0;1;1;2;2;2;0;2;3;0;
Jabari Brown;;27;3;6;0;1;1;1;0;0;0;1;0;0;0;1;7;
Wayne Ellington;;24;6;14;3;6;0;0;0;3;3;2;1;0;0;0;15;
OKC
Kyle Singler;SF;25;3;6;2;3;0;0;0;3;3;1;0;1;2;3;8;
Enes Kanter;C;28;10;15;0;0;5;5;7;9;16;4;1;0;5;1;25;
Steven Adams;C;30;5;6;0;0;6;6;3;7;10;3;2;0;1;5;16;
Russell Westbrook;PG;30;9;17;2;3;7;8;0;2;2;11;2;1;2;3;27;
Dion Waiters;SG;35;10;16;2;2;1;2;0;4;4;4;0;0;1;2;23;
Mitch McGary;;26;3;6;0;0;1;2;3;7;10;1;0;0;4;3;7;
Steve Novak;;3;1;2;0;1;0;0;0;1;1;0;0;0;0;0;2;
D.J. Augustin;;22;3;5;1;2;0;0;0;2;2;5;2;0;0;1;7;
Jeremy Lamb;;11;0;5;0;4;0;0;0;1;1;0;0;0;0;0;0;
Anthony Morrow;;30;4;8;4;6;0;0;0;0;0;0;0;0;1;2;12;
