12-19;TOR-DET;110-100;
26-31;26-21;29-18;29-30;
TOR
Amir Johnson;PF;18;3;7;0;0;0;0;2;6;8;0;0;1;0;1;6;
Terrence Ross;SF;22;5;13;1;5;0;0;1;5;6;1;1;0;0;0;11;
Jonas Valanciunas;C;27;6;11;0;0;5;10;2;5;7;0;0;2;1;2;17;
Kyle Lowry;PG;25;5;14;1;5;4;4;0;5;5;7;2;0;3;2;15;
Landry Fields;SG;15;1;2;0;0;0;0;1;1;2;2;0;0;0;2;2;
Tyler Hansbrough;;8;2;3;0;0;0;0;1;0;1;0;0;0;0;2;4;
James Johnson;;29;5;9;0;3;2;2;1;7;8;2;0;1;0;2;12;
Patrick Patterson;;30;4;8;3;6;0;0;1;4;5;4;0;0;0;2;11;
Chuck Hayes;;13;4;4;0;0;1;1;0;1;1;0;0;0;1;0;9;
Greivis Vasquez;;25;3;9;1;4;1;2;0;3;3;5;0;1;3;2;8;
Louis Williams;;28;4;8;2;4;5;5;0;1;1;3;1;0;0;1;15;
DET
Josh Smith;SF;25;5;10;0;0;0;2;3;5;8;4;0;1;2;1;10;
Kyle Singler;SF;21;1;4;0;2;0;0;1;2;3;0;1;1;2;1;2;
Andre Drummond;C;21;3;7;0;0;1;2;3;8;11;0;0;3;1;4;7;
Brandon Jennings;PG;31;8;18;2;6;4;5;0;4;4;8;1;1;3;3;22;
Kentavious Caldwell-Pope;SG;27;7;12;4;6;0;0;0;1;1;3;0;0;1;3;18;
Jonas Jerebko;;22;2;8;1;2;2;2;1;6;7;4;0;0;0;2;7;
Greg Monroe;;26;7;13;0;0;3;4;4;3;7;1;1;0;1;1;17;
Cartier Martin;;5;1;2;0;1;0;0;0;1;1;0;0;0;0;0;2;
Caron Butler;;18;5;8;1;4;0;0;1;2;3;2;0;0;0;1;11;
Joel Anthony;;3;0;0;0;0;0;0;1;1;2;0;0;0;0;1;0;
D.J. Augustin;;17;0;4;0;2;0;0;0;0;0;4;2;0;1;1;0;
Jodie Meeks;;25;2;8;0;2;0;0;0;2;2;2;0;1;0;2;4;
