04-08;HOU-SA;98-110;
33-32;20-25;18-28;27-25;
HOU
Terrence Jones;PF;17;1;3;0;0;0;0;0;0;0;0;0;0;1;0;2;
Trevor Ariza;SF;34;7;12;5;6;0;0;0;2;2;2;2;0;0;0;19;
Dwight Howard;C;22;7;10;0;0;2;4;4;7;11;1;1;0;3;2;16;
Jason Terry;SG;16;2;5;0;1;0;0;0;0;0;1;0;0;0;3;4;
James Harden;SG;35;6;15;2;6;8;8;2;2;4;4;1;0;1;1;22;
Kostas Papanikolaou;;6;0;0;0;0;0;0;1;1;2;0;0;0;1;0;0;
Josh Smith;;27;5;13;3;8;0;0;0;3;3;5;1;0;4;3;13;
Clint Capela;;6;1;3;0;0;0;0;1;3;4;0;0;0;0;0;2;
Joey Dorsey;;15;1;1;0;0;0;4;0;6;6;1;0;0;0;0;2;
Pablo Prigioni;;26;3;6;0;2;0;0;0;2;2;5;1;0;1;2;6;
K.J. McDaniels;;6;2;5;0;1;0;0;0;1;1;2;0;2;0;0;4;
Nick Johnson;;6;3;5;0;0;0;0;0;0;0;2;0;0;0;0;6;
Corey Brewer;;23;1;6;0;1;0;0;0;4;4;2;1;1;2;1;2;
SA
Tim Duncan;PF;28;2;5;0;0;2;2;2;8;10;1;2;4;2;2;6;
Kawhi Leonard;SF;35;9;15;0;3;2;2;1;2;3;2;4;0;2;2;20;
Aron Baynes;C;25;4;6;0;0;0;0;4;8;12;0;1;0;1;2;8;
Tony Parker;PG;26;13;18;0;0;1;3;0;1;1;4;0;0;2;1;27;
Danny Green;SG;26;3;10;2;6;2;2;1;1;2;3;0;1;1;2;10;
Jeff Ayres;;6;1;3;0;0;0;0;1;2;3;0;0;0;0;0;2;
Kyle Anderson;;6;1;4;0;0;0;0;0;1;1;0;1;0;0;0;2;
Reggie Williams;;10;1;4;1;3;0;0;1;0;1;1;0;0;0;0;3;
Matt Bonner;;5;0;0;0;0;0;0;0;1;1;0;0;1;0;0;0;
Boris Diaw;;27;7;14;1;3;0;0;2;7;9;2;0;1;0;1;15;
Patty Mills;;6;0;3;0;2;0;0;0;0;0;1;0;0;0;1;0;
Cory Joseph;;22;2;5;0;0;0;0;1;1;2;5;2;0;0;0;4;
Manu Ginobili;;18;5;8;3;4;0;0;0;2;2;2;1;0;1;2;13;
