11-13;BKN-GS;99-107;
36-32;19-34;20-21;24-20;
BKN
Kevin Garnett;PF;13;2;5;0;0;0;0;0;4;4;1;0;0;0;4;4;
Joe Johnson;SF;32;5;12;0;2;2;2;1;4;5;4;3;0;1;2;12;
Brook Lopez;C;27;7;17;0;0;4;4;2;3;5;0;0;0;3;3;18;
Deron Williams;PG;33;7;14;2;3;2;2;0;4;4;5;2;0;3;3;18;
Bojan Bogdanovic;SG;37;4;8;1;3;0;0;0;3;3;2;0;0;1;1;9;
Mirza Teletovic;;24;0;4;0;1;0;0;1;3;4;2;0;1;1;1;0;
Cory Jefferson;;0;0;1;0;0;0;0;1;0;1;0;0;0;0;0;0;
Andrei Kirilenko;;4;0;0;0;0;0;0;0;0;0;0;0;0;0;0;0;
Mason Plumlee;;20;3;9;0;1;7;8;2;6;8;1;0;1;0;1;13;
Jarrett Jack;;26;10;10;0;0;3;4;0;3;3;3;0;0;3;4;23;
Jorge Gutierrez;;0;0;0;0;0;0;0;0;0;0;0;0;0;0;0;0;
Alan Anderson;;24;1;9;0;6;0;0;0;4;4;1;0;0;0;3;2;
GS
Harrison Barnes;SF;32;4;10;1;3;3;3;0;3;3;3;0;0;0;0;12;
Draymond Green;SF;33;7;14;3;8;0;0;0;8;8;7;1;2;1;1;17;
Andrew Bogut;C;31;4;7;0;0;3;5;7;7;14;5;1;4;1;3;11;
Stephen Curry;PG;32;6;12;3;7;2;2;1;2;3;5;0;0;3;5;17;
Klay Thompson;SG;36;8;22;4;9;5;6;2;2;4;2;2;0;2;0;25;
Marreese Speights;;16;4;6;0;0;0;2;3;6;9;0;1;3;2;3;8;
Shaun Livingston;;13;2;2;0;0;0;0;0;2;2;2;0;0;0;3;4;
Leandro Barbosa;;15;4;9;0;3;0;0;1;0;1;3;1;1;1;0;8;
Andre Iguodala;;32;2;8;0;4;1;3;0;1;1;3;1;0;0;1;5;
