11-26;POR-CHA;105-97;
28-26;17-30;34-20;26-21;
POR
LaMarcus Aldridge;PF;35;3;18;0;0;3;6;1;13;14;2;0;3;1;0;9;
Nicolas Batum;SF;37;4;11;0;4;2;2;0;6;6;3;2;1;2;1;10;
Robin Lopez;C;31;6;10;0;0;3;3;5;5;10;2;0;3;1;4;15;
Damian Lillard;PG;36;8;17;4;8;2;3;0;4;4;7;1;0;1;2;22;
Wesley Matthews;SG;34;10;15;6;9;2;2;1;0;1;1;0;0;2;3;28;
Allen Crabbe;;17;1;3;1;3;0;0;0;2;2;1;0;0;0;1;3;
Joel Freeland;;12;1;3;0;0;0;0;2;2;4;0;0;0;1;1;2;
Chris Kaman;;18;5;12;0;0;2;2;1;6;7;2;0;0;0;2;12;
Steve Blake;;21;1;3;1;3;1;2;0;2;2;3;1;0;0;4;4;
CHA
Marvin Williams;PF;11;0;1;0;1;0;0;0;1;1;2;0;0;0;2;0;
Al Jefferson;C;35;10;20;0;0;3;3;2;12;14;3;0;2;0;1;23;
Kemba Walker;PG;37;6;19;1;5;2;2;1;3;4;9;0;1;1;1;15;
Gerald Henderson;SG;32;6;8;0;1;3;4;1;4;5;1;0;0;0;3;15;
Lance Stephenson;SG;23;4;11;0;1;0;1;1;6;7;5;2;0;0;2;8;
Jason Maxiell;;8;0;1;0;0;0;0;0;0;0;1;0;0;0;1;0;
Cody Zeller;;30;4;10;0;0;1;1;2;5;7;4;1;1;1;4;9;
Bismack Biyombo;;12;1;3;0;0;0;0;2;1;3;0;0;1;1;2;2;
Brian Roberts;;32;9;16;3;4;1;4;1;3;4;4;0;0;1;1;22;
P.J. Hairston;;21;1;5;1;3;0;0;0;2;2;0;0;0;2;3;3;
