12-13;GS-DAL;105-98;
39-18;27-26;21-24;18-30;
GS
Harrison Barnes;SF;34;6;11;0;2;0;0;3;6;9;3;2;1;3;3;12;
Draymond Green;SF;37;5;8;2;4;8;10;1;7;8;1;0;2;1;5;20;
Festus Ezeli;C;17;1;2;0;0;2;2;2;0;2;0;0;2;0;4;4;
Stephen Curry;PG;37;9;22;3;11;8;9;0;3;3;8;2;0;1;1;29;
Klay Thompson;SG;41;10;21;5;11;0;0;0;5;5;3;1;1;2;3;25;
Ognjen Kuzmic;;1;0;0;0;0;0;0;0;0;0;0;0;0;1;0;0;
Marreese Speights;;18;2;7;0;0;0;0;1;4;5;0;0;0;2;3;4;
Shaun Livingston;;21;3;6;0;0;3;6;1;5;6;1;2;0;3;3;9;
Andre Iguodala;;29;1;6;0;4;0;0;1;6;7;5;0;1;0;2;2;
Brandon Rush;;4;0;0;0;0;0;0;0;0;0;0;0;0;0;0;0;
DAL
Dirk Nowitzki;PF;33;11;20;0;0;1;2;5;3;8;1;1;0;3;1;23;
Richard Jefferson;SF;35;5;8;2;4;1;4;1;12;13;0;0;0;2;5;13;
Tyson Chandler;C;31;3;6;0;0;5;8;4;8;12;0;0;0;2;2;11;
Jameer Nelson;PG;28;2;7;0;3;2;2;2;2;4;5;1;0;2;3;6;
Monta Ellis;SG;34;8;22;2;8;6;7;0;1;1;5;3;0;3;5;24;
Brandan Wright;;12;2;3;0;0;3;3;3;2;5;0;1;0;1;0;7;
Al-Farouq Aminu;;8;0;3;0;3;0;0;0;1;1;0;0;0;0;0;0;
Jae Crowder;;22;1;6;0;3;0;0;1;4;5;1;3;0;0;2;2;
Devin Harris;;22;2;7;1;1;1;1;0;1;1;1;2;0;0;2;6;
J.J. Barea;;17;2;7;0;3;2;3;1;2;3;1;0;0;2;3;6;
