11-22;NO-UTAH;106-94;
25-23;32-17;20-32;29-22;
NO
Anthony Davis;PF;40;16;23;0;0;11;12;5;9;14;0;2;1;2;1;43;
Alexis Ajinca;C;19;3;4;0;0;0;0;4;1;5;1;0;2;2;3;6;
Jrue Holiday;PG;35;7;16;2;2;3;4;2;4;6;9;1;0;2;4;19;
Eric Gordon;SG;13;4;7;0;2;0;0;0;0;0;2;0;0;1;0;8;
Tyreke Evans;SG;39;4;13;0;1;1;2;2;5;7;3;3;0;2;1;9;
Ryan Anderson;;30;2;15;0;6;1;2;4;2;6;1;2;2;0;2;5;
Luke Babbitt;;8;0;0;0;0;0;0;0;0;0;0;0;0;0;1;0;
Jeff Withey;;11;3;4;0;0;2;2;1;0;1;0;1;2;0;3;8;
Russ Smith;;5;0;1;0;1;0;0;0;1;1;0;0;0;0;3;0;
Jimmer Fredette;;8;0;2;0;0;0;0;0;1;1;1;1;0;0;0;0;
Austin Rivers;;33;3;8;2;5;0;0;0;3;3;2;1;0;0;4;8;
UTAH
Derrick Favors;PF;34;5;12;0;0;3;4;4;7;11;1;0;2;2;5;13;
Gordon Hayward;SF;39;9;16;2;3;11;14;2;6;8;3;2;1;3;2;31;
Enes Kanter;C;18;3;6;0;1;2;2;2;2;4;0;0;0;1;2;8;
Trey Burke;PG;34;8;12;2;5;2;3;0;0;0;4;0;1;4;1;20;
Alec Burks;PG;31;1;11;0;1;0;0;0;4;4;3;2;1;4;2;2;
Trevor Booker;;24;3;3;0;0;4;4;1;4;5;2;0;1;1;3;10;
Steve Novak;;7;0;2;0;2;0;0;0;2;2;0;0;0;0;1;0;
Joe Ingles;;21;1;2;1;1;0;0;0;0;0;1;0;0;2;2;3;
Rudy Gobert;;14;2;2;0;0;1;2;2;5;7;0;1;2;1;3;5;
Dante Exum;;19;1;5;0;1;0;0;0;1;1;1;1;0;0;4;2;
