12-12;IND-TOR;94-106;
20-28;22-25;30-27;22-26;
IND
David West;PF;29;6;9;0;0;0;0;1;6;7;5;0;1;0;2;12;
Roy Hibbert;C;28;2;7;0;0;2;2;0;2;2;1;0;2;2;5;6;
Rodney Stuckey;PG;30;5;10;1;3;2;2;0;3;3;3;0;0;3;3;13;
C.J. Watson;PG;30;5;14;2;5;1;1;1;2;3;4;1;0;2;1;13;
C.J. Miles;SG;13;1;6;1;4;2;2;0;1;1;0;2;0;1;1;5;
Luis Scola;;17;2;7;0;0;4;4;1;4;5;1;0;0;0;1;8;
Lavoy Allen;;20;2;4;0;0;2;2;2;4;6;0;1;1;2;3;6;
Shayne Whittington;;2;0;0;0;0;2;2;0;1;1;0;0;0;0;1;2;
Chris Copeland;;12;2;5;1;4;0;0;0;1;1;1;0;0;0;2;5;
Damjan Rudez;;7;0;2;0;1;0;0;0;3;3;2;0;0;0;0;0;
Solomon Hill;;30;5;8;1;2;5;6;1;2;3;3;0;3;2;3;16;
Donald Sloan;;22;3;8;2;3;0;2;0;4;4;4;0;0;0;0;8;
TOR
Amir Johnson;PF;24;3;3;0;0;1;2;0;4;4;1;0;0;1;5;7;
Terrence Ross;SF;27;3;11;0;4;2;2;0;7;7;1;1;0;3;4;8;
Jonas Valanciunas;C;27;3;12;0;0;4;4;6;8;14;0;1;0;1;3;10;
Kyle Lowry;PG;26;4;10;1;3;0;0;2;2;4;7;0;0;1;1;9;
Landry Fields;SG;21;2;4;0;0;4;4;1;1;2;1;0;0;0;0;8;
Tyler Hansbrough;;19;1;1;0;0;2;3;3;2;5;1;0;0;1;2;4;
James Johnson;;15;6;9;1;2;0;0;0;3;3;1;0;2;0;1;13;
Patrick Patterson;;23;3;7;1;3;4;4;3;5;8;2;0;0;0;3;11;
Lucas Nogueira;;2;0;3;0;0;0;0;0;1;1;0;0;0;0;0;0;
Greg Stiemsma;;1;0;0;0;0;0;0;0;0;0;0;0;0;0;0;0;
Greivis Vasquez;;25;4;13;2;7;0;0;0;0;0;4;0;1;1;4;10;
Louis Williams;;30;9;18;5;7;3;3;1;3;4;3;0;0;2;0;26;
