01-05;WSH-NO;92-85;
27-23;25-21;17-20;23-21;
WSH
Nene Hilario;PF;27;3;5;0;0;0;0;1;6;7;1;0;0;2;2;6;
Paul Pierce;SF;25;6;8;2;2;0;0;1;1;2;0;0;0;0;1;14;
Marcin Gortat;C;27;4;11;0;0;2;3;3;2;5;3;1;1;0;1;10;
John Wall;PG;34;6;15;0;4;3;4;0;1;1;12;4;0;6;1;15;
Bradley Beal;SG;34;3;10;0;3;0;0;0;3;3;3;2;0;0;0;6;
Kris Humphries;;25;5;11;0;0;0;0;3;2;5;1;0;1;1;3;10;
Otto Porter Jr.;;20;3;5;0;1;0;0;1;6;7;0;3;3;0;2;6;
Rasual Butler;;17;2;7;0;0;5;6;1;2;3;1;0;0;0;1;9;
Kevin Seraphin;;16;1;2;0;0;2;2;0;5;5;1;0;2;1;2;4;
Andre Miller;;14;5;5;0;0;2;2;1;1;2;1;0;0;0;2;12;
NO
Anthony Davis;PF;39;9;12;0;0;3;4;2;8;10;2;0;1;3;3;21;
Luke Babbitt;SF;5;0;0;0;0;0;0;0;1;1;0;0;0;0;0;0;
Omer Asik;C;27;1;1;0;0;0;0;1;7;8;0;0;1;2;0;2;
Jrue Holiday;PG;34;6;16;1;5;0;0;0;0;0;5;4;0;4;3;13;
Eric Gordon;SG;33;2;8;0;4;2;2;0;4;4;5;0;0;2;3;6;
Ryan Anderson;;28;4;12;3;5;3;5;1;2;3;3;1;0;0;3;14;
Dante Cunningham;;26;3;6;0;0;0;0;2;2;4;0;2;0;0;2;6;
Alexis Ajinca;;2;0;1;0;0;0;0;1;0;1;0;0;0;0;0;0;
Jimmer Fredette;;6;0;2;0;1;0;0;0;1;1;0;0;0;0;0;0;
Austin Rivers;;6;1;2;0;0;0;0;0;0;0;0;0;0;1;1;2;
Tyreke Evans;;34;7;14;2;4;5;6;3;4;7;4;1;3;6;3;21;
