11-26;IND-SA;100-106;
27-25;28-25;21-27;24-29;
IND
Luis Scola;PF;26;5;12;0;0;3;6;1;5;6;1;1;0;2;2;13;
Solomon Hill;SF;29;4;8;2;2;0;0;1;2;3;1;1;0;2;1;10;
Ian Mahinmi;C;23;4;5;0;0;0;0;0;5;5;1;1;1;0;5;8;
Donald Sloan;PG;27;1;6;0;1;1;2;1;2;3;6;0;0;2;1;3;
Rodney Stuckey;PG;35;9;20;0;2;4;5;1;3;4;4;2;0;2;3;22;
Lavoy Allen;;24;4;7;0;0;0;1;2;7;9;2;0;0;1;3;8;
Chris Copeland;;23;4;10;2;4;2;2;1;2;3;1;1;0;1;3;12;
Damjan Rudez;;18;3;6;2;4;0;0;0;0;0;1;0;0;1;3;8;
A.J. Price;;21;4;7;3;4;0;0;0;2;2;5;1;0;0;0;11;
C.J. Miles;;15;2;6;1;4;0;2;0;1;1;1;2;0;1;2;5;
SA
Tim Duncan;PF;33;7;10;0;0;3;6;3;3;6;3;1;2;2;3;17;
Kawhi Leonard;SF;36;8;12;2;2;3;6;1;12;13;1;1;0;2;3;21;
Boris Diaw;C;33;1;3;0;1;0;0;0;4;4;3;1;0;3;2;2;
Tony Parker;PG;36;8;16;1;1;4;6;1;3;4;6;1;0;3;1;21;
Danny Green;SG;29;1;4;0;2;0;0;0;5;5;3;1;3;1;3;2;
Marco Belinelli;;17;2;5;0;1;2;2;1;3;4;0;1;0;0;1;6;
Aron Baynes;;15;4;4;0;0;1;2;1;2;3;1;0;0;1;5;9;
Matt Bonner;;14;0;2;0;2;0;0;1;2;3;0;0;0;0;0;0;
Manu Ginobili;;26;10;18;2;6;6;7;0;3;3;4;2;0;3;2;28;
