11-29;CHA-ATL;75-105;
17-28;11-36;23-20;24-21;
CHA
Cody Zeller;PF;24;0;6;0;0;4;4;0;3;3;0;1;0;1;1;4;
Al Jefferson;C;21;4;9;0;1;3;4;1;2;3;0;0;0;1;3;11;
Kemba Walker;PG;25;2;9;0;2;0;0;0;2;2;6;1;1;0;1;4;
Gerald Henderson;SG;35;6;14;0;2;2;2;1;1;2;4;0;0;5;2;14;
Lance Stephenson;SG;23;3;9;0;3;0;0;2;1;3;3;0;0;2;4;6;
Noah Vonleh;;12;1;2;0;1;0;0;1;5;6;0;0;0;0;0;2;
Jason Maxiell;;18;1;7;0;0;0;0;0;3;3;0;0;0;0;0;2;
Bismack Biyombo;;21;3;4;0;0;1;4;6;5;11;1;0;2;1;1;7;
Brian Roberts;;17;0;6;0;2;0;0;1;0;1;1;0;0;0;1;0;
Jannero Pargo;;17;4;9;2;5;0;0;0;0;0;4;0;0;2;2;10;
P.J. Hairston;;27;5;13;3;7;2;2;1;3;4;1;1;1;0;1;15;
ATL
Paul Millsap;PF;24;7;10;0;1;4;5;1;5;6;1;3;0;1;2;18;
DeMarre Carroll;SF;24;4;6;1;1;1;2;0;2;2;2;1;0;0;0;10;
Al Horford;C;19;5;6;1;1;0;0;0;4;4;2;0;2;0;1;11;
Jeff Teague;PG;21;2;7;2;3;0;0;0;2;2;10;0;1;4;2;6;
Kyle Korver;SG;22;4;5;2;3;2;2;0;4;4;2;0;1;0;0;12;
Elton Brand;;28;4;7;0;0;1;2;3;6;9;3;0;1;1;2;9;
Mike Scott;;22;5;7;2;3;2;2;0;3;3;1;0;0;3;4;14;
Mike Muscala;;12;2;6;0;2;0;0;1;1;2;0;2;0;2;2;4;
Thabo Sefolosha;;6;0;2;0;1;0;0;0;1;1;1;0;0;0;0;0;
Shelvin Mack;;24;3;8;2;5;1;1;0;2;2;6;0;0;0;1;9;
Dennis Schroder;;17;4;8;2;2;2;2;0;1;1;1;0;0;0;1;12;
Kent Bazemore;;22;0;3;0;1;0;0;0;8;8;2;2;0;1;2;0;
