12-13;BKN-CHA;114-87;
32-17;20-25;33-17;29-28;
BKN
Cory Jefferson;PF;23;5;5;0;0;1;1;1;4;5;2;0;1;0;4;11;
Joe Johnson;SF;31;9;16;4;6;0;0;0;7;7;3;2;0;3;4;22;
Mason Plumlee;C;38;5;8;0;0;1;6;3;10;13;2;0;1;0;2;11;
Deron Williams;PG;26;4;11;3;4;7;7;0;2;2;10;0;0;2;2;18;
Sergey Karasev;SG;23;1;3;1;2;0;0;0;1;1;1;1;0;2;4;3;
Brandon Davies;;16;2;5;0;1;0;0;0;4;4;0;0;1;2;1;4;
Jerome Jordan;;7;0;0;0;0;0;0;0;1;1;0;1;0;0;1;0;
Jarrett Jack;;20;5;9;0;0;4;4;0;2;2;5;0;0;2;3;14;
Darius Morris;;5;1;2;0;0;0;1;0;0;0;1;0;0;1;0;2;
Markel Brown;;5;0;0;0;0;0;0;0;1;1;1;0;0;1;0;0;
Bojan Bogdanovic;;19;4;6;4;5;0;0;0;6;6;1;0;1;0;1;12;
Alan Anderson;;25;6;7;4;5;1;1;0;1;1;3;0;0;0;2;17;
CHA
Cody Zeller;PF;20;0;2;0;0;1;2;2;2;4;2;0;0;1;0;1;
Al Jefferson;C;23;4;10;0;0;0;0;0;5;5;3;0;2;1;2;8;
Kemba Walker;PG;27;3;11;1;4;4;4;0;1;1;4;0;0;0;2;11;
Gerald Henderson;SG;15;2;2;0;0;2;2;0;1;1;0;0;0;0;1;6;
Lance Stephenson;SG;27;5;13;1;2;0;1;1;1;2;1;0;0;2;1;11;
Marvin Williams;;16;1;4;1;4;2;2;0;2;2;1;1;0;0;1;5;
Michael Kidd-Gilchrist;;28;5;13;0;0;5;6;1;4;5;1;1;0;0;2;15;
Bismack Biyombo;;25;1;2;0;0;2;8;4;6;10;0;0;1;0;4;4;
Jannero Pargo;;7;1;2;1;2;0;0;0;0;0;1;0;0;0;1;3;
Brian Roberts;;21;5;7;3;4;1;2;0;0;0;2;0;0;2;2;14;
P.J. Hairston;;12;0;5;0;3;0;0;0;2;2;1;1;1;0;1;0;
Gary Neal;;18;4;8;1;3;0;0;1;1;2;0;0;0;0;2;9;
