12-19;POR-SA;129-119;
17-20;27-26;25-28;28-23;7-7;8-8;17-7;
POR
LaMarcus Aldridge;PF;52;13;27;1;3;5;5;5;11;16;0;5;2;3;3;32;
Allen Crabbe;SF;13;0;3;0;2;0;0;0;1;1;0;1;0;0;0;0;
Joel Freeland;C;21;3;4;0;0;2;2;1;5;6;1;0;1;1;4;8;
Damian Lillard;PG;53;16;29;4;9;7;8;0;3;3;6;2;1;4;2;43;
Wesley Matthews;SG;50;5;19;2;9;4;4;3;4;7;5;3;0;0;2;16;
Thomas Robinson;;27;1;3;0;0;0;0;1;5;6;1;0;0;0;3;2;
Dorell Wright;;33;4;8;4;5;0;0;0;8;8;0;0;0;3;2;12;
Chris Kaman;;18;2;5;0;0;2;2;2;3;5;1;1;0;2;2;6;
Steve Blake;;36;3;7;2;4;2;2;2;3;5;4;0;1;1;5;10;
C.J. McCollum;;12;0;5;0;3;0;0;1;0;1;0;0;0;0;1;0;
SA
Tim Duncan;PF;43;12;24;0;0;8;9;2;8;10;3;2;4;1;3;32;
Kyle Anderson;SF;34;1;7;0;0;0;1;2;7;9;1;3;0;0;3;2;
Boris Diaw;C;28;1;2;0;1;1;2;0;4;4;3;1;0;2;2;3;
Cory Joseph;PG;43;4;10;0;0;2;2;1;7;8;7;0;0;1;2;10;
Danny Green;SG;44;9;21;6;9;3;3;5;5;10;1;1;0;4;3;27;
Marco Belinelli;;32;5;14;0;2;0;0;2;1;3;1;0;0;0;1;10;
Austin Daye;;12;3;4;1;1;0;0;0;3;3;0;0;0;0;0;7;
Aron Baynes;;2;0;0;0;0;0;0;0;1;1;0;0;0;0;0;0;
Tiago Splitter;;26;4;6;0;0;6;6;4;2;6;2;1;0;2;2;14;
Matt Bonner;;20;1;4;1;3;0;0;1;0;1;1;0;0;0;1;3;
Manu Ginobili;;30;5;17;0;4;1;3;0;5;5;5;0;0;6;5;11;
