03-27;MIA-ATL;86-99;
20-27;17-28;30-34;19-10;
MIA
Udonis Haslem;PF;26;2;3;0;0;2;2;3;5;8;2;0;0;0;2;6;
Luol Deng;SF;33;7;15;0;4;3;4;4;7;11;1;0;1;3;3;17;
Henry Walker;SF;40;4;12;4;11;0;0;2;7;9;5;4;0;3;3;12;
Dwyane Wade;SG;22;5;13;3;5;0;0;0;0;0;1;0;0;1;2;13;
Goran Dragic;SG;27;3;11;0;3;0;0;0;2;2;3;1;1;3;3;6;
James Ennis;;15;3;5;1;2;1;1;0;1;1;0;0;0;1;0;8;
Michael Beasley;;22;4;6;0;0;1;2;0;3;3;3;0;2;4;5;9;
Mario Chalmers;;30;4;8;3;7;2;2;0;1;1;5;2;1;2;2;13;
Tyler Johnson;;23;0;7;0;3;2;4;2;4;6;0;2;1;1;0;2;
Zoran Dragic;;2;0;2;0;0;0;0;0;0;0;0;0;0;0;0;0;
ATL
Paul Millsap;PF;33;8;12;0;2;5;5;0;9;9;4;1;2;2;3;21;
DeMarre Carroll;SF;33;8;12;3;5;5;7;2;2;4;2;2;0;4;3;24;
Al Horford;C;31;7;9;0;0;1;2;0;3;3;4;0;1;3;0;15;
Dennis Schroder;PG;33;3;10;0;2;6;6;0;3;3;11;1;0;2;3;12;
Kyle Korver;SG;33;3;6;2;5;0;0;0;2;2;3;2;1;2;1;8;
Mike Muscala;;22;3;7;1;1;1;2;2;3;5;0;1;0;0;1;8;
Thabo Sefolosha;;13;1;5;0;1;0;0;1;5;6;1;1;0;0;0;2;
Austin Daye;;1;0;0;0;0;0;0;0;1;1;0;0;0;0;0;0;
Shelvin Mack;;25;2;9;0;2;0;0;0;2;2;5;3;0;2;1;4;
Kent Bazemore;;18;2;2;0;0;1;2;0;3;3;1;1;0;1;1;5;
