10-29;WSH-MIA;95-107;
28-22;24-31;18-19;25-35;
WSH
Drew Gooden;PF;34;8;11;1;2;1;4;2;3;5;1;0;0;2;3;18;
Paul Pierce;SF;33;6;10;1;3;4;5;0;6;6;5;2;0;1;3;17;
Marcin Gortat;C;40;7;14;0;0;4;5;1;6;7;0;0;1;0;3;18;
John Wall;PG;37;6;13;0;2;4;4;0;3;3;11;2;0;6;3;16;
Garrett Temple;SG;31;2;8;2;6;0;0;2;5;7;1;2;1;3;1;6;
Kris Humphries;;13;2;6;0;0;0;0;0;2;2;0;0;0;2;3;4;
Otto Porter Jr.;;24;4;7;1;3;4;6;1;3;4;0;1;0;0;1;13;
Rasual Butler;;10;1;3;1;2;0;0;1;0;1;0;0;0;0;0;3;
Kevin Seraphin;;8;0;2;0;0;0;0;0;0;0;1;0;0;0;2;0;
Andre Miller;;10;0;1;0;1;0;0;0;1;1;1;0;0;0;1;0;
MIA
Luol Deng;SF;30;4;8;0;2;4;5;2;2;4;1;0;1;2;2;12;
Shawne Williams;SF;32;1;9;0;6;1;2;3;3;6;3;2;0;0;5;3;
Chris Bosh;C;39;9;18;3;4;5;5;4;11;15;4;1;1;3;1;26;
Norris Cole;PG;28;9;15;3;7;2;2;0;3;3;2;0;0;3;1;23;
Dwyane Wade;SG;31;8;16;2;3;3;3;0;1;1;3;2;0;2;2;21;
Chris Andersen;;24;2;2;0;0;3;4;2;4;6;1;2;1;0;0;7;
James Ennis;;15;2;4;0;2;1;1;0;2;2;0;0;0;0;1;5;
Mario Chalmers;;25;3;7;1;3;1;1;0;4;4;4;1;0;3;5;8;
Shabazz Napier;;15;1;2;0;1;0;0;1;2;3;2;1;0;1;0;2;
