12-27;ORL-CHA;102-94;
22-18;30-24;29-26;21-26;
ORL
Kyle O'Quinn;PF;14;1;3;1;2;0;0;0;1;1;3;0;0;0;2;3;
Tobias Harris;SF;34;7;16;2;4;5;8;1;5;6;3;2;2;1;2;21;
Nikola Vucevic;C;34;9;19;0;0;4;4;2;9;11;3;1;0;0;2;22;
Elfrid Payton;PG;35;4;13;0;1;3;4;2;5;7;8;1;0;0;2;11;
Victor Oladipo;SG;38;6;9;0;2;1;2;0;6;6;3;1;0;2;4;13;
Channing Frye;;21;2;3;1;2;0;0;0;4;4;0;1;0;1;2;5;
Dewayne Dedmon;;11;1;1;0;0;2;2;0;3;3;0;0;1;1;4;4;
Evan Fournier;;35;5;14;2;7;0;1;0;2;2;2;0;0;0;0;12;
Ben Gordon;;17;3;5;2;2;3;3;0;0;0;0;0;1;1;0;11;
CHA
Cody Zeller;PF;19;1;5;0;0;1;2;1;1;2;1;0;0;2;2;3;
Michael Kidd-Gilchrist;SF;35;3;8;0;0;3;4;2;6;8;2;0;2;0;3;9;
Al Jefferson;C;33;7;11;0;0;0;0;2;7;9;1;0;4;2;2;14;
Kemba Walker;PG;42;15;31;5;12;7;9;1;2;3;7;0;1;2;0;42;
Gerald Henderson;SG;29;3;8;1;2;0;0;0;2;2;2;1;0;1;4;7;
Marvin Williams;;27;3;8;0;3;3;3;2;6;8;2;0;0;0;4;9;
Bismack Biyombo;;10;0;0;0;0;0;0;0;2;2;0;0;1;1;1;0;
Brian Roberts;;7;1;3;1;2;0;0;0;2;2;2;0;0;1;1;3;
P.J. Hairston;;12;0;3;0;1;0;0;0;0;0;0;1;0;0;2;0;
Gary Neal;;26;3;9;1;4;0;0;1;4;5;1;0;0;1;0;7;
