12-23;PHI-MIA;91-87;
19-32;23-25;31-21;18-9;
PHI
Luc Richard Mbah a Moute;PF;39;8;16;0;2;3;4;1;5;6;0;2;1;3;3;19;
Robert Covington;SF;35;3;11;1;5;4;4;1;4;5;3;2;1;1;5;11;
Nerlens Noel;C;29;0;5;0;0;1;4;5;5;10;2;0;2;3;1;1;
Michael Carter-Williams;PG;44;9;18;2;4;0;0;1;2;3;5;6;1;3;1;20;
JaKarr Sampson;SG;20;3;6;0;2;2;2;0;1;1;0;1;1;1;3;8;
Jerami Grant;;26;3;7;1;2;4;7;1;6;7;0;0;3;0;2;11;
Henry Sims;;16;3;6;0;1;2;2;3;4;7;1;1;0;3;3;8;
K.J. McDaniels;;31;4;8;1;3;4;4;2;1;3;0;1;2;2;2;13;
MIA
Chris Andersen;PF;20;2;4;0;0;2;3;1;4;5;0;2;2;1;4;6;
Shawne Williams;SF;26;6;9;3;5;2;2;2;3;5;0;0;1;0;2;17;
Luol Deng;SF;32;3;11;1;6;0;0;1;3;4;2;3;0;3;1;7;
Mario Chalmers;PG;39;4;8;1;4;2;2;2;3;5;3;2;0;4;2;11;
Dwyane Wade;SG;34;9;21;0;3;5;7;2;3;5;6;0;0;3;2;23;
Udonis Haslem;;25;2;4;0;0;0;2;4;4;8;2;2;1;2;4;4;
Danny Granger;;23;2;7;2;3;0;0;0;3;3;0;0;0;3;1;6;
James Ennis;;16;3;6;0;2;0;0;1;2;3;0;0;0;1;2;6;
Hassan Whiteside;;5;0;2;0;0;0;0;0;0;0;0;0;2;2;0;0;
Norris Cole;;21;2;8;1;3;2;2;1;0;1;0;1;0;1;1;7;
