01-09;ORL-LAL;84-101;
20-29;25-25;22-19;17-28;
ORL
Kyle O'Quinn;PF;28;0;4;0;1;0;0;0;7;7;3;1;2;1;3;0;
Tobias Harris;SF;35;6;16;1;3;2;2;0;4;4;3;1;1;2;1;15;
Nikola Vucevic;C;28;6;12;0;0;2;2;2;9;11;1;1;0;1;2;14;
Elfrid Payton;PG;21;1;4;0;0;0;0;0;2;2;2;1;2;1;3;2;
Victor Oladipo;SG;35;5;10;0;0;7;10;1;1;2;3;2;0;3;3;17;
Andrew Nicholson;;17;2;6;1;3;0;2;0;2;2;0;0;2;1;5;5;
Channing Frye;;18;2;4;2;3;0;0;0;2;2;3;1;0;2;4;6;
Devyn Marble;;4;0;1;0;0;0;0;0;2;2;1;0;0;0;0;0;
Dewayne Dedmon;;5;0;1;0;0;0;0;1;1;2;0;1;0;0;0;0;
Luke Ridnour;;25;5;10;2;3;0;0;0;1;1;1;0;0;2;4;12;
Evan Fournier;;19;3;7;0;1;5;5;0;0;0;2;0;0;0;1;11;
Ben Gordon;;4;0;1;0;0;2;2;0;1;1;0;0;0;2;1;2;
LAL
Ed Davis;PF;22;5;8;0;0;0;0;6;4;10;1;1;3;0;1;10;
Ryan Kelly;PF;37;3;10;3;5;4;4;0;8;8;1;1;0;0;2;13;
Jordan Hill;C;23;5;12;0;0;1;2;1;8;9;2;0;0;1;1;11;
Ronnie Price;PG;24;3;7;1;3;0;1;0;1;1;4;1;0;2;5;7;
Wayne Ellington;SG;27;2;9;0;2;0;0;1;1;2;1;0;0;0;0;4;
Tarik Black;;17;4;4;0;0;6;7;5;4;9;0;0;1;0;2;14;
Carlos Boozer;;26;6;12;0;0;0;0;2;12;14;0;0;1;0;3;12;
Nick Young;;20;2;13;0;6;5;5;0;0;0;0;1;0;3;3;9;
Robert Sacre;;8;0;2;0;0;1;2;2;1;3;1;0;0;0;1;1;
Jordan Clarkson;;7;1;1;0;0;0;0;1;0;1;0;0;0;1;1;2;
Jeremy Lin;;29;5;12;3;5;5;10;0;3;3;6;4;2;5;2;18;
