02-27;MIL-LAL;93-101;
18-24;29-21;25-20;21-36;
MIL
Ersan Ilyasova;PF;29;5;10;1;4;6;8;3;9;12;0;1;0;1;4;17;
Giannis Antetokounmpo;SF;36;4;12;0;0;5;8;2;6;8;4;1;1;3;2;13;
Zaza Pachulia;C;25;2;6;0;0;4;4;1;6;7;0;1;1;0;2;8;
Michael Carter-Williams;PG;27;3;6;0;2;2;2;1;0;1;4;1;0;4;2;8;
Khris Middleton;SG;33;4;13;0;3;2;3;2;6;8;3;0;1;1;2;10;
Jared Dudley;;23;2;7;1;2;0;0;1;3;4;1;1;0;0;0;5;
Miles Plumlee;;8;3;6;0;0;0;0;1;0;1;1;0;1;0;0;6;
John Henson;;15;4;7;0;0;1;2;2;3;5;0;0;2;1;2;9;
Tyler Ennis;;12;2;6;1;2;0;0;0;2;2;4;1;0;0;0;5;
Jerryd Bayless;;32;5;14;1;4;1;2;0;1;1;1;1;0;1;3;12;
LAL
Carlos Boozer;PF;21;5;8;0;0;0;1;0;6;6;0;1;1;2;2;10;
Ryan Kelly;PF;25;2;8;0;4;4;5;0;3;3;1;1;0;2;5;8;
Robert Sacre;C;20;4;7;0;0;4;6;2;3;5;0;1;0;0;2;12;
Jordan Clarkson;PG;30;7;9;2;2;0;0;0;4;4;5;0;0;1;1;16;
Wayne Ellington;SG;36;6;13;2;6;0;0;0;6;6;5;2;0;1;3;14;
Ed Davis;;26;4;6;0;0;0;2;2;7;9;1;1;3;2;1;8;
Wesley Johnson;;28;2;6;1;4;0;0;1;4;5;3;1;0;4;1;5;
Jordan Hill;;24;6;18;0;0;2;2;4;3;7;2;0;1;0;3;14;
Jeremy Lin;;29;4;10;1;2;5;6;0;5;5;6;0;0;0;3;14;
