01-11;CLE-SAC;84-103;
29-30;15-29;20-26;20-18;
CLE
Kevin Love;PF;35;10;21;3;9;2;3;1;9;10;3;1;1;4;1;25;
Timofey Mozgov;C;33;6;8;0;0;2;4;4;8;12;0;0;2;0;3;14;
Kyrie Irving;PG;36;7;18;4;7;3;4;0;3;3;7;0;1;3;3;21;
J.R. Smith;SG;31;2;10;0;4;0;0;0;5;5;1;1;0;4;3;4;
Mike Miller;SG;25;1;3;1;3;0;0;0;1;1;0;0;0;1;0;3;
James Jones;;6;0;1;0;1;0;0;0;0;0;1;0;0;0;0;0;
Brendan Haywood;;6;1;2;0;0;0;0;0;4;4;0;0;1;0;0;2;
Tristan Thompson;;23;3;6;0;0;0;1;1;3;4;0;0;1;0;3;6;
Matthew Dellavedova;;24;2;5;2;4;0;0;0;2;2;5;0;0;1;4;6;
Joe Harris;;23;1;4;1;4;0;0;0;0;0;1;0;0;1;1;3;
SAC
Jason Thompson;PF;32;3;8;0;0;1;2;1;9;10;0;1;0;0;1;7;
Rudy Gay;SF;33;9;14;1;4;4;4;1;3;4;2;2;1;0;0;23;
DeMarcus Cousins;C;35;11;23;0;0;4;6;2;11;13;5;4;3;1;3;26;
Darren Collison;PG;33;6;10;2;3;2;2;0;2;2;7;0;0;0;2;16;
Ben McLemore;SG;27;3;8;1;5;0;0;1;3;4;3;1;0;0;1;7;
Derrick Williams;;16;2;6;1;3;0;0;0;3;3;0;0;0;0;0;5;
Carl Landry;;23;5;7;0;0;1;1;1;3;4;0;0;0;0;2;11;
Ryan Hollins;;5;1;2;0;0;1;2;1;1;2;0;0;0;0;0;3;
Ray McCallum;;20;2;6;1;1;0;0;0;2;2;3;0;0;2;1;5;
Nik Stauskas;;17;0;2;0;1;0;0;0;1;1;0;0;0;1;1;0;
