03-23;MIN-UTAH;106-104;
20-22;22-26;18-15;36-33;10-8;
MIN
Adreian Payne;PF;22;4;7;0;0;0;0;4;5;9;0;0;0;2;2;8;
Andrew Wiggins;SF;49;10;19;0;1;2;3;1;6;7;1;2;1;4;2;22;
Gorgui Dieng;C;45;4;8;0;0;3;4;3;2;5;1;3;3;1;5;11;
Lorenzo Brown;PG;45;4;5;0;0;2;3;1;6;7;6;2;0;3;5;10;
Zach LaVine;PG;46;7;19;5;6;8;10;0;3;3;4;0;0;7;3;27;
Chase Budinger;;39;4;13;4;8;3;3;1;2;3;5;2;0;1;4;15;
Sean Kilpatrick;;20;4;7;3;4;2;2;1;2;3;2;1;0;1;2;13;
UTAH
Derrick Favors;PF;42;8;13;0;0;3;7;4;8;12;4;0;2;0;4;19;
Joe Ingles;SF;34;7;10;4;6;0;0;1;1;2;0;1;0;6;3;18;
Rudy Gobert;C;41;7;11;0;0;4;8;11;6;17;1;1;6;1;3;18;
Rodney Hood;SG;20;3;8;2;2;0;0;0;0;0;4;2;0;1;1;8;
Dante Exum;SG;25;2;5;0;3;0;0;2;1;3;3;1;0;0;3;4;
Trevor Booker;;20;2;5;0;0;1;4;0;5;5;1;0;2;1;1;5;
Jeremy Evans;;2;0;0;0;0;0;0;1;0;1;0;0;0;0;0;0;
Bryce Cotton;;11;1;4;1;2;0;0;0;1;1;1;0;0;1;0;3;
Trey Burke;;38;4;22;2;13;6;6;0;1;1;6;4;0;5;2;16;
Elijah Millsap;;30;4;9;0;2;5;6;2;2;4;1;2;1;2;3;13;
