12-17;MEM-SA;117-116;
34-19;18-26;21-23;19-24;10-10;9-9;6-5;
MEM
Zach Randolph;PF;48;9;19;0;0;3;4;6;15;21;1;2;0;1;3;21;
Marc Gasol;C;46;10;16;1;1;5;6;3;6;9;2;1;2;4;4;26;
Mike Conley;PG;47;5;19;2;7;2;2;0;8;8;10;2;0;3;3;14;
Courtney Lee;SG;53;6;13;2;2;0;0;0;2;2;4;1;0;1;4;14;
Quincy Pondexter;SG;23;2;6;0;3;0;0;2;2;4;2;2;0;0;1;4;
Jon Leuer;;14;1;4;0;1;0;0;1;2;3;1;1;1;0;2;2;
Kosta Koufos;;17;8;10;0;0;0;0;0;7;7;0;0;2;0;4;16;
Beno Udrih;;16;0;4;0;3;0;0;0;1;1;6;0;1;1;0;0;
Vince Carter;;41;6;13;5;9;1;2;1;2;3;3;3;0;0;3;18;
Nick Calathes;;9;1;3;0;1;0;0;0;0;0;0;0;0;2;3;2;
SA
Tim Duncan;PF;48;9;22;0;0;5;15;6;10;16;5;2;3;4;4;23;
Kyle Anderson;SF;13;1;3;0;0;1;1;0;1;1;1;0;1;0;0;3;
Matt Bonner;C;15;0;1;0;0;0;0;0;0;0;0;0;0;1;2;0;
Cory Joseph;PG;38;4;10;0;1;0;0;2;4;6;5;1;0;1;1;8;
Danny Green;SG;52;9;17;7;13;0;0;0;7;7;3;2;5;1;1;25;
Marco Belinelli;;43;6;11;3;6;0;0;1;3;4;2;0;0;1;1;15;
Austin Daye;;1;0;0;0;0;0;0;0;0;0;0;0;0;0;0;0;
Boris Diaw;;39;5;15;3;6;4;4;6;7;13;5;0;0;2;2;17;
Tiago Splitter;;24;2;6;0;0;0;0;2;3;5;2;1;2;1;5;4;
Manu Ginobili;;41;7;20;4;9;3;7;2;6;8;8;0;0;3;0;21;
