01-23;BOS-DEN;100-99;
20-28;22-20;33-26;25-25;
BOS
Jared Sullinger;PF;29;5;13;0;4;4;8;3;5;8;2;2;0;3;5;14;
Brandon Bass;PF;35;5;12;0;0;7;8;2;7;9;5;3;1;0;3;17;
Jae Crowder;SF;22;3;3;2;2;1;1;1;4;5;0;0;1;0;0;9;
Avery Bradley;PG;30;7;11;4;5;0;0;0;6;6;1;0;0;4;3;18;
Evan Turner;SG;28;5;8;0;2;0;2;0;2;2;6;1;2;1;3;10;
Gerald Wallace;;8;0;0;0;0;0;0;0;0;0;0;1;0;0;0;0;
Tayshaun Prince;;17;2;5;0;1;0;0;1;1;2;0;0;2;2;1;4;
Tyler Zeller;;23;5;10;0;0;1;2;1;5;6;0;0;0;1;1;11;
Phil Pressey;;16;1;4;1;3;3;4;0;1;1;3;0;0;2;1;6;
Marcus Smart;;14;1;2;1;2;1;2;0;0;0;3;0;0;1;5;4;
Marcus Thornton;;18;3;7;1;2;0;0;0;2;2;0;1;0;0;2;7;
DEN
Kenneth Faried;PF;38;4;12;0;0;3;5;4;10;14;3;0;1;1;4;11;
Wilson Chandler;SF;36;5;15;1;5;3;4;2;4;6;2;3;1;0;1;14;
Jusuf Nurkic;C;15;3;7;0;0;0;0;4;4;8;0;0;0;1;3;6;
Jameer Nelson;PG;42;9;20;4;7;1;2;0;0;0;7;1;0;4;2;23;
Arron Afflalo;SG;39;6;13;1;4;7;7;1;3;4;4;0;0;1;3;20;
Darrell Arthur;;13;3;5;0;0;0;0;0;2;2;0;1;0;2;4;6;
J.J. Hickson;;29;6;8;0;0;3;6;6;8;14;3;2;0;1;1;15;
Danilo Gallinari;;17;1;7;0;3;2;2;0;0;0;0;1;0;0;0;4;
Randy Foye;;11;0;2;0;2;0;0;0;0;0;1;0;0;2;1;0;
