11-23;LAC-MEM;91-107;
21-26;19-27;32-35;19-19;
LAC
Blake Griffin;PF;33;5;17;0;0;2;4;1;3;4;3;1;0;4;3;12;
Matt Barnes;SF;19;4;6;1;3;0;2;0;2;2;0;0;0;0;3;9;
DeAndre Jordan;C;20;1;2;0;0;0;0;2;1;3;0;2;0;2;4;2;
Chris Paul;PG;34;7;13;1;2;7;7;0;5;5;5;4;0;2;3;22;
J.J. Redick;SG;26;5;10;3;6;2;2;0;1;1;1;0;0;0;2;15;
Glen Davis;;15;2;2;0;0;0;2;0;4;4;0;2;1;2;4;4;
Spencer Hawes;;24;2;7;0;3;1;2;2;8;10;1;0;0;0;2;5;
Ekpe Udoh;;3;0;0;0;0;0;0;0;0;0;0;0;0;0;0;0;
Hedo Turkoglu;;15;1;1;0;0;1;2;0;1;1;1;0;0;0;1;3;
Jordan Farmar;;16;0;3;0;3;0;0;0;1;1;2;0;0;0;4;0;
Jared Cunningham;;3;0;1;0;1;0;0;0;0;0;0;0;0;0;0;0;
Reggie Bullock;;3;0;2;0;1;0;0;0;0;0;0;0;0;0;0;0;
Jamal Crawford;;28;5;13;2;6;7;7;0;1;1;1;1;0;0;1;19;
MEM
Zach Randolph;PF;29;5;11;0;0;0;0;3;5;8;1;1;0;4;2;10;
Tony Allen;SF;20;4;9;0;1;4;4;3;2;5;1;0;1;1;3;12;
Marc Gasol;C;34;13;18;0;0;4;5;1;11;12;1;0;2;1;2;30;
Mike Conley;PG;27;2;6;1;3;2;5;0;3;3;7;0;0;2;3;7;
Courtney Lee;SG;39;4;10;3;5;2;3;0;3;3;3;2;0;5;0;13;
Jon Leuer;;19;4;8;1;2;0;0;1;4;5;1;0;0;1;2;9;
Jarnell Stokes;;3;0;0;0;0;0;0;0;1;1;0;0;0;1;2;0;
Kosta Koufos;;12;1;3;0;0;0;1;0;6;6;1;0;0;0;2;2;
Beno Udrih;;20;4;8;1;3;2;2;1;2;3;5;0;0;0;2;11;
Vince Carter;;9;1;3;0;2;0;0;0;3;3;0;0;0;0;0;2;
Nick Calathes;;8;0;1;0;1;0;0;1;0;1;0;0;0;0;0;0;
Quincy Pondexter;;21;4;8;1;4;2;3;2;0;2;0;0;0;2;3;11;
