02-22;BOS-LAL;111-118;
32-26;26-30;20-17;28-33;5-12;
BOS
Brandon Bass;PF;40;7;11;0;1;1;2;0;5;5;1;0;2;1;3;15;
Tyler Zeller;C;36;4;8;0;0;0;0;5;6;11;3;0;1;3;5;8;
Avery Bradley;PG;42;8;20;4;10;0;3;1;4;5;3;3;0;0;4;20;
Marcus Smart;PG;31;3;9;0;5;5;7;1;4;5;3;1;1;3;6;11;
Evan Turner;SG;36;5;19;0;3;2;3;2;4;6;12;2;0;4;2;12;
Jonas Jerebko;;5;0;2;0;1;0;0;1;0;1;0;0;0;0;1;0;
Gerald Wallace;;9;1;1;0;0;0;0;0;1;1;1;1;0;0;2;2;
Jae Crowder;;30;8;14;1;5;5;5;1;6;7;0;0;1;0;4;22;
Isaiah Thomas;;25;6;13;3;7;6;7;1;4;5;3;2;0;4;3;21;
James Young;;10;0;1;0;1;0;0;1;1;2;1;0;0;1;1;0;
LAL
Carlos Boozer;PF;28;6;10;0;0;0;3;2;6;8;1;0;0;2;4;12;
Ryan Kelly;PF;21;2;5;0;2;2;2;0;3;3;0;0;0;0;1;6;
Robert Sacre;C;11;0;2;0;0;0;0;0;2;2;1;0;0;0;0;0;
Jordan Clarkson;PG;17;4;8;0;2;1;1;0;4;4;2;0;0;3;3;9;
Wayne Ellington;SG;30;2;7;1;2;2;2;0;4;4;2;0;0;1;2;7;
Tarik Black;;4;0;1;0;0;0;0;1;2;3;0;0;0;1;3;0;
Ed Davis;;27;2;4;0;0;1;4;1;6;7;1;0;2;0;1;5;
Nick Young;;26;5;9;3;5;6;8;0;1;1;1;1;1;1;1;19;
Wesley Johnson;;33;9;11;2;3;2;2;1;4;5;2;2;0;3;1;22;
Jordan Hill;;19;3;9;0;0;4;6;0;5;5;1;0;1;3;1;10;
Ronnie Price;;18;0;3;0;1;3;4;1;3;4;5;4;0;2;6;3;
Jeremy Lin;;30;10;15;1;3;4;6;0;0;0;6;1;0;1;4;25;
