03-27;CHA-WSH;107-110;
19-28;35-31;25-16;17-21;5-5;6-9;
CHA
Marvin Williams;PF;44;2;7;1;5;0;0;0;10;10;2;1;1;0;1;5;
Michael Kidd-Gilchrist;SF;23;4;11;0;0;3;4;2;6;8;0;1;1;1;1;11;
Al Jefferson;C;40;14;24;0;1;3;3;3;7;10;0;0;0;0;4;31;
Kemba Walker;PG;46;3;17;1;4;2;2;0;1;1;10;3;2;2;0;9;
Gerald Henderson;SG;40;3;8;1;2;4;4;1;13;14;2;1;1;1;1;11;
Jason Maxiell;;14;0;2;0;0;0;3;0;2;2;0;1;0;0;3;0;
Jeff Taylor;;1;0;0;0;0;1;2;0;0;0;0;0;0;0;0;1;
Bismack Biyombo;;18;0;3;0;0;3;4;2;3;5;0;1;4;2;1;3;
Mo Williams;;41;8;26;4;10;6;7;1;8;9;10;2;2;4;4;26;
P.J. Hairston;;11;1;3;1;3;5;6;1;1;2;0;0;0;0;1;8;
Lance Stephenson;;12;1;3;0;0;0;0;0;0;0;1;1;0;1;1;2;
WSH
Nene Hilario;PF;20;5;9;0;0;0;2;1;4;5;0;0;0;2;2;10;
Paul Pierce;SF;23;2;9;0;6;2;4;1;3;4;2;0;3;0;2;6;
Marcin Gortat;C;44;4;9;0;0;0;0;5;11;16;3;3;4;0;5;8;
John Wall;PG;48;12;30;2;4;6;8;0;9;9;6;2;0;6;4;32;
Bradley Beal;SG;43;7;18;2;3;0;0;2;4;6;6;3;0;5;2;16;
Drew Gooden;;39;5;11;3;4;2;2;5;12;17;4;1;0;1;1;15;
Martell Webster;;12;0;4;0;3;2;4;0;0;0;0;0;0;0;0;2;
Rasual Butler;;26;4;10;2;4;0;0;1;3;4;0;0;1;0;4;10;
Kevin Seraphin;;13;1;5;0;0;0;0;1;3;4;0;0;1;1;3;2;
Will Bynum;;3;0;1;0;0;0;0;0;0;0;1;0;0;0;1;0;
Ramon Sessions;;19;4;7;0;1;1;2;1;6;7;3;0;0;1;2;9;
