03-24;PHI-SAC;106-107;
31-27;39-36;14-24;22-20;
PHI
Luc Richard Mbah a Moute;PF;28;1;5;1;3;2;2;0;6;6;1;2;2;0;0;5;
Robert Covington;SF;27;7;9;5;6;2;4;0;3;3;1;1;1;4;5;21;
Nerlens Noel;C;29;5;10;0;0;4;5;3;7;10;3;0;6;2;5;14;
Ish Smith;PG;30;5;14;1;2;2;2;0;8;8;7;1;0;7;2;13;
JaKarr Sampson;SG;19;3;5;2;3;0;0;0;2;2;0;0;0;0;2;8;
Furkan Aldemir;;10;1;2;0;1;0;0;1;1;2;1;1;0;0;4;2;
Thomas Robinson;;21;7;12;0;0;2;4;2;6;8;2;0;1;1;3;16;
Jerami Grant;;22;1;3;1;2;0;2;0;2;2;1;0;0;2;5;3;
Henry Sims;;8;0;0;0;0;0;0;0;1;1;0;0;0;1;1;0;
Isaiah Canaan;;19;5;10;2;6;1;1;0;0;0;1;1;0;1;1;13;
Hollis Thompson;;27;5;11;1;5;0;1;1;1;2;1;0;1;2;1;11;
SAC
Rudy Gay;SF;41;6;19;1;4;8;9;1;7;8;3;1;2;3;2;21;
Omri Casspi;SF;25;2;6;1;3;0;0;1;4;5;1;1;0;1;2;5;
DeMarcus Cousins;C;36;8;27;0;1;17;19;10;7;17;3;4;4;3;5;33;
Ray McCallum;PG;32;5;17;1;6;0;2;3;3;6;2;2;1;0;2;11;
Ben McLemore;SG;34;4;8;1;1;0;0;0;2;2;1;1;0;1;2;9;
Derrick Williams;;14;2;5;1;2;3;4;2;2;4;0;0;0;0;0;8;
Jason Thompson;;19;4;6;0;0;0;2;3;1;4;2;0;0;0;1;8;
Reggie Evans;;4;1;2;0;0;0;0;0;2;2;0;0;0;0;1;2;
Andre Miller;;16;1;1;0;0;2;2;0;0;0;6;1;0;2;3;4;
Nik Stauskas;;20;2;6;2;3;0;0;0;2;2;3;0;2;0;2;6;
