04-15;IND-MEM;83-95;
24-22;17-32;20-19;22-22;
IND
David West;PF;28;1;6;0;1;2;2;2;2;4;1;0;1;1;3;4;
Solomon Hill;SF;21;0;3;0;0;0;0;2;1;3;1;0;0;0;1;0;
Roy Hibbert;C;25;3;4;0;0;1;2;1;3;4;1;1;1;2;4;7;
George Hill;PG;38;9;16;2;6;0;0;1;4;5;6;2;1;3;4;20;
C.J. Miles;SG;33;10;22;5;12;1;1;0;2;2;0;2;1;0;2;26;
Luis Scola;;19;2;4;0;0;3;6;0;4;4;0;0;2;0;1;7;
Lavoy Allen;;5;0;1;0;0;0;0;0;1;1;0;0;0;1;0;0;
Paul George;;15;1;5;0;2;0;0;1;3;4;1;0;0;2;5;2;
Damjan Rudez;;1;0;0;0;0;0;0;0;0;0;0;0;0;0;0;0;
Ian Mahinmi;;17;3;4;0;0;0;0;4;1;5;0;0;1;0;4;6;
Donald Sloan;;8;0;0;0;0;0;0;0;1;1;1;0;0;2;1;0;
Rodney Stuckey;;28;3;13;1;3;4;4;2;1;3;4;2;1;1;1;11;
MEM
Zach Randolph;PF;35;7;12;0;0;4;4;1;8;9;0;0;0;3;3;18;
Jeff Green;SF;34;6;14;1;4;1;1;2;0;2;3;1;1;4;3;14;
Marc Gasol;C;38;13;19;0;0;7;9;5;8;13;0;2;1;1;3;33;
Beno Udrih;PG;16;1;3;0;0;0;0;0;1;1;0;1;0;1;0;2;
Courtney Lee;SG;26;2;5;1;1;3;4;0;1;1;0;0;1;0;0;8;
JaMychal Green;;1;0;0;0;0;0;0;0;1;1;0;0;0;0;0;0;
Kosta Koufos;;16;1;3;0;0;4;4;3;6;9;0;0;0;0;2;6;
Nick Calathes;;32;3;7;0;0;2;4;3;3;6;6;4;0;2;4;8;
Jordan Adams;;23;3;7;0;0;0;0;2;3;5;2;1;0;0;1;6;
Vince Carter;;19;0;6;0;4;0;0;0;1;1;1;1;0;1;1;0;
