02-11;NY-ORL;83-89;
24-27;23-17;13-20;23-25;
NY
Lou Amundson;PF;15;0;1;0;0;0;0;0;5;5;1;1;1;0;2;0;
Jason Smith;PF;36;10;16;1;1;4;6;2;5;7;0;0;0;2;1;25;
Langston Galloway;PG;24;1;6;0;0;6;6;0;2;2;3;0;0;0;5;8;
Jose Calderon;PG;36;4;11;1;3;0;0;1;1;2;7;1;0;1;2;9;
Tim Hardaway Jr.;SG;32;2;9;1;6;5;7;0;2;2;2;0;0;1;2;10;
Cleanthony Early;;16;1;5;1;2;0;0;0;2;2;0;0;0;0;3;3;
Quincy Acy;;1;1;1;0;0;0;0;0;0;0;0;0;0;0;0;2;
Andrea Bargnani;;17;3;9;0;0;5;6;0;5;5;0;0;1;1;0;11;
Amar'e Stoudemire;;14;0;3;0;0;5;6;3;1;4;1;0;0;3;4;5;
Cole Aldrich;;13;2;7;0;0;1;2;1;2;3;0;2;1;0;1;5;
Shane Larkin;;18;0;2;0;0;2;3;0;2;2;2;1;0;2;0;2;
Pablo Prigioni;;18;1;3;1;3;0;0;1;4;5;3;2;1;2;1;3;
ORL
Channing Frye;PF;10;1;3;1;3;0;0;0;0;0;0;1;0;0;1;3;
Nikola Vucevic;C;41;12;20;0;0;4;6;2;16;18;0;0;0;4;3;28;
Elfrid Payton;PG;33;4;8;0;1;4;5;2;3;5;4;2;0;3;1;12;
Evan Fournier;SG;28;2;6;1;1;0;0;0;3;3;1;0;0;0;2;5;
Victor Oladipo;SG;38;4;11;0;2;11;11;1;4;5;4;1;1;3;4;19;
Aaron Gordon;;7;1;2;0;0;0;0;1;0;1;0;0;0;1;2;2;
Kyle O'Quinn;;17;0;3;0;1;1;2;0;7;7;1;1;1;3;3;1;
Dewayne Dedmon;;21;1;1;0;0;0;0;1;2;3;0;0;6;1;6;2;
Luke Ridnour;;15;2;3;0;0;0;0;0;2;2;1;0;0;1;1;4;
Willie Green;;24;4;8;2;3;3;4;0;0;0;2;1;1;0;3;13;
Ben Gordon;;7;0;2;0;0;0;0;0;0;0;0;0;0;0;0;0;
