02-26;GS-CLE;99-110;
33-32;23-29;22-29;21-20;
GS
Harrison Barnes;SF;28;4;10;3;5;0;2;3;4;7;3;1;0;2;4;11;
Draymond Green;SF;38;7;13;0;4;2;5;3;5;8;4;5;0;1;4;16;
Andrew Bogut;C;21;3;8;0;0;0;0;2;3;5;2;0;2;1;2;6;
Stephen Curry;PG;34;5;17;3;9;5;5;0;3;3;6;1;0;4;3;18;
Klay Thompson;SG;34;5;13;3;5;0;0;1;6;7;4;0;3;3;1;13;
David Lee;;21;8;11;0;0;3;5;2;2;4;2;0;1;2;4;19;
Marreese Speights;;7;0;1;0;0;0;0;0;0;0;1;1;0;0;1;0;
Shaun Livingston;;14;0;4;0;0;0;2;1;4;5;3;1;0;0;0;0;
Justin Holiday;;1;1;1;0;0;0;0;0;0;0;0;0;0;0;0;2;
Leandro Barbosa;;15;2;5;1;3;0;0;0;0;0;1;0;0;1;1;5;
Andre Iguodala;;30;4;9;1;3;0;0;2;3;5;6;1;0;0;4;9;
CLE
Kevin Love;PF;37;5;10;3;5;3;4;0;8;8;1;0;0;2;2;16;
LeBron James;SF;36;15;25;4;9;8;11;1;10;11;5;3;1;6;5;42;
Timofey Mozgov;C;25;4;8;0;0;2;2;0;10;10;2;1;1;2;3;10;
Kyrie Irving;PG;38;6;17;2;8;10;10;1;2;3;1;2;0;2;1;24;
J.R. Smith;SG;36;1;5;0;2;2;2;1;3;4;5;4;0;1;1;4;
James Jones;;1;0;0;0;0;0;0;0;0;0;0;0;0;0;0;0;
Kendrick Perkins;;2;0;0;0;0;0;0;0;1;1;0;0;0;1;2;0;
Brendan Haywood;;1;0;0;0;0;0;0;0;1;1;0;0;0;0;0;0;
Tristan Thompson;;22;4;6;0;0;4;6;3;5;8;0;0;0;2;0;12;
Mike Miller;;1;0;0;0;0;0;0;0;0;0;0;0;0;0;0;0;
Iman Shumpert;;31;0;3;0;2;0;0;2;3;5;0;0;0;0;2;0;
Matthew Dellavedova;;10;1;2;0;1;0;0;0;0;0;1;0;0;0;3;2;
Joe Harris;;1;0;1;0;1;0;0;0;0;0;0;0;0;0;0;0;
