03-11;DET-GS;98-105;
25-30;26-26;25-23;22-26;
DET
Greg Monroe;PF;32;7;18;0;0;6;6;0;8;8;1;1;2;3;3;20;
Caron Butler;SF;20;1;3;0;0;2;2;0;1;1;1;0;0;0;0;4;
Andre Drummond;C;34;11;23;0;0;0;2;15;10;25;0;2;2;3;3;22;
Reggie Jackson;PG;31;7;15;0;1;0;0;1;1;2;9;0;0;4;4;14;
Kentavious Caldwell-Pope;SG;36;6;15;1;5;0;0;1;1;2;3;2;0;0;1;13;
Anthony Tolliver;;7;1;2;0;0;0;0;0;0;0;0;1;0;0;0;2;
Cartier Martin;;16;0;2;0;1;0;0;0;2;2;2;0;0;0;1;0;
Tayshaun Prince;;24;3;7;0;0;2;2;2;2;4;1;0;0;0;0;8;
Spencer Dinwiddie;;17;3;9;2;4;0;0;0;2;2;1;0;0;3;2;8;
Jodie Meeks;;24;3;4;1;1;0;0;0;3;3;0;0;1;0;2;7;
GS
Harrison Barnes;SF;23;2;3;1;2;0;0;1;4;5;1;0;0;2;0;5;
Draymond Green;SF;31;4;11;0;3;5;7;1;6;7;3;0;0;3;3;13;
Andrew Bogut;C;30;6;8;0;0;0;0;2;4;6;3;0;2;1;1;12;
Stephen Curry;PG;34;4;15;1;7;0;0;1;4;5;11;1;0;3;1;9;
Klay Thompson;SG;35;11;19;3;6;2;2;0;2;2;3;1;1;2;1;27;
Marreese Speights;;18;6;9;0;0;0;0;0;5;5;0;0;2;2;3;12;
Shaun Livingston;;22;2;7;0;0;0;0;2;2;4;5;0;0;1;1;4;
Leandro Barbosa;;19;3;5;1;1;3;3;0;1;1;1;1;0;1;0;10;
Andre Iguodala;;28;6;7;1;1;0;1;3;4;7;2;2;1;2;1;13;
