03-04;SAC-SA;85-112;
27-26;11-28;23-31;24-27;
SAC
Jason Thompson;PF;26;3;8;0;0;0;0;1;6;7;0;2;0;2;2;6;
Rudy Gay;SF;27;4;16;0;1;2;4;1;4;5;3;1;0;1;1;10;
DeMarcus Cousins;C;22;5;12;0;0;4;7;1;2;3;0;3;2;5;4;14;
Ray McCallum;PG;30;6;12;0;0;0;1;2;5;7;4;3;1;1;1;12;
Ben McLemore;SG;39;3;8;1;3;2;4;2;0;2;2;3;1;3;1;9;
Derrick Williams;;19;1;4;1;1;8;8;0;1;1;0;0;0;1;2;11;
Carl Landry;;7;0;0;0;0;2;2;0;0;0;0;0;0;0;0;2;
Omri Casspi;;21;2;6;0;0;1;2;0;2;2;0;0;0;1;0;5;
Ryan Hollins;;13;1;3;0;0;3;4;1;4;5;1;1;0;1;1;5;
Andre Miller;;18;1;3;0;1;2;2;0;3;3;4;1;0;2;0;4;
Nik Stauskas;;19;3;6;1;3;0;0;0;0;0;1;0;0;0;1;7;
SA
Tim Duncan;PF;19;2;4;0;0;1;2;1;5;6;4;0;3;0;5;5;
Kawhi Leonard;SF;29;9;11;2;4;1;4;1;4;5;1;3;1;1;1;21;
Tiago Splitter;C;18;2;4;0;0;0;0;1;3;4;1;1;1;1;3;4;
Tony Parker;PG;25;8;14;0;1;3;3;0;1;1;3;2;0;1;1;19;
Danny Green;SG;23;3;7;2;4;5;5;0;2;2;0;1;1;1;1;13;
Jeff Ayres;;10;1;1;0;0;1;1;0;7;7;0;1;2;0;1;3;
Marco Belinelli;;25;5;12;3;6;0;0;0;0;0;3;1;1;2;4;13;
Aron Baynes;;13;2;5;0;0;0;0;2;2;4;1;1;0;2;2;4;
Matt Bonner;;7;1;1;0;0;0;0;1;0;1;1;0;0;0;0;2;
Boris Diaw;;23;4;7;0;2;0;0;1;4;5;3;1;0;2;1;8;
Patty Mills;;17;2;7;1;3;0;0;1;2;3;2;0;0;0;1;5;
Cory Joseph;;10;1;3;0;0;0;0;0;0;0;1;0;0;1;0;2;
Manu Ginobili;;21;5;9;2;3;1;1;0;6;6;3;2;1;6;3;13;
