02-25;SA-POR;95-111;
16-32;34-19;21-30;24-30;
SA
Tim Duncan;PF;28;9;12;0;0;2;2;1;7;8;2;1;0;2;1;20;
Kawhi Leonard;SF;35;5;13;1;4;3;3;2;6;8;3;4;1;2;1;14;
Aron Baynes;C;19;3;5;0;0;0;0;0;3;3;1;0;0;1;2;6;
Tony Parker;PG;27;1;8;0;0;0;0;0;2;2;4;1;0;4;4;2;
Danny Green;SG;32;4;9;3;7;6;6;3;2;5;0;0;1;1;3;17;
Jeff Ayres;;2;1;2;0;0;0;1;1;0;1;0;0;0;0;0;2;
Marco Belinelli;;21;4;6;1;2;0;0;0;0;0;0;0;0;1;0;9;
Matt Bonner;;3;0;0;0;0;0;0;0;0;0;0;0;0;0;0;0;
Boris Diaw;;21;2;11;1;2;0;0;1;1;2;4;1;0;1;3;5;
Tiago Splitter;;17;3;4;0;0;0;0;2;2;4;1;0;1;0;1;6;
Patty Mills;;10;4;9;2;4;0;0;0;1;1;2;0;0;0;0;10;
Cory Joseph;;12;0;1;0;0;2;2;0;2;2;1;1;1;0;0;2;
Manu Ginobili;;13;1;5;0;2;0;0;0;1;1;2;0;1;1;1;2;
POR
LaMarcus Aldridge;PF;35;5;19;0;1;1;2;2;11;13;1;1;0;1;2;11;
Nicolas Batum;SF;37;6;8;3;5;0;0;3;1;4;9;2;1;5;1;15;
Robin Lopez;C;26;2;3;0;0;2;2;1;4;5;1;0;2;0;1;6;
Damian Lillard;PG;34;7;15;3;4;1;1;1;6;7;5;1;0;3;2;18;
Wesley Matthews;SG;34;11;18;4;10;5;7;2;3;5;3;3;0;0;2;31;
Allen Crabbe;;1;0;0;0;0;0;0;0;0;0;1;0;0;0;0;0;
Alonzo Gee;;1;0;1;0;0;0;0;0;0;0;0;0;0;0;0;0;
Dorell Wright;;1;0;0;0;0;0;0;0;1;1;0;0;1;0;1;0;
Meyers Leonard;;11;2;2;1;1;0;0;0;2;2;1;0;0;1;2;5;
Chris Kaman;;18;4;5;0;0;3;3;3;3;6;0;0;0;1;3;11;
Steve Blake;;17;2;6;0;1;0;0;0;1;1;4;1;0;0;1;4;
C.J. McCollum;;1;0;0;0;0;0;0;0;0;0;0;0;0;0;0;0;
Arron Afflalo;;25;4;8;2;4;0;0;0;1;1;0;1;0;2;1;10;
