12-06;NO-LAC;100-120;
18-34;36-20;24-39;22-27;
NO
Anthony Davis;PF;33;9;15;0;0;8;9;1;2;3;0;0;1;0;3;26;
Luke Babbitt;SF;18;4;6;4;5;0;0;0;3;3;0;0;0;0;3;12;
Omer Asik;C;26;3;4;0;0;4;6;5;5;10;2;1;0;3;1;10;
Jrue Holiday;PG;28;3;7;0;2;1;2;0;3;3;6;0;0;3;0;7;
Tyreke Evans;SG;25;5;13;1;4;2;4;2;4;6;4;0;0;0;3;13;
Dante Cunningham;;21;1;3;0;0;0;0;0;2;2;1;0;1;0;1;2;
Ryan Anderson;;26;7;14;2;8;0;0;1;2;3;0;1;0;2;5;16;
John Salmons;;18;1;4;0;1;0;0;0;2;2;1;2;0;0;1;2;
Jeff Withey;;3;0;0;0;0;0;0;0;0;0;0;0;0;0;0;0;
Alexis Ajinca;;9;2;2;0;0;0;2;2;5;7;0;0;0;0;0;4;
Gal Mekel;;11;0;4;0;1;0;0;0;0;0;6;0;0;2;0;0;
Austin Rivers;;24;3;8;1;2;1;2;1;5;6;6;0;0;1;1;8;
LAC
Blake Griffin;PF;30;10;15;0;1;10;15;1;6;7;5;1;0;1;3;30;
Matt Barnes;SF;34;5;8;4;7;0;0;1;3;4;1;1;0;1;5;14;
DeAndre Jordan;C;35;4;4;0;0;0;1;4;14;18;2;0;5;1;4;8;
Chris Paul;PG;30;7;13;4;6;0;0;0;6;6;16;0;0;2;2;18;
J.J. Redick;SG;36;8;14;5;9;0;0;0;0;0;3;2;0;1;2;21;
Ekpe Udoh;;3;0;1;0;0;0;0;0;1;1;0;0;1;0;0;0;
Glen Davis;;9;0;2;0;0;1;2;0;0;0;1;0;0;0;1;1;
Spencer Hawes;;19;1;4;0;2;0;0;0;2;2;1;0;0;1;2;2;
Hedo Turkoglu;;6;1;2;1;2;0;0;0;0;0;0;1;0;0;1;3;
Jared Cunningham;;9;0;3;0;0;0;0;0;0;0;1;0;0;0;0;0;
C.J. Wilcox;;3;1;1;1;1;0;0;0;0;0;0;0;0;0;0;3;
Jamal Crawford;;25;6;11;2;4;6;6;0;0;0;4;2;0;0;0;20;
