12-31;MIA-IND;95-106;
24-20;27-22;19-36;25-28;
MIA
Chris Andersen;PF;21;3;7;0;0;5;6;3;4;7;0;0;2;0;2;11;
Luol Deng;SF;32;6;11;0;2;3;5;0;3;3;3;0;0;0;0;15;
Chris Bosh;C;38;7;14;2;4;2;3;0;8;8;1;0;0;0;2;18;
Mario Chalmers;PG;33;2;6;1;3;0;0;0;2;2;6;0;0;4;5;5;
Dwyane Wade;SG;38;9;20;0;2;2;2;1;1;2;7;2;3;1;4;20;
Danny Granger;;25;6;9;2;4;0;0;0;3;3;0;1;0;2;4;14;
Shawne Williams;;10;0;0;0;0;0;0;0;0;0;0;0;0;0;3;0;
Hassan Whiteside;;20;3;6;0;0;0;0;3;4;7;0;1;3;0;2;6;
Norris Cole;;23;2;4;0;1;2;2;1;3;4;3;1;0;4;2;6;
IND
David West;PF;31;4;7;1;1;1;1;0;6;6;4;1;1;2;1;10;
Solomon Hill;SF;25;1;4;0;0;6;6;0;1;1;3;0;0;0;3;8;
Roy Hibbert;C;29;4;8;0;0;2;2;3;7;10;3;0;0;2;2;10;
Rodney Stuckey;PG;19;3;5;0;0;0;0;1;1;2;2;0;0;0;1;6;
George Hill;PG;31;7;14;2;4;4;4;1;2;3;1;0;1;1;4;20;
Luis Scola;;17;2;8;0;0;1;2;2;1;3;2;2;0;0;0;5;
Lavoy Allen;;19;2;5;0;0;0;0;1;1;2;0;0;0;0;2;4;
Chris Copeland;;14;3;8;1;2;0;1;2;1;3;0;0;0;1;0;7;
C.J. Watson;;21;3;4;1;1;4;4;1;1;2;4;0;1;3;4;11;
C.J. Miles;;34;6;16;5;10;8;10;0;7;7;4;1;1;1;1;25;
