02-01;LAL-NY;80-92;
19-32;20-15;18-25;23-20;
LAL
Ryan Kelly;PF;22;2;4;1;3;0;0;0;1;1;0;0;0;1;2;5;
Jordan Hill;C;7;1;3;0;0;0;0;2;3;5;0;0;0;2;0;2;
Robert Sacre;C;22;0;6;0;0;2;2;4;4;8;0;1;2;0;1;2;
Jordan Clarkson;PG;34;6;13;3;5;4;6;0;3;3;1;2;0;2;1;19;
Wayne Ellington;SG;38;2;12;1;3;2;2;0;2;2;0;1;0;1;0;7;
Tarik Black;;18;1;2;0;0;0;0;1;3;4;1;0;0;0;2;2;
Ed Davis;;22;4;6;0;0;1;2;1;4;5;4;0;1;1;4;9;
Carlos Boozer;;25;6;15;0;0;7;8;1;9;10;1;1;0;0;1;19;
Wesley Johnson;;29;4;12;2;4;1;1;1;4;5;1;0;0;3;2;11;
Jeremy Lin;;24;1;3;0;1;2;2;0;3;3;7;2;0;4;2;4;
NY
Lou Amundson;PF;36;2;7;0;0;2;6;5;8;13;2;0;2;0;3;6;
Jason Smith;PF;34;4;9;1;2;0;0;0;3;3;4;0;0;1;4;9;
Carmelo Anthony;SF;34;13;25;2;4;3;4;2;6;8;2;1;0;2;3;31;
Jose Calderon;PG;26;4;5;1;1;0;0;0;2;2;4;2;0;2;2;9;
Langston Galloway;PG;30;4;11;2;4;3;3;0;5;5;2;0;1;1;3;13;
Lance Thomas;;16;1;3;0;0;0;0;0;1;1;0;1;0;2;0;2;
Quincy Acy;;21;3;9;1;2;0;0;4;4;8;0;2;0;0;3;7;
Shane Larkin;;20;3;5;1;2;0;0;0;1;1;2;0;0;0;2;7;
Tim Hardaway Jr.;;23;3;10;2;7;0;0;0;0;0;2;1;0;2;1;8;
