03-22;DEN-ORL;119-100;
28-25;41-26;33-21;17-28;
DEN
Kenneth Faried;PF;25;4;12;0;0;3;4;1;4;5;1;1;0;1;1;11;
Wilson Chandler;SF;24;3;9;1;2;0;0;3;4;7;3;1;0;1;2;7;
Danilo Gallinari;SF;33;12;21;6;13;10;11;0;7;7;4;3;2;1;1;40;
Jusuf Nurkic;C;25;5;7;0;0;1;4;1;5;6;1;0;3;1;6;11;
Ty Lawson;PG;27;0;2;0;0;0;0;1;2;3;8;0;0;1;1;0;
J.J. Hickson;;18;5;10;0;0;1;1;5;3;8;0;1;0;2;1;11;
Joffrey Lauvergne;;9;1;1;0;0;0;0;1;3;4;2;1;1;2;1;2;
Darrell Arthur;;6;1;1;0;0;0;0;0;0;0;1;0;0;0;2;2;
Erick Green;;20;2;7;2;4;0;0;1;1;2;2;1;0;0;2;6;
Jameer Nelson;;17;5;8;3;6;2;2;1;0;1;5;1;0;2;1;15;
Will Barton;;25;3;10;0;2;5;6;3;2;5;3;2;0;2;1;11;
Gary Harris;;9;1;2;0;1;1;2;1;0;1;0;0;0;0;0;3;
ORL
Andrew Nicholson;PF;22;6;9;0;1;1;3;1;5;6;3;0;0;2;5;13;
Maurice Harkless;SF;18;2;3;0;1;0;0;0;1;1;0;0;1;1;2;4;
Nikola Vucevic;C;27;9;14;0;0;2;2;0;8;8;0;0;1;3;3;20;
Elfrid Payton;PG;35;3;9;0;1;0;0;3;5;8;8;3;0;5;4;6;
Victor Oladipo;SG;35;8;15;1;4;4;4;1;4;5;5;1;1;4;4;21;
Aaron Gordon;;18;3;8;0;2;2;2;1;2;3;0;0;1;0;3;8;
Kyle O'Quinn;;18;3;10;0;1;4;4;5;2;7;0;1;0;1;1;10;
Luke Ridnour;;24;2;5;0;1;0;0;0;1;1;6;1;0;0;0;4;
Willie Green;;29;4;8;3;5;0;0;0;0;0;3;1;0;0;2;11;
Ben Gordon;;14;1;4;0;1;1;2;0;1;1;1;0;0;2;2;3;
