01-10;ORL-POR;92-103;
13-26;28-20;29-26;22-31;
ORL
Channing Frye;PF;32;1;10;1;8;0;0;0;8;8;3;2;0;1;1;3;
Devyn Marble;SF;25;3;6;0;2;0;0;0;3;3;2;5;0;0;3;6;
Nikola Vucevic;C;36;15;23;0;0;4;6;8;8;16;2;0;0;5;4;34;
Elfrid Payton;PG;32;4;10;0;0;1;2;3;2;5;4;0;0;1;3;9;
Victor Oladipo;SG;38;6;21;0;6;6;8;3;5;8;4;1;0;4;0;18;
Andrew Nicholson;;5;1;3;0;0;0;0;0;0;0;1;0;0;0;1;2;
Kyle O'Quinn;;11;2;3;0;0;0;0;0;2;2;1;1;0;3;5;4;
Maurice Harkless;;19;2;5;0;1;2;2;1;1;2;0;1;0;0;1;6;
Luke Ridnour;;16;2;4;1;1;0;0;1;0;1;4;0;0;0;1;5;
Ben Gordon;;26;1;7;1;3;2;2;1;3;4;1;0;0;2;3;5;
POR
LaMarcus Aldridge;PF;36;10;22;1;1;4;4;1;5;6;3;1;1;3;3;25;
Nicolas Batum;SF;35;3;9;1;4;0;0;1;9;10;4;0;4;3;1;7;
Chris Kaman;C;20;5;8;0;0;0;0;2;1;3;0;0;2;5;5;10;
Damian Lillard;PG;35;3;10;2;8;8;10;1;4;5;5;1;0;4;0;16;
Wesley Matthews;SG;34;6;9;4;6;2;3;0;8;8;3;4;0;2;1;18;
Thomas Robinson;;7;3;4;0;0;0;0;0;2;2;1;0;1;0;2;6;
Dorell Wright;;13;1;1;1;1;4;5;0;1;1;1;0;0;0;1;7;
Meyers Leonard;;20;4;7;1;3;2;2;0;6;6;1;0;0;1;2;11;
Steve Blake;;20;0;3;0;2;1;2;1;1;2;3;0;0;1;0;1;
Will Barton;;9;1;1;0;0;0;0;0;0;0;1;0;0;1;1;2;
C.J. McCollum;;11;0;2;0;1;0;0;0;0;0;0;0;0;0;1;0;
