12-28;DET-CLE;103-80;
17-28;33-19;27-14;26-19;
DET
Greg Monroe;PF;34;4;18;0;0;2;4;4;2;6;4;1;0;1;3;10;
Kyle Singler;SF;27;2;7;2;3;1;2;1;2;3;1;3;0;0;5;7;
Andre Drummond;C;34;8;12;0;0;0;2;8;9;17;0;1;5;2;3;16;
Brandon Jennings;PG;31;10;18;5;9;0;0;0;5;5;6;1;0;3;3;25;
Kentavious Caldwell-Pope;SG;22;5;9;3;7;0;0;0;2;2;0;2;0;1;1;13;
Jonas Jerebko;;27;4;8;2;3;0;0;0;7;7;2;1;1;0;0;10;
Caron Butler;;21;3;7;2;4;0;0;0;2;2;3;1;0;1;3;8;
Joel Anthony;;1;0;0;0;0;0;0;0;0;0;0;0;0;0;0;0;
D.J. Augustin;;17;0;4;0;1;0;0;1;0;1;3;1;0;2;0;0;
Jodie Meeks;;26;5;8;3;4;1;1;0;4;4;2;1;0;0;3;14;
CLE
Kevin Love;PF;34;9;19;1;7;1;2;2;8;10;1;0;1;2;2;20;
LeBron James;SF;32;5;19;2;6;5;5;1;9;10;7;1;0;7;3;17;
Tristan Thompson;C;37;7;8;0;0;4;4;7;4;11;0;0;0;2;3;18;
Mike Miller;SG;25;1;5;1;5;0;0;0;3;3;3;0;0;0;1;3;
Matthew Dellavedova;SG;26;1;5;1;3;0;0;0;0;0;6;0;0;2;4;3;
Lou Amundson;;3;0;0;0;0;0;0;0;0;0;1;0;0;0;0;0;
James Jones;;11;0;2;0;2;0;0;0;0;0;1;0;1;0;1;0;
Brendan Haywood;;8;3;3;0;0;1;2;0;3;3;0;0;0;1;0;7;
A.J. Price;;18;0;6;0;4;2;4;0;5;5;4;2;0;0;0;2;
Joe Harris;;7;0;1;0;1;0;0;0;0;0;0;0;0;0;0;0;
Shawn Marion;;15;2;6;0;1;0;0;0;3;3;1;1;1;1;0;4;
Dion Waiters;;24;3;8;0;0;0;0;0;1;1;1;0;2;2;1;6;
