02-10;DEN-LAL;106-96;
24-29;21-19;26-23;35-25;
DEN
Kenneth Faried;PF;22;1;5;0;0;0;1;0;5;5;0;1;0;0;3;2;
Wilson Chandler;SF;29;6;13;1;4;0;0;1;5;6;0;0;0;1;2;13;
Jusuf Nurkic;C;19;3;3;0;0;0;0;2;3;5;1;1;4;1;5;6;
Ty Lawson;PG;45;12;20;1;3;7;8;0;3;3;16;2;0;2;3;32;
Arron Afflalo;SG;25;3;8;0;2;0;0;0;0;0;2;0;0;1;1;6;
Darrell Arthur;;26;6;10;0;1;3;4;0;5;5;3;0;2;0;4;15;
J.J. Hickson;;26;5;7;0;0;3;6;1;6;7;1;1;0;2;1;13;
Danilo Gallinari;;21;1;5;0;2;2;2;0;2;2;0;2;1;0;0;4;
JaVale McGee;;1;1;1;0;0;1;2;0;0;0;0;0;0;0;0;3;
Randy Foye;;25;5;7;2;4;0;0;0;2;2;2;2;1;0;3;12;
LAL
Ryan Kelly;PF;20;1;7;1;3;3;4;0;3;3;1;0;0;0;3;6;
Tarik Black;PF;18;1;2;0;0;1;4;1;3;4;3;0;1;0;3;3;
Robert Sacre;C;19;2;4;0;0;0;2;4;3;7;0;0;0;0;4;4;
Jordan Clarkson;PG;27;3;11;1;2;0;0;0;1;1;7;0;0;1;0;7;
Wayne Ellington;SG;30;8;13;2;5;0;0;0;4;4;0;0;0;1;1;18;
Ed Davis;;22;3;7;0;0;0;0;3;2;5;3;1;1;0;1;6;
Carlos Boozer;;30;8;15;0;0;5;8;4;6;10;4;1;0;2;3;21;
Wesley Johnson;;26;4;8;0;1;4;4;0;2;2;1;0;0;1;2;12;
Nick Young;;27;4;13;2;6;2;3;1;3;4;0;0;0;0;4;12;
Jeremy Lin;;21;3;5;0;1;1;2;1;2;3;4;1;0;5;3;7;
