03-06;DET-HOU;93-103;
23-29;23-25;23-26;24-23;
DET
Greg Monroe;PF;30;7;13;0;0;5;6;2;6;8;3;4;1;1;2;19;
Tayshaun Prince;SF;21;3;6;1;2;2;2;2;0;2;2;0;0;1;2;9;
Andre Drummond;C;31;4;16;0;0;0;3;12;9;21;2;0;2;2;4;8;
Reggie Jackson;PG;34;7;16;1;2;2;2;0;3;3;7;1;1;4;2;17;
Kentavious Caldwell-Pope;SG;33;3;10;0;6;0;0;0;1;1;3;1;0;2;1;6;
Anthony Tolliver;;19;1;7;0;6;0;0;1;2;3;0;1;0;0;2;2;
Cartier Martin;;6;2;2;2;2;0;0;0;2;2;0;1;0;0;2;6;
Caron Butler;;18;3;9;1;4;0;0;1;2;3;0;2;1;1;2;7;
Shawne Williams;;16;4;11;0;4;0;0;1;2;3;0;1;0;1;4;8;
Spencer Dinwiddie;;14;0;4;0;1;4;4;0;2;2;0;0;0;0;1;4;
Jodie Meeks;;18;3;8;1;2;0;0;0;2;2;3;1;0;0;0;7;
HOU
Donatas Motiejunas;PF;19;2;8;0;1;0;2;0;5;5;0;1;0;1;3;4;
Terrence Jones;PF;32;7;14;2;4;1;1;0;8;8;0;2;3;3;1;17;
Trevor Ariza;SF;28;2;7;0;3;0;0;1;4;5;4;0;0;1;2;4;
Patrick Beverley;PG;31;3;12;1;6;0;0;3;0;3;2;0;0;2;2;7;
James Harden;SG;38;10;21;2;6;16;18;1;11;12;12;1;0;7;1;38;
Josh Smith;;24;2;9;0;3;4;4;2;5;7;2;0;2;0;1;8;
Joey Dorsey;;17;3;3;0;0;0;0;6;4;10;1;1;1;2;3;6;
Pablo Prigioni;;6;0;1;0;1;0;0;0;0;0;0;0;0;1;0;0;
K.J. McDaniels;;3;1;1;0;0;0;0;0;0;0;0;0;0;0;1;2;
Corey Brewer;;26;7;12;1;2;0;0;0;3;3;1;0;0;1;0;15;
Jason Terry;;17;1;3;0;2;0;0;0;2;2;1;1;0;1;2;2;
