02-11;ATL-BOS;88-89;
23-13;26-21;23-27;16-28;
ATL
Paul Millsap;PF;34;3;11;0;3;5;8;1;6;7;3;2;0;1;4;11;
DeMarre Carroll;SF;34;4;15;2;7;4;5;0;7;7;3;3;0;0;0;14;
Al Horford;C;36;11;15;0;2;0;0;1;11;12;3;0;1;1;1;22;
Jeff Teague;PG;33;4;12;0;4;2;2;0;0;0;8;1;2;2;2;10;
Kyle Korver;SG;36;1;5;1;5;1;2;0;5;5;2;0;1;2;3;4;
Mike Scott;;16;4;6;1;1;0;0;1;2;3;0;0;0;0;1;9;
Pero Antic;;11;0;2;0;1;1;2;2;2;4;0;0;0;1;3;1;
Dennis Schroder;;17;3;6;0;1;2;2;0;2;2;2;0;0;3;1;8;
Kent Bazemore;;24;3;6;3;5;0;2;0;4;4;2;0;1;2;2;9;
BOS
Brandon Bass;PF;22;2;8;0;1;0;0;1;3;4;2;0;0;2;1;4;
Jared Sullinger;PF;28;6;15;1;2;4;4;5;10;15;2;1;1;1;4;17;
Avery Bradley;PG;30;4;13;1;5;2;2;2;5;7;1;0;0;0;1;11;
Marcus Smart;PG;26;3;12;2;7;3;4;1;1;2;3;1;0;4;4;11;
Evan Turner;SG;31;4;11;0;3;4;4;1;6;7;9;1;0;2;3;12;
Jae Crowder;;16;1;8;0;3;0;0;2;3;5;1;2;1;0;4;2;
Tayshaun Prince;;27;2;6;1;1;2;2;1;5;6;2;1;0;0;1;7;
Tyler Zeller;;17;2;5;0;0;2;2;3;2;5;1;0;1;0;3;6;
James Young;;17;2;5;1;3;0;0;0;2;2;0;1;0;0;0;5;
Marcus Thornton;;25;4;10;4;6;2;2;0;3;3;0;0;1;1;2;14;
