12-09;MIA-PHX;103-97;
28-25;18-26;27-21;30-25;
MIA
Josh McRoberts;PF;33;4;5;2;2;0;0;1;3;4;7;2;0;1;3;10;
Luol Deng;SF;34;9;12;3;4;2;4;1;3;4;3;1;2;2;4;23;
Chris Bosh;C;37;14;21;4;6;2;2;0;9;9;1;4;0;1;1;34;
Norris Cole;PG;31;5;9;0;2;0;0;0;3;3;4;1;0;0;1;10;
Dwyane Wade;SG;34;7;15;0;0;2;4;3;3;6;5;2;1;5;2;16;
Udonis Haslem;;19;1;7;0;0;0;0;4;1;5;0;0;0;0;2;2;
James Ennis;;15;1;2;0;1;2;2;0;3;3;2;2;1;0;0;4;
Shawne Williams;;7;0;0;0;0;0;0;0;0;0;0;0;0;1;0;0;
Mario Chalmers;;28;2;6;0;1;0;0;0;0;0;2;2;0;1;1;4;
Shabazz Napier;;3;0;3;0;1;0;0;0;0;0;1;0;0;0;0;0;
PHX
Markieff Morris;PF;32;6;11;1;2;4;5;1;3;4;3;0;0;3;3;17;
P.J. Tucker;SF;19;1;4;1;3;0;0;1;3;4;1;1;0;0;3;3;
Miles Plumlee;C;19;1;3;0;0;0;0;2;3;5;0;1;1;2;2;2;
Eric Bledsoe;PG;36;2;11;0;6;0;0;0;5;5;8;1;0;7;2;4;
Goran Dragic;SG;34;7;15;2;6;0;1;2;2;4;4;1;0;3;2;16;
Marcus Morris;;37;10;13;5;6;0;0;2;3;5;4;2;0;2;3;25;
Anthony Tolliver;;16;3;6;3;5;0;0;0;3;3;0;0;0;1;1;9;
Alex Len;;21;0;2;0;0;0;0;2;2;4;0;0;4;0;1;0;
Tyler Ennis;;6;1;1;0;0;0;0;0;1;1;2;0;0;0;0;2;
Gerald Green;;21;6;11;5;7;2;3;0;2;2;2;1;0;4;3;19;
