11-19;PHX-DET;88-86;
21-19;23-24;21-21;23-22;
PHX
Markieff Morris;PF;29;5;8;0;1;0;0;0;4;4;3;2;2;2;4;10;
Marcus Morris;PF;22;2;7;1;3;0;0;1;0;1;1;1;0;0;0;5;
Miles Plumlee;C;23;1;3;0;0;0;0;1;9;10;1;1;0;2;5;2;
Eric Bledsoe;PG;36;6;11;0;2;6;9;0;6;6;4;2;1;3;3;18;
Goran Dragic;SG;31;6;11;0;1;0;0;0;3;3;4;0;0;3;2;12;
T.J. Warren;;6;1;2;0;0;0;0;0;0;0;0;1;0;1;0;2;
P.J. Tucker;;30;6;8;2;4;2;2;1;6;7;1;0;0;0;2;16;
Alex Len;;16;3;3;0;0;0;0;1;3;4;1;1;0;2;5;6;
Isaiah Thomas;;23;1;9;1;1;2;2;0;3;3;2;1;0;2;0;5;
Gerald Green;;22;6;13;0;3;0;0;1;2;3;4;1;1;2;1;12;
DET
Greg Monroe;PF;34;7;17;0;0;4;5;4;8;12;3;1;0;3;2;18;
Josh Smith;SF;23;2;5;0;0;1;3;2;2;4;3;0;0;2;1;5;
Andre Drummond;C;25;2;10;0;0;0;2;3;10;13;1;0;0;3;3;4;
Brandon Jennings;PG;35;7;19;1;9;4;5;1;0;1;7;2;0;2;2;19;
Kentavious Caldwell-Pope;SG;28;6;13;3;7;0;0;1;1;2;2;3;0;1;3;15;
Jonas Jerebko;;21;3;5;1;1;0;0;4;2;6;1;1;1;0;3;7;
Caron Butler;;22;2;7;1;5;0;0;0;2;2;0;0;0;0;1;5;
Kyle Singler;;17;2;3;1;1;0;0;0;1;1;1;0;0;0;0;5;
Spencer Dinwiddie;;14;0;3;0;2;2;2;0;1;1;1;0;0;1;1;2;
D.J. Augustin;;22;2;5;0;0;2;2;0;1;1;2;2;0;2;0;6;
