12-13;POR-IND;95-85;
22-23;36-15;24-28;13-19;
POR
LaMarcus Aldridge;PF;36;8;23;1;1;2;2;3;11;14;1;1;0;4;3;19;
Nicolas Batum;SF;36;6;11;1;5;1;1;1;3;4;5;3;0;3;3;14;
Robin Lopez;C;30;4;4;0;0;0;0;4;4;8;2;1;3;0;2;8;
Damian Lillard;PG;37;7;22;0;3;4;4;0;3;3;4;1;0;1;2;18;
Wesley Matthews;SG;34;4;11;2;6;2;3;0;4;4;1;1;0;1;1;12;
Allen Crabbe;;16;1;1;0;0;0;0;0;4;4;0;0;0;0;2;2;
Joel Freeland;;12;2;2;0;0;0;0;1;0;1;0;1;1;0;2;4;
Chris Kaman;;18;5;11;0;0;0;1;2;4;6;1;0;0;2;3;10;
Steve Blake;;21;3;5;1;2;1;1;0;2;2;7;1;1;1;3;8;
IND
David West;PF;33;6;13;0;1;0;0;2;2;4;6;1;1;0;3;12;
Solomon Hill;SF;37;4;13;0;2;0;0;2;5;7;1;0;0;1;1;8;
Roy Hibbert;C;30;4;11;0;0;2;2;2;8;10;1;0;1;2;2;10;
Rodney Stuckey;PG;39;6;19;0;2;2;4;2;12;14;2;1;0;2;1;14;
C.J. Watson;PG;33;8;11;4;5;3;3;0;1;1;5;0;0;2;3;23;
Lavoy Allen;;18;1;3;0;0;0;0;3;4;7;0;0;0;1;3;2;
Luis Scola;;15;3;5;0;0;4;5;1;4;5;0;3;0;0;3;10;
Chris Copeland;;6;0;1;0;1;0;0;0;1;1;0;0;0;2;0;0;
Damjan Rudez;;12;0;2;0;1;0;0;0;0;0;0;2;0;1;1;0;
Donald Sloan;;18;2;10;0;3;2;2;0;0;0;1;1;0;2;1;6;
