12-08;DEN-TOR;107-112;
30-35;22-27;29-20;21-20;5-10;
DEN
J.J. Hickson;PF;23;4;8;0;0;2;3;2;3;5;0;0;0;1;1;10;
Wilson Chandler;SF;47;7;21;4;11;0;0;0;6;6;3;3;0;1;3;18;
Timofey Mozgov;C;49;7;14;0;0;1;1;7;5;12;1;0;1;1;4;15;
Ty Lawson;PG;49;8;19;2;8;4;6;0;6;6;12;2;0;3;5;22;
Arron Afflalo;SG;44;9;14;4;7;3;3;1;5;6;2;0;0;3;5;25;
Darrell Arthur;;24;6;17;0;3;0;0;8;5;13;2;1;1;2;6;12;
Alonzo Gee;;14;1;4;0;0;1;2;0;0;0;1;0;0;1;1;3;
Danilo Gallinari;;6;0;2;0;1;0;0;1;0;1;0;0;0;1;0;0;
Erick Green;;4;1;3;0;0;0;0;0;0;0;0;0;0;0;2;2;
Gary Harris;;6;0;2;0;0;0;0;0;0;0;0;1;0;0;1;0;
TOR
Amir Johnson;PF;30;3;3;0;0;1;2;1;3;4;1;1;0;3;3;7;
Terrence Ross;SF;40;7;15;1;8;1;2;0;4;4;0;1;0;0;0;16;
Jonas Valanciunas;C;31;8;11;0;0;2;3;2;10;12;0;0;4;2;5;18;
Kyle Lowry;PG;41;3;13;0;5;7;8;1;2;3;13;0;1;4;1;13;
Greivis Vasquez;PG;33;4;9;0;3;1;2;0;5;5;2;2;2;1;2;9;
Tyler Hansbrough;;3;0;1;0;0;0;0;0;1;1;0;0;0;0;1;0;
James Johnson;;20;2;2;0;0;0;2;1;3;4;2;0;1;2;1;4;
Patrick Patterson;;39;7;11;5;7;0;0;2;6;8;2;0;1;0;1;19;
Louis Williams;;28;7;16;3;10;9;10;1;2;3;1;0;1;2;2;26;
