12-25;OKC-SA;114-106;
29-27;21-20;26-30;38-29;
OKC
Serge Ibaka;PF;38;8;15;3;4;2;3;1;8;9;2;0;1;2;4;21;
Perry Jones;SF;31;5;7;2;2;2;5;0;1;1;0;0;0;0;1;14;
Steven Adams;C;31;5;8;0;0;6;12;7;8;15;1;2;3;2;4;16;
Russell Westbrook;PG;35;14;28;0;1;6;8;1;4;5;11;5;0;4;0;34;
Andre Roberson;SG;25;2;3;1;1;2;6;4;2;6;1;1;1;0;4;7;
Kendrick Perkins;;12;0;1;0;0;1;2;1;1;2;0;0;0;1;3;1;
Ish Smith;;13;0;1;0;0;0;0;0;1;1;5;0;0;1;1;0;
Reggie Jackson;;27;3;9;0;2;0;0;0;3;3;4;1;0;3;3;6;
Anthony Morrow;;27;5;9;3;5;2;2;2;3;5;1;0;1;1;0;15;
SA
Tim Duncan;PF;29;6;13;0;0;3;5;2;4;6;5;0;1;2;4;15;
Marco Belinelli;SF;30;3;5;1;2;0;0;0;1;1;0;2;1;1;2;7;
Tiago Splitter;C;19;7;10;0;0;0;0;2;5;7;1;0;1;2;3;14;
Tony Parker;PG;27;5;10;0;1;0;0;0;3;3;5;1;0;0;4;10;
Danny Green;SG;29;4;13;2;8;2;5;1;1;2;2;2;1;2;4;12;
Jeff Ayres;;0;0;0;0;0;0;0;0;0;0;0;0;0;0;0;0;
Austin Daye;;0;0;0;0;0;0;0;0;0;0;0;0;0;0;0;0;
Kyle Anderson;;8;0;1;0;1;0;0;0;0;0;0;0;0;0;1;0;
Aron Baynes;;11;3;5;0;0;0;0;1;3;4;1;0;0;1;1;6;
Matt Bonner;;32;6;12;3;8;2;3;2;2;4;1;0;1;0;1;17;
Cory Joseph;;30;5;7;0;0;4;4;1;3;4;5;2;0;3;2;14;
Manu Ginobili;;25;3;5;1;3;4;4;1;6;7;13;1;0;5;4;11;
