01-04;BKN-MIA;84-88;
21-30;19-19;19-15;25-24;
BKN
Kevin Garnett;PF;18;2;7;0;0;0;0;4;3;7;1;1;0;0;3;4;
Joe Johnson;SF;41;8;22;2;6;1;2;0;3;3;4;0;0;0;3;19;
Mason Plumlee;C;23;5;6;0;0;2;3;2;3;5;0;1;1;3;1;12;
Jarrett Jack;PG;25;2;9;0;1;0;0;0;2;2;3;2;3;2;0;4;
Sergey Karasev;SG;22;1;3;0;1;0;0;0;2;2;1;1;0;2;3;2;
Mirza Teletovic;;30;5;15;4;11;0;2;1;3;4;1;1;1;2;2;14;
Brook Lopez;;25;6;11;0;0;4;4;3;4;7;0;1;1;1;3;16;
Deron Williams;;26;5;10;1;2;2;2;0;6;6;8;1;0;0;2;13;
Bojan Bogdanovic;;8;0;1;0;1;0;0;0;1;1;0;0;0;0;1;0;
Alan Anderson;;24;0;2;0;2;0;0;0;1;1;0;1;0;1;5;0;
MIA
Chris Andersen;PF;21;1;1;0;0;5;6;2;6;8;1;0;1;0;2;7;
Luol Deng;SF;25;2;5;0;1;2;2;0;1;1;3;2;1;1;4;6;
Chris Bosh;C;39;10;16;3;4;3;6;1;4;5;2;1;0;1;4;26;
Mario Chalmers;PG;28;1;5;1;2;0;0;1;2;3;1;1;1;3;3;3;
Dwyane Wade;SG;34;9;20;0;1;7;9;2;4;6;7;2;0;5;2;25;
Danny Granger;;31;1;7;0;3;1;2;0;4;4;3;0;1;0;2;3;
James Ennis;;15;0;3;0;1;2;2;1;2;3;2;1;0;1;0;2;
Hassan Whiteside;;27;5;7;0;0;1;1;1;9;10;0;1;5;1;1;11;
Norris Cole;;20;2;3;1;2;0;0;0;2;2;2;0;0;2;2;5;
