03-29;MEM-SA;89-103;
21-28;21-23;24-19;23-33;
MEM
Zach Randolph;PF;33;9;16;0;0;2;3;2;11;13;0;0;0;1;2;20;
Marc Gasol;C;34;7;15;0;0;2;2;0;6;6;4;0;1;4;3;16;
Mike Conley;PG;35;2;11;2;5;0;0;0;1;1;9;3;0;1;3;6;
Vince Carter;SG;23;1;3;1;3;2;2;0;4;4;0;1;0;0;2;5;
Courtney Lee;SG;36;4;11;0;3;2;2;0;1;1;3;1;0;2;2;10;
JaMychal Green;;1;0;0;0;0;0;0;0;0;0;0;0;0;0;0;0;
Jeff Green;;32;8;15;2;2;1;1;0;1;1;0;0;0;0;1;19;
Kosta Koufos;;14;2;3;0;0;0;0;0;2;2;0;0;0;0;0;4;
Beno Udrih;;19;3;5;1;1;2;2;0;2;2;4;0;0;0;2;9;
Nick Calathes;;13;0;2;0;0;0;0;1;3;4;2;0;0;2;2;0;
Jordan Adams;;1;0;1;0;0;0;0;0;0;0;0;0;0;0;0;0;
SA
Tim Duncan;PF;24;4;8;0;0;2;2;1;4;5;4;0;3;0;4;10;
Kawhi Leonard;SF;33;11;17;1;3;2;2;1;9;10;1;1;0;3;0;25;
Tiago Splitter;C;29;6;9;0;0;3;3;2;6;8;2;2;0;1;1;15;
Tony Parker;PG;35;7;16;0;2;3;5;0;1;1;6;1;0;1;3;17;
Danny Green;SG;29;4;7;1;3;0;0;0;3;3;5;2;1;0;2;9;
Reggie Williams;;1;0;0;0;0;0;0;0;0;0;0;0;0;0;0;0;
Marco Belinelli;;14;2;5;1;3;2;2;0;2;2;1;1;0;1;1;7;
Aron Baynes;;19;2;5;0;0;0;0;3;4;7;0;0;2;0;1;4;
Matt Bonner;;1;0;0;0;0;0;0;0;0;0;0;0;0;0;0;0;
Boris Diaw;;22;4;8;1;2;1;2;2;5;7;2;0;0;2;2;10;
Patty Mills;;13;1;5;0;3;0;0;0;0;0;1;1;0;0;0;2;
Cory Joseph;;1;0;0;0;0;0;0;0;1;1;0;0;0;0;0;0;
Manu Ginobili;;20;1;3;0;1;2;2;1;3;4;3;1;0;0;1;4;
