03-28;NY-CHI;80-111;
17-28;17-26;19-30;27-27;
NY
Lou Amundson;PF;18;1;3;0;0;0;0;1;2;3;0;0;3;2;1;2;
Lance Thomas;SF;31;3;8;1;1;0;0;0;0;0;1;1;1;3;3;7;
Andrea Bargnani;C;26;7;15;0;1;0;0;1;6;7;1;0;0;3;1;14;
Langston Galloway;PG;36;5;14;1;4;1;2;1;4;5;2;0;0;0;3;12;
Shane Larkin;PG;31;2;8;0;2;2;2;0;2;2;8;0;0;0;0;6;
Jason Smith;;18;0;4;0;0;2;2;2;3;5;2;0;1;1;2;2;
Cleanthony Early;;18;3;6;1;3;2;2;1;0;1;3;2;0;1;5;9;
Quincy Acy;;12;3;7;0;2;3;3;1;2;3;1;1;0;0;0;9;
Cole Aldrich;;20;2;4;0;0;4;4;1;5;6;3;1;2;1;1;8;
Ricky Ledo;;29;4;10;1;4;2;4;1;2;3;1;2;0;2;2;11;
CHI
Pau Gasol;PF;28;8;15;0;1;3;5;2;10;12;4;0;0;3;0;19;
Mike Dunleavy;SF;26;4;9;1;2;1;1;2;3;5;1;1;0;0;0;10;
Joakim Noah;C;23;3;7;0;0;0;0;1;6;7;2;0;1;1;2;6;
Aaron Brooks;PG;26;5;9;2;3;0;0;0;1;1;5;1;0;0;1;12;
Jimmy Butler;SG;26;5;9;0;0;8;8;1;2;3;4;5;1;0;0;18;
Nikola Mirotic;;26;8;15;3;7;5;6;2;4;6;2;1;1;2;4;24;
Cameron Bairstow;;3;0;0;0;0;0;0;0;0;0;0;0;0;0;0;0;
Taj Gibson;;24;5;7;0;0;2;2;1;7;8;0;0;1;3;3;12;
Tony Snell;;24;3;7;0;2;0;0;2;4;6;5;0;0;2;2;6;
Nazr Mohammed;;6;1;2;0;0;0;0;1;2;3;0;0;1;0;2;2;
E'Twaun Moore;;8;1;2;0;0;0;0;0;0;0;2;0;0;1;1;2;
Kirk Hinrich;;21;0;2;0;2;0;0;0;0;0;3;0;0;0;1;0;
