04-12;DAL-LAL;120-106;
33-27;29-30;27-25;31-24;
DAL
Dirk Nowitzki;PF;29;5;10;2;4;4;4;0;4;4;1;1;0;2;2;16;
Richard Jefferson;SF;27;4;7;2;4;7;9;0;3;3;2;1;0;0;2;17;
Tyson Chandler;C;27;9;10;0;0;2;4;2;7;9;1;0;2;0;2;20;
Rajon Rondo;PG;30;4;11;1;1;2;2;1;7;8;11;1;0;3;3;11;
Monta Ellis;SG;30;2;8;0;1;0;0;0;1;1;5;1;1;2;2;4;
Charlie Villanueva;;20;5;11;3;6;1;2;1;3;4;1;2;1;0;3;14;
Greg Smith;;1;0;0;0;0;0;0;0;0;0;0;0;0;0;0;0;
Dwight Powell;;2;0;0;0;0;0;0;0;0;0;0;0;1;1;0;0;
Al-Farouq Aminu;;26;4;7;1;2;1;1;2;8;10;1;1;0;2;2;10;
Bernard James;;12;1;3;0;0;2;2;1;0;1;0;0;4;0;1;4;
Raymond Felton;;18;7;10;1;2;0;0;0;2;2;3;0;0;1;2;15;
J.J. Barea;;18;4;6;0;1;1;2;0;0;0;6;0;0;1;1;9;
LAL
Ryan Kelly;PF;39;2;10;0;5;6;7;0;2;2;6;1;1;1;5;10;
Tarik Black;PF;33;3;5;0;0;4;6;3;16;19;0;1;1;3;3;10;
Wesley Johnson;SF;20;6;9;4;5;0;0;0;1;1;2;0;0;1;0;16;
Jordan Clarkson;PG;39;9;19;3;6;5;5;0;1;1;6;2;1;4;4;26;
Jabari Brown;SG;42;4;13;2;6;8;9;0;2;2;2;0;0;1;2;18;
Ed Davis;;23;4;7;0;0;3;5;2;3;5;2;0;1;1;4;11;
Robert Sacre;;19;2;4;0;0;1;2;1;5;6;0;0;0;0;0;5;
Dwight Buycks;;24;4;11;0;2;2;2;0;1;1;2;0;0;1;2;10;
