01-14;NO-DET;105-94;
22-18;36-18;25-30;22-28;
NO
Dante Cunningham;PF;20;3;5;0;0;0;0;0;2;2;1;1;0;1;1;6;
Anthony Davis;PF;35;11;18;0;1;5;5;3;7;10;1;1;4;1;2;27;
Omer Asik;C;26;2;5;0;0;4;4;3;10;13;2;0;1;2;2;8;
Eric Gordon;SG;34;5;11;2;4;0;0;2;2;4;5;1;0;4;3;12;
Tyreke Evans;SG;40;6;14;1;2;5;8;1;7;8;9;1;1;2;1;18;
Ryan Anderson;;34;6;12;2;5;3;4;1;2;3;2;0;1;1;4;17;
Luke Babbitt;;0;0;0;0;0;0;0;0;0;0;0;0;0;0;0;0;
Jeff Withey;;0;0;0;0;0;0;0;0;0;0;0;0;0;0;0;0;
Alexis Ajinca;;0;0;0;0;0;0;0;0;0;0;0;0;0;0;0;0;
Jimmer Fredette;;19;3;8;0;4;2;2;0;1;1;0;0;0;0;2;8;
Quincy Pondexter;;32;3;7;3;5;0;0;1;5;6;3;0;0;1;3;9;
DET
Greg Monroe;PF;28;6;11;0;0;4;7;1;7;8;5;1;1;0;2;16;
Kyle Singler;SF;18;3;6;1;3;0;0;0;2;2;2;2;0;2;0;7;
Andre Drummond;C;22;1;4;0;0;0;0;0;2;2;0;1;2;0;2;2;
Brandon Jennings;PG;29;4;12;2;6;9;10;0;0;0;3;1;0;0;1;19;
Kentavious Caldwell-Pope;SG;29;3;7;1;2;1;2;0;2;2;4;1;1;1;2;8;
Jonas Jerebko;;21;0;5;0;2;0;0;2;4;6;1;2;1;1;1;0;
Anthony Tolliver;;14;4;8;1;3;0;0;0;2;2;1;0;2;0;0;9;
Cartier Martin;;3;0;0;0;0;0;0;0;0;0;0;0;0;0;0;0;
Caron Butler;;20;2;4;1;2;0;0;0;2;2;1;0;0;0;3;5;
Joel Anthony;;11;2;3;0;0;0;0;0;3;3;1;0;3;1;2;4;
D.J. Augustin;;19;4;5;1;1;4;4;0;1;1;4;0;0;1;2;13;
Jodie Meeks;;26;5;8;1;3;0;0;0;2;2;1;0;0;1;1;11;
