12-17;PHX-CHA;111-106;
27-31;27-30;29-26;28-19;
PHX
Markieff Morris;PF;24;6;10;1;1;0;0;2;6;8;0;0;0;3;3;13;
P.J. Tucker;SF;28;1;3;0;1;2;2;1;5;6;4;0;4;0;0;4;
Alex Len;C;19;5;6;0;0;0;0;1;3;4;1;1;1;0;2;10;
Eric Bledsoe;PG;39;5;15;1;4;4;4;0;2;2;2;0;1;3;0;15;
Goran Dragic;SG;37;8;17;1;6;3;3;1;2;3;8;1;0;1;0;20;
Marcus Morris;;25;4;5;0;0;0;0;0;5;5;2;0;0;0;3;8;
Miles Plumlee;;19;1;2;0;0;0;0;3;4;7;2;1;1;0;1;2;
Isaiah Thomas;;28;7;13;3;8;6;10;0;3;3;3;0;0;1;4;23;
Gerald Green;;21;6;11;3;5;1;2;0;5;5;0;1;0;0;2;16;
CHA
Cody Zeller;PF;24;2;4;0;0;3;4;3;6;9;2;1;1;0;2;7;
Michael Kidd-Gilchrist;SF;27;3;8;0;0;0;3;2;1;3;1;1;0;0;0;6;
Al Jefferson;C;36;13;22;0;0;2;2;1;9;10;2;2;1;2;4;28;
Kemba Walker;PG;38;9;20;4;8;5;6;1;1;2;7;1;0;0;5;27;
Lance Stephenson;SG;25;3;8;0;2;1;1;0;4;4;2;0;0;1;0;7;
Marvin Williams;;23;1;4;1;4;1;2;0;1;1;1;0;0;1;0;4;
Bismack Biyombo;;7;0;0;0;0;0;0;1;2;3;1;1;0;0;1;0;
Brian Roberts;;10;2;5;2;4;4;4;0;1;1;1;0;0;0;0;10;
Gary Neal;;27;5;13;3;6;0;0;0;2;2;4;0;0;2;2;13;
Gerald Henderson;;23;2;2;0;0;0;0;0;0;0;1;0;1;0;2;4;
