04-15;BOS-MIL;105-100;
22-25;27-20;24-27;32-28;
BOS
Brandon Bass;PF;14;2;4;0;0;0;0;1;3;4;1;1;0;1;1;4;
Luigi Datome;SF;27;9;15;3;7;1;1;1;2;3;2;0;1;1;1;22;
Tyler Zeller;C;14;4;7;0;0;0;0;2;1;3;1;0;0;0;1;8;
Marcus Smart;PG;24;2;5;2;5;1;2;1;3;4;6;3;1;0;1;7;
Evan Turner;SG;18;3;5;0;1;1;2;0;2;2;6;1;0;3;1;7;
Jared Sullinger;;28;5;14;1;3;0;2;1;3;4;4;1;3;2;2;11;
Jonas Jerebko;;23;7;13;2;3;0;0;0;6;6;4;2;0;3;1;16;
Gerald Wallace;;18;0;0;0;0;0;0;0;1;1;2;0;0;4;1;0;
Kelly Olynyk;;22;5;8;4;5;2;2;0;5;5;2;1;0;1;3;16;
Phil Pressey;;26;2;7;0;1;1;1;2;3;5;7;0;0;1;1;5;
James Young;;24;3;7;1;5;2;4;0;1;1;2;0;0;0;3;9;
MIL
Ersan Ilyasova;PF;26;8;13;3;5;2;2;3;2;5;4;0;0;0;1;21;
Giannis Antetokounmpo;SF;29;1;6;0;1;1;2;2;1;3;4;0;0;2;2;3;
Zaza Pachulia;C;15;1;4;0;0;0;0;2;4;6;3;2;0;1;1;2;
Michael Carter-Williams;PG;22;2;8;0;2;3;3;1;4;5;5;1;0;1;2;7;
Khris Middleton;SG;21;8;10;2;3;0;0;0;1;1;3;0;0;4;2;18;
Johnny O'Bryant III;;22;1;7;0;0;0;0;4;5;9;2;0;0;2;3;2;
Miles Plumlee;;21;4;4;0;0;1;2;0;3;3;0;3;0;0;2;9;
John Henson;;12;1;4;0;0;1;2;2;3;5;2;0;2;1;0;3;
Tyler Ennis;;27;5;13;1;4;0;0;1;2;3;8;1;0;4;1;11;
Jorge Gutierrez;;19;3;6;0;0;2;4;1;2;3;2;0;0;1;2;8;
O.J. Mayo;;26;7;14;1;6;1;1;0;5;5;2;0;0;1;1;16;
