03-27;DAL-SA;76-94;
18-28;23-26;20-15;15-25;
DAL
Dirk Nowitzki;PF;29;3;9;1;1;0;1;0;5;5;4;0;1;1;4;7;
Chandler Parsons;SF;35;4;11;1;3;0;0;0;6;6;2;3;0;3;4;9;
Tyson Chandler;C;30;4;8;0;0;2;5;6;8;14;2;0;0;2;1;10;
Rajon Rondo;PG;32;3;10;0;0;1;1;1;4;5;5;1;0;4;2;7;
Monta Ellis;SG;23;5;10;0;3;0;0;0;2;2;1;1;0;0;1;10;
Dwight Powell;;2;1;2;0;0;0;0;0;0;0;0;0;0;0;0;2;
Charlie Villanueva;;4;1;5;0;1;2;2;2;0;2;0;0;1;0;0;4;
Al-Farouq Aminu;;21;2;5;1;3;1;2;5;2;7;0;1;1;1;1;6;
Richard Jefferson;;7;0;2;0;1;0;0;0;1;1;1;0;0;1;2;0;
Bernard James;;2;0;0;0;0;0;0;0;0;0;0;1;0;0;0;0;
Amar'e Stoudemire;;15;3;7;0;0;2;2;1;2;3;0;0;1;1;3;8;
Raymond Felton;;12;2;5;1;3;0;0;0;0;0;0;1;0;1;2;5;
Devin Harris;;26;3;8;0;3;2;2;0;2;2;0;1;0;4;1;8;
SA
Tim Duncan;PF;34;2;6;0;0;4;4;5;8;13;3;0;3;0;3;8;
Kawhi Leonard;SF;32;4;13;1;4;3;4;1;5;6;3;1;0;5;2;12;
Tiago Splitter;C;25;5;7;0;0;3;4;3;4;7;3;1;1;2;2;13;
Tony Parker;PG;28;6;14;0;0;0;0;1;5;6;4;0;0;1;4;12;
Danny Green;SG;28;5;11;4;9;0;0;0;4;4;4;1;0;1;0;14;
Jeff Ayres;;2;0;0;0;0;0;0;0;0;0;0;0;0;0;0;0;
Reggie Williams;;2;0;0;0;0;0;0;0;0;0;0;0;0;0;0;0;
Marco Belinelli;;17;2;6;0;4;0;0;1;4;5;1;0;0;3;3;4;
Matt Bonner;;3;1;1;0;0;0;0;0;1;1;0;0;0;1;0;2;
Boris Diaw;;26;8;11;3;4;0;0;1;2;3;3;0;0;0;1;19;
Patty Mills;;15;1;6;1;4;0;0;0;1;1;1;2;0;1;0;3;
Cory Joseph;;5;1;2;0;0;1;2;0;1;1;0;0;0;0;0;3;
Manu Ginobili;;22;2;7;0;1;0;0;1;2;3;6;3;0;0;4;4;
