01-28;SAC-TOR;102-119;
22-26;32-28;22-39;26-26;
SAC
Jason Thompson;PF;30;2;5;0;0;2;2;0;3;3;2;0;1;1;3;6;
Rudy Gay;SF;32;8;17;2;5;4;5;1;2;3;3;0;0;2;2;22;
DeMarcus Cousins;C;30;5;10;0;0;3;4;1;3;4;4;2;2;9;4;13;
Darren Collison;PG;30;5;10;2;4;0;0;0;3;3;2;1;0;2;1;12;
Ben McLemore;SG;36;6;11;3;6;2;2;2;3;5;1;0;0;3;3;17;
Derrick Williams;;12;1;3;0;1;2;2;0;1;1;0;0;0;0;0;4;
Carl Landry;;23;4;9;0;0;6;8;1;6;7;2;1;0;0;1;14;
Ryan Hollins;;5;0;0;0;0;0;0;0;0;0;0;0;1;0;0;0;
Ray McCallum;;5;1;2;0;0;0;0;0;2;2;1;0;0;0;1;2;
Ramon Sessions;;17;0;1;0;0;4;4;1;2;3;2;1;0;0;1;4;
Nik Stauskas;;17;3;5;0;1;2;2;0;0;0;0;1;0;0;2;8;
TOR
Amir Johnson;PF;21;2;4;1;2;1;1;1;3;4;5;0;0;5;3;6;
Jonas Valanciunas;C;26;6;10;0;0;3;3;4;5;9;0;1;2;3;3;15;
Kyle Lowry;PG;33;5;12;2;4;1;1;0;2;2;7;1;0;2;2;13;
Greivis Vasquez;PG;31;7;9;4;5;0;0;0;4;4;6;1;0;2;1;18;
DeMar DeRozan;SG;31;5;13;1;3;1;4;1;4;5;6;1;0;2;4;12;
Tyler Hansbrough;;12;0;0;0;0;0;0;4;3;7;0;1;0;0;2;0;
James Johnson;;7;1;5;0;0;0;0;0;3;3;1;1;0;1;2;2;
Patrick Patterson;;24;4;8;3;5;0;0;1;1;2;0;2;0;0;2;11;
Terrence Ross;;16;5;6;2;3;1;1;0;0;0;2;0;0;0;0;13;
Chuck Hayes;;14;1;1;0;0;0;0;0;1;1;0;1;2;0;3;2;
Louis Williams;;26;7;16;4;12;9;9;0;2;2;2;3;0;1;2;27;
