03-01;PHI-IND;74-94;
24-27;22-32;18-14;10-21;
PHI
Luc Richard Mbah a Moute;PF;23;2;7;0;2;0;2;1;2;3;0;0;0;4;2;4;
Robert Covington;SF;24;5;11;2;5;0;0;0;3;3;0;0;0;2;3;12;
Nerlens Noel;C;35;2;8;0;0;6;6;5;7;12;1;1;3;3;4;10;
Isaiah Canaan;PG;22;2;8;1;5;0;0;0;2;2;1;2;1;0;3;5;
Jason Richardson;SG;26;4;12;1;5;1;2;0;3;3;0;2;0;1;2;10;
Thomas Robinson;;25;4;11;0;0;1;3;2;7;9;1;0;0;1;3;9;
Jerami Grant;;18;1;5;0;3;2;2;1;6;7;1;2;0;0;3;4;
JaVale McGee;;8;1;2;0;0;1;2;0;1;1;0;0;1;1;0;3;
Ish Smith;;25;5;13;1;1;0;0;1;3;4;5;0;0;2;1;11;
JaKarr Sampson;;11;1;2;0;1;0;0;0;3;3;0;0;1;0;4;2;
Hollis Thompson;;23;2;5;0;2;0;0;0;0;0;1;1;0;2;0;4;
IND
David West;PF;29;3;8;0;0;2;4;2;4;6;2;0;2;0;1;8;
Damjan Rudez;SF;14;0;1;0;1;3;3;0;0;0;0;0;0;1;1;3;
Solomon Hill;SF;20;2;7;0;2;0;0;0;2;2;0;0;0;2;3;4;
Roy Hibbert;C;31;5;12;0;0;4;5;5;10;15;0;2;5;2;2;14;
George Hill;PG;32;8;16;1;5;0;2;1;8;9;4;2;0;2;1;17;
Luis Scola;;19;7;12;0;0;1;1;3;3;6;2;2;1;0;2;15;
Lavoy Allen;;1;0;0;0;0;0;0;0;0;0;0;0;0;0;0;0;
Ian Mahinmi;;16;3;3;0;0;0;0;0;3;3;0;0;0;1;4;6;
Rodney Stuckey;;32;4;13;1;2;3;3;2;3;5;4;3;1;3;1;12;
C.J. Watson;;17;2;6;0;3;4;4;0;5;5;3;0;0;1;0;8;
C.J. Miles;;29;2;10;1;5;2;3;0;2;2;2;2;0;0;0;7;
