03-11;MEM-BOS;92-95;
18-23;21-16;24-25;29-31;
MEM
Zach Randolph;PF;34;4;9;0;0;6;6;1;7;8;5;0;0;3;3;14;
Jeff Green;SF;32;4;13;1;2;2;2;1;3;4;1;1;0;0;1;11;
Marc Gasol;C;34;4;9;0;0;1;1;3;4;7;4;1;1;2;3;9;
Mike Conley;PG;33;9;12;2;5;0;0;0;1;1;3;2;0;5;2;20;
Courtney Lee;SG;26;2;10;1;4;2;2;0;5;5;2;2;0;2;1;7;
JaMychal Green;;5;2;3;0;0;0;0;1;3;4;0;0;0;1;0;4;
Tony Allen;;27;7;9;0;0;2;2;2;3;5;2;2;2;3;2;16;
Kosta Koufos;;14;2;2;0;0;0;0;0;4;4;0;0;1;1;4;4;
Beno Udrih;;15;2;5;1;1;0;0;1;0;1;1;2;0;3;1;5;
Vince Carter;;10;1;3;0;0;0;0;0;1;1;1;1;0;0;2;2;
Nick Calathes;;11;0;3;0;0;0;0;1;0;1;2;0;0;1;0;0;
BOS
Brandon Bass;PF;33;6;8;0;1;0;0;2;3;5;3;0;0;0;1;12;
Tyler Zeller;C;23;3;8;0;0;6;6;3;6;9;3;0;3;2;3;12;
Avery Bradley;PG;34;8;17;1;8;0;0;1;4;5;2;2;0;2;1;17;
Marcus Smart;PG;34;2;8;0;2;1;2;0;3;3;4;2;1;2;2;5;
Evan Turner;SG;25;1;6;0;0;2;2;0;0;0;7;1;0;2;1;4;
Jonas Jerebko;;16;3;7;1;1;0;0;2;2;4;0;0;0;1;2;7;
Luigi Datome;;10;1;3;0;1;0;0;0;0;0;1;0;1;0;0;2;
Jae Crowder;;28;6;12;3;4;1;1;1;2;3;3;2;0;1;2;16;
Kelly Olynyk;;20;6;12;2;6;1;2;3;3;6;3;3;0;5;4;15;
Phil Pressey;;18;1;4;1;4;2;4;0;1;1;2;1;0;1;0;5;
