01-12;DET-TOR;114-111;
20-32;28-28;34-23;32-28;
DET
Greg Monroe;PF;33;9;16;0;0;4;7;6;4;10;2;1;1;0;1;22;
Kyle Singler;SF;31;3;7;2;3;0;0;0;4;4;1;1;1;2;1;8;
Andre Drummond;C;28;3;12;0;0;4;6;7;7;14;1;1;1;0;3;10;
Brandon Jennings;PG;34;11;22;4;8;8;9;0;2;2;10;2;0;2;1;34;
Kentavious Caldwell-Pope;SG;33;3;7;0;2;3;3;0;3;3;2;1;0;1;1;9;
Jonas Jerebko;;26;4;5;0;1;2;2;1;3;4;2;1;0;0;2;10;
Anthony Tolliver;;3;0;2;0;2;0;0;0;1;1;0;0;0;0;2;0;
Caron Butler;;9;0;1;0;1;0;0;0;0;0;1;1;0;0;1;0;
Joel Anthony;;6;1;3;0;0;0;0;1;1;2;0;1;1;0;0;2;
D.J. Augustin;;14;2;7;0;0;2;2;1;2;3;4;1;0;3;1;6;
Jodie Meeks;;23;5;14;1;4;2;2;1;2;3;1;0;0;0;2;13;
TOR
Amir Johnson;PF;30;6;14;0;0;0;0;4;6;10;5;1;2;1;4;12;
James Johnson;PF;35;3;3;0;0;5;6;1;3;4;4;0;1;1;5;11;
Terrence Ross;SF;23;5;11;2;8;0;0;0;1;1;0;0;1;1;1;12;
Jonas Valanciunas;C;36;14;15;0;0;3;4;4;8;12;0;0;1;2;4;31;
Kyle Lowry;PG;33;3;12;2;6;2;2;0;7;7;12;2;0;7;3;10;
Patrick Patterson;;24;1;7;0;5;0;0;1;1;2;1;0;0;0;1;2;
Tyler Hansbrough;;9;1;1;0;0;0;0;0;2;2;0;0;0;1;2;2;
Chuck Hayes;;1;0;1;0;0;0;0;0;0;0;0;0;0;0;0;0;
Greivis Vasquez;;25;7;9;2;3;0;0;0;3;3;4;1;1;1;0;16;
Louis Williams;;24;7;14;1;5;0;2;0;1;1;3;0;1;4;0;15;
