11-26;SAC-HOU;89-102;
19-37;31-20;23-20;16-25;
SAC
Jason Thompson;PF;35;3;9;0;0;0;0;5;6;11;1;2;3;1;4;6;
Omri Casspi;SF;41;5;9;0;1;4;4;2;5;7;2;0;0;2;3;14;
DeMarcus Cousins;C;37;9;18;0;0;11;13;3;14;17;6;0;3;7;5;29;
Ramon Sessions;PG;35;3;8;1;2;1;2;0;3;3;3;0;0;5;0;8;
Ben McLemore;SG;38;6;17;2;9;0;0;0;3;3;1;0;1;1;2;14;
Carl Landry;;16;2;3;0;0;0;0;0;5;5;0;0;0;1;1;4;
Derrick Williams;;10;2;2;1;1;2;5;0;0;0;0;0;0;2;0;7;
Eric Moreland;;1;0;0;0;0;0;0;0;0;0;0;0;0;0;0;0;
Ray McCallum;;13;0;1;0;0;0;0;0;1;1;2;0;0;1;1;0;
Nik Stauskas;;14;1;4;1;3;4;4;0;1;1;1;0;1;0;3;7;
HOU
Donatas Motiejunas;PF;37;10;15;1;2;0;0;1;5;6;3;3;0;1;4;21;
Tarik Black;PF;15;1;1;0;0;0;0;3;3;6;1;0;0;0;3;2;
Trevor Ariza;SF;41;5;12;2;7;1;2;1;4;5;2;1;1;0;3;13;
Isaiah Canaan;PG;32;9;16;6;10;0;0;3;3;6;4;4;0;1;1;24;
James Harden;SG;37;10;31;2;9;4;6;3;4;7;8;2;3;1;3;26;
Kostas Papanikolaou;;29;2;5;0;2;1;2;1;3;4;5;0;0;0;4;5;
Joey Dorsey;;15;0;1;0;0;0;4;0;3;3;0;1;1;0;4;0;
Nick Johnson;;1;1;1;0;0;0;0;0;0;0;0;0;0;0;0;2;
Troy Daniels;;1;0;0;0;0;0;0;0;0;0;0;0;0;0;0;0;
Francisco Garcia;;16;2;7;0;1;0;1;1;2;3;2;1;0;0;1;4;
Jason Terry;;16;2;5;1;4;0;0;0;1;1;1;1;0;1;2;5;
