12-13;MEM-PHI;120-115;
21-28;22-22;25-30;41-29;11-6;
MEM
Zach Randolph;PF;33;10;14;0;0;4;4;2;9;11;1;2;0;3;1;24;
Tony Allen;SF;18;1;2;0;0;0;0;1;0;1;0;0;2;1;5;2;
Marc Gasol;C;37;6;11;0;1;6;8;0;9;9;3;2;1;2;3;18;
Mike Conley;PG;42;13;22;5;9;5;8;1;2;3;9;0;0;4;3;36;
Courtney Lee;SG;37;7;13;3;4;2;2;0;3;3;5;2;0;1;3;19;
Jon Leuer;;9;0;5;0;1;0;0;1;2;3;1;0;1;0;0;0;
Jarnell Stokes;;1;0;0;0;0;0;0;0;0;0;0;0;0;0;0;0;
Tayshaun Prince;;17;3;7;0;0;0;0;2;2;4;1;0;0;2;0;6;
Kosta Koufos;;12;1;3;0;0;1;2;0;2;2;1;0;0;0;0;3;
Beno Udrih;;20;2;5;1;2;0;1;0;0;0;4;1;0;0;5;5;
Vince Carter;;16;2;8;2;8;0;0;0;2;2;2;1;0;1;1;6;
Nick Calathes;;11;0;2;0;0;1;2;2;0;2;6;1;0;0;2;1;
Quincy Pondexter;;13;0;1;0;1;0;0;0;2;2;0;0;0;0;1;0;
PHI
Luc Richard Mbah a Moute;PF;34;4;11;0;4;2;4;2;3;5;0;1;1;1;5;10;
Robert Covington;SF;45;5;16;3;11;11;12;2;7;9;1;1;0;1;3;24;
Nerlens Noel;C;31;1;4;0;0;2;4;0;5;5;1;4;2;3;4;4;
Michael Carter-Williams;PG;38;7;18;1;4;1;2;2;9;11;11;0;0;6;4;16;
Hollis Thompson;SG;41;7;8;5;5;2;2;2;2;4;0;3;0;1;3;21;
Jerami Grant;;10;0;3;0;0;0;2;0;2;2;0;0;0;0;0;0;
Henry Sims;;22;5;5;0;0;2;2;0;5;5;3;1;0;1;2;12;
Alexey Shved;;20;4;6;0;1;3;4;1;0;1;1;1;0;0;2;11;
JaKarr Sampson;;4;0;0;0;0;0;0;0;1;1;0;0;0;0;0;0;
Tony Wroten;;19;7;11;2;3;1;2;1;1;2;5;0;1;3;1;17;
