11-01;IND-ATL;92-102;
18-27;26-24;19-19;29-32;
IND
Luis Scola;PF;26;5;9;0;0;2;3;4;6;10;0;1;0;3;4;12;
Solomon Hill;SF;34;3;8;2;5;2;2;2;3;5;6;1;0;2;1;10;
Roy Hibbert;C;35;4;8;0;0;6;6;1;11;12;2;0;3;1;2;14;
Donald Sloan;PG;38;4;14;2;6;4;4;0;3;3;7;1;0;2;5;14;
C.J. Miles;SG;22;3;13;2;7;2;2;0;1;1;2;0;0;3;3;10;
Lavoy Allen;;21;3;7;0;0;0;0;2;4;6;3;0;1;2;5;6;
Chris Copeland;;34;7;16;6;11;1;3;2;4;6;4;0;1;4;3;21;
Damjan Rudez;;11;0;2;0;2;0;0;0;0;0;1;1;0;0;2;0;
Ian Mahinmi;;13;2;2;0;0;1;1;0;1;1;0;0;0;0;0;5;
Rodney Stuckey;;6;0;2;0;1;0;0;0;0;0;0;1;0;1;1;0;
ATL
Paul Millsap;PF;34;5;9;1;3;2;4;0;3;3;2;2;1;2;4;13;
DeMarre Carroll;SF;34;4;9;0;2;3;4;0;9;9;2;2;0;1;1;11;
Al Horford;C;28;9;14;0;1;2;2;1;3;4;2;0;2;3;2;20;
Jeff Teague;PG;33;7;14;1;2;10;10;0;4;4;6;3;2;1;1;25;
Kyle Korver;SG;32;3;5;2;3;1;2;0;3;3;4;1;0;1;4;9;
Mike Scott;;14;1;1;1;1;2;4;1;2;3;1;1;0;1;1;5;
Pero Antic;;20;2;4;1;3;2;3;0;1;1;2;0;0;1;3;7;
Thabo Sefolosha;;14;1;5;0;1;1;2;0;5;5;1;1;1;0;3;3;
Shelvin Mack;;15;2;5;0;3;2;2;0;1;1;4;0;0;0;0;6;
Kent Bazemore;;16;1;3;1;1;0;0;1;3;4;2;0;0;2;1;3;
