03-07;PHX-CLE;79-89;
24-30;13-23;15-27;27-9;
PHX
Markieff Morris;PF;31;6;15;1;2;3;4;1;3;4;3;0;0;0;3;16;
Earl Barron;PF;13;0;2;0;0;1;2;0;2;2;0;1;0;0;4;1;
P.J. Tucker;SF;34;3;11;2;5;3;4;5;4;9;1;1;0;3;2;11;
Eric Bledsoe;PG;39;3;12;1;3;0;0;1;3;4;9;1;0;3;2;7;
Brandon Knight;PG;35;4;12;2;5;0;0;0;4;4;5;0;0;1;1;10;
Brandan Wright;;30;3;7;0;0;1;2;3;4;7;1;2;3;0;3;7;
Marcus Morris;;19;2;8;1;4;0;0;0;4;4;1;0;0;0;5;5;
T.J. Warren;;12;4;5;0;0;0;0;2;3;5;0;1;1;0;0;8;
Gerald Green;;19;4;9;1;4;2;2;0;3;3;0;0;0;2;0;11;
Archie Goodwin;;8;1;3;1;2;0;0;1;0;1;0;0;0;1;0;3;
CLE
Kevin Love;PF;33;3;6;3;5;4;4;0;10;10;4;1;1;2;2;13;
LeBron James;SF;36;6;16;2;5;3;6;0;6;6;8;1;0;4;3;17;
Timofey Mozgov;C;25;6;8;0;0;7;8;0;4;4;1;0;0;2;2;19;
Kyrie Irving;PG;26;3;11;0;0;2;2;0;1;1;3;1;0;1;3;8;
J.R. Smith;SG;35;3;12;1;4;0;0;1;5;6;2;1;0;1;3;7;
James Jones;;1;0;0;0;0;0;0;0;0;0;0;0;0;0;0;0;
Kendrick Perkins;;8;0;3;0;0;0;0;2;1;3;0;0;0;0;0;0;
Tristan Thompson;;29;6;9;0;0;3;3;8;4;12;1;1;0;1;0;15;
Mike Miller;;1;0;0;0;0;0;0;0;0;0;0;0;0;0;0;0;
Iman Shumpert;;19;1;3;1;3;0;0;0;2;2;1;0;0;2;1;3;
Matthew Dellavedova;;25;3;7;1;3;0;0;1;1;2;2;0;0;0;0;7;
Joe Harris;;1;0;0;0;0;0;0;0;0;0;0;0;0;1;0;0;
