03-09;MIN-LAC;76-89;
25-25;14-23;23-26;14-15;
MIN
Adreian Payne;PF;37;7;12;0;0;2;3;5;10;15;2;2;1;3;4;16;
Andrew Wiggins;SF;32;5;14;0;2;1;2;1;4;5;0;0;0;3;3;11;
Nikola Pekovic;C;24;5;12;0;0;2;4;4;6;10;0;1;0;2;4;12;
Ricky Rubio;PG;34;1;8;0;1;0;1;0;2;2;12;3;0;3;1;2;
Kevin Martin;SG;29;2;8;1;1;5;6;0;0;0;2;1;0;0;1;10;
Chase Budinger;;11;0;2;0;1;1;2;0;1;1;1;1;0;0;0;1;
Gorgui Dieng;;27;3;8;0;0;0;0;1;9;10;1;0;1;0;2;6;
Justin Hamilton;;9;2;3;0;1;0;0;1;0;1;0;1;0;0;2;4;
Zach LaVine;;14;1;5;1;2;0;0;0;1;1;3;1;0;4;2;3;
Lorenzo Brown;;3;1;1;0;0;0;2;0;1;1;1;1;0;0;0;2;
Gary Neal;;21;4;10;0;0;1;1;0;4;4;3;1;0;0;0;9;
LAC
Spencer Hawes;PF;23;2;6;1;3;0;2;0;1;1;3;1;0;0;4;5;
Matt Barnes;SF;31;5;12;3;8;0;0;0;2;2;1;3;0;2;4;13;
DeAndre Jordan;C;39;10;11;0;0;0;3;5;12;17;3;1;2;4;2;20;
Chris Paul;PG;30;1;6;0;1;0;0;0;4;4;15;1;0;4;3;2;
J.J. Redick;SG;39;10;19;3;7;3;3;0;5;5;0;0;0;1;0;26;
Glen Davis;;20;0;2;0;0;3;4;0;4;4;1;1;0;1;4;3;
Ekpe Udoh;;2;0;0;0;0;0;0;0;0;0;0;0;0;1;1;0;
Hedo Turkoglu;;12;1;5;1;4;0;0;0;0;0;0;2;0;0;1;3;
Nate Robinson;;17;1;9;1;4;1;2;2;3;5;1;0;0;1;1;4;
Jordan Hamilton;;3;0;0;0;0;0;0;0;0;0;0;0;0;0;1;0;
Austin Rivers;;22;5;8;2;4;1;1;2;2;4;6;2;0;0;2;13;
C.J. Wilcox;;2;0;1;0;0;0;0;0;0;0;0;0;0;1;0;0;
Dahntay Jones;;2;0;0;0;0;0;0;0;0;0;0;0;0;0;0;0;
