12-28;HOU-SA;106-110;
33-28;22-28;29-29;22-25;
HOU
Josh Smith;SF;26;2;7;0;1;1;2;1;7;8;1;3;0;4;5;5;
Trevor Ariza;SF;37;2;9;1;6;2;2;1;2;3;2;3;0;1;4;7;
Dwight Howard;C;38;11;13;0;0;2;7;5;12;17;1;1;1;4;3;24;
Patrick Beverley;PG;32;2;10;1;7;0;0;1;2;3;4;2;0;2;2;5;
James Harden;SG;36;10;18;3;6;5;6;1;1;2;5;2;0;9;5;28;
Donatas Motiejunas;;25;3;5;1;1;4;6;1;4;5;2;1;0;1;3;11;
Joey Dorsey;;7;0;0;0;0;1;4;1;0;1;1;1;0;0;1;1;
Corey Brewer;;24;8;11;6;8;3;4;1;1;2;1;0;0;3;1;25;
Jason Terry;;17;0;4;0;4;0;0;0;1;1;3;2;0;0;0;0;
SA
Tim Duncan;PF;31;6;12;0;0;4;5;2;6;8;3;3;2;2;4;16;
Marco Belinelli;SF;31;2;11;2;6;2;2;0;2;2;2;0;0;1;2;8;
Tiago Splitter;C;21;2;8;0;0;0;0;2;2;4;2;1;3;0;2;4;
Cory Joseph;PG;35;6;9;1;1;1;1;3;3;6;4;1;0;3;3;14;
Danny Green;SG;35;6;13;3;9;9;10;1;3;4;3;5;0;2;4;24;
Aron Baynes;;10;4;5;0;0;0;0;2;2;4;1;0;0;1;6;8;
Matt Bonner;;12;2;5;1;3;0;0;0;0;0;0;0;0;0;0;5;
Boris Diaw;;20;3;5;2;3;0;0;0;1;1;2;0;0;1;2;8;
Patty Mills;;20;3;8;0;4;2;2;1;3;4;1;0;1;5;1;8;
Manu Ginobili;;24;5;7;2;4;3;4;0;5;5;4;2;0;4;4;15;
