03-11;ORL-MIL;91-97;
31-29;26-25;15-18;19-25;
ORL
Tobias Harris;SF;39;7;16;3;5;0;0;0;3;3;3;3;1;2;3;17;
Nikola Vucevic;C;39;9;20;0;0;1;1;6;8;14;1;3;0;5;2;19;
Dewayne Dedmon;C;20;1;4;0;0;0;0;2;2;4;0;0;2;1;3;2;
Elfrid Payton;PG;35;6;12;0;1;2;2;0;2;2;5;2;0;3;2;14;
Victor Oladipo;SG;39;4;17;2;4;4;4;0;1;1;6;3;0;1;1;14;
Aaron Gordon;;18;2;5;1;2;2;2;0;4;4;1;0;1;1;1;7;
Channing Frye;;28;4;5;3;4;2;2;0;4;4;2;0;0;0;2;13;
Maurice Harkless;;6;0;2;0;0;0;0;1;0;1;0;2;0;0;1;0;
Luke Ridnour;;15;1;4;1;2;2;2;0;0;0;3;1;0;1;3;5;
MIL
Ersan Ilyasova;PF;26;5;11;1;3;1;2;2;4;6;1;0;1;0;2;12;
Giannis Antetokounmpo;SF;30;4;9;1;2;2;4;1;6;7;3;0;1;2;2;11;
Zaza Pachulia;C;24;4;8;0;0;2;2;5;7;12;5;0;0;3;1;10;
Michael Carter-Williams;PG;34;4;13;0;0;3;4;1;8;9;6;2;2;5;2;11;
Khris Middleton;SG;42;12;17;4;4;2;2;0;3;3;5;2;0;1;2;30;
Chris Johnson;;15;1;2;0;1;0;0;0;3;3;1;0;1;0;0;2;
Jared Dudley;;22;1;4;0;3;0;0;0;4;4;3;1;0;2;2;2;
Miles Plumlee;;6;1;2;0;0;0;0;0;1;1;0;0;0;0;1;2;
John Henson;;18;2;4;0;0;1;2;2;4;6;1;0;2;2;2;5;
Tyler Ennis;;14;3;6;2;4;0;0;0;0;0;3;1;0;4;2;8;
O.J. Mayo;;10;2;3;0;1;0;0;0;0;0;2;1;0;3;1;4;
