03-19;UTAH-LAL;80-73;
18-16;15-20;25-19;22-18;
UTAH
Derrick Favors;PF;33;5;15;0;1;4;6;0;7;7;0;1;1;2;4;14;
Gordon Hayward;SF;35;5;10;1;4;11;13;0;5;5;5;4;1;1;0;22;
Rudy Gobert;C;36;1;1;0;0;1;2;0;7;7;0;1;3;1;2;3;
Rodney Hood;SG;22;0;6;0;3;2;2;0;1;1;3;0;0;0;1;2;
Dante Exum;SG;22;0;5;0;3;0;0;0;3;3;2;2;0;4;2;0;
Trevor Booker;;22;3;5;1;1;3;4;2;3;5;4;0;1;1;2;10;
Joe Ingles;;17;3;7;3;5;0;0;0;1;1;1;0;0;1;0;9;
Jack Cooley;;5;0;0;0;0;0;0;0;0;0;0;2;0;1;2;0;
Trey Burke;;26;7;11;3;6;0;2;0;2;2;2;0;0;2;1;17;
Elijah Millsap;;23;1;2;1;2;0;2;0;5;5;2;1;2;1;3;3;
LAL
Tarik Black;PF;30;6;12;0;0;1;4;2;8;10;2;1;0;0;3;13;
Wesley Johnson;SF;33;5;12;1;3;1;2;0;2;2;0;0;0;0;6;12;
Jordan Hill;C;28;1;7;0;1;2;4;3;7;10;0;2;1;4;3;4;
Jordan Clarkson;PG;30;3;8;0;1;2;2;0;5;5;8;0;0;1;2;8;
Wayne Ellington;SG;24;3;8;0;4;0;0;0;2;2;0;0;0;1;0;6;
Carlos Boozer;;21;5;9;0;0;1;1;0;2;2;3;0;0;3;2;11;
Ed Davis;;18;4;5;0;0;0;2;4;4;8;1;1;1;0;2;8;
Ryan Kelly;;14;1;4;0;0;0;0;0;1;1;1;1;0;1;0;2;
Jeremy Lin;;22;1;8;0;0;0;0;0;1;1;4;3;1;2;2;2;
Jabari Brown;;20;2;4;2;2;1;2;0;2;2;1;1;0;2;2;7;
