02-07;SAC-UTAH;90-102;
15-25;24-24;22-26;29-27;
SAC
Jason Thompson;PF;28;3;5;0;0;1;2;3;2;5;0;0;1;0;3;7;
Rudy Gay;SF;29;1;8;0;2;2;2;0;1;1;1;0;1;2;2;4;
DeMarcus Cousins;C;37;10;24;0;0;7;11;2;8;10;2;0;2;4;6;27;
Ramon Sessions;PG;31;3;6;0;1;5;6;2;2;4;5;0;0;2;2;11;
Ben McLemore;SG;32;6;15;3;7;0;0;0;2;2;0;1;1;1;1;15;
Quincy Miller;;2;1;2;0;0;0;0;0;1;1;0;1;0;0;0;2;
Carl Landry;;6;1;2;0;0;0;0;1;0;1;0;0;0;0;1;2;
Omri Casspi;;25;3;9;0;1;5;6;1;2;3;2;0;0;1;1;11;
Reggie Evans;;23;2;7;0;0;3;6;5;6;11;0;1;0;1;3;7;
Ray McCallum;;17;2;3;0;1;0;0;0;1;1;3;0;0;1;0;4;
Nik Stauskas;;11;0;1;0;1;0;0;0;1;1;2;0;0;0;0;0;
UTAH
Derrick Favors;PF;33;9;17;0;0;2;3;3;6;9;5;0;3;2;5;20;
Gordon Hayward;SF;37;13;23;3;8;1;1;1;1;2;3;2;0;2;1;30;
Enes Kanter;C;33;7;16;0;1;3;4;5;8;13;1;1;0;3;2;17;
Elijah Millsap;SG;36;1;3;0;0;5;6;2;5;7;3;1;0;0;3;7;
Dante Exum;SG;34;2;5;1;3;0;0;0;2;2;4;2;0;2;4;5;
Trevor Booker;;12;4;5;1;2;0;0;0;0;0;1;0;1;0;3;9;
Steve Novak;;10;0;2;0;2;0;0;1;0;1;0;0;0;0;2;0;
Rudy Gobert;;17;2;2;0;0;0;2;2;3;5;0;0;2;0;6;4;
Trey Burke;;26;5;12;0;2;0;1;0;4;4;4;0;0;0;2;10;
Ian Clark;;2;0;1;0;1;0;0;0;0;0;0;0;0;0;0;0;
