04-05;LAC-LAL;106-78;
23-16;26-20;34-18;23-24;
LAC
Blake Griffin;PF;31;8;14;0;0;2;2;1;4;5;5;0;0;0;1;18;
Matt Barnes;SF;30;4;8;4;7;2;2;1;3;4;2;0;0;0;3;14;
DeAndre Jordan;C;30;7;9;0;0;2;8;3;8;11;0;4;1;2;3;16;
Chris Paul;PG;30;3;7;1;3;0;0;0;4;4;15;2;0;1;1;7;
J.J. Redick;SG;21;4;6;2;2;2;2;0;0;0;0;0;0;1;1;12;
Ekpe Udoh;;7;2;3;0;0;0;0;1;0;1;0;0;0;0;2;4;
Glen Davis;;11;1;2;0;0;0;0;0;2;2;0;2;0;0;1;2;
Spencer Hawes;;18;2;6;1;3;0;0;0;2;2;1;0;0;4;3;5;
Hedo Turkoglu;;12;4;8;4;7;0;0;0;3;3;0;0;0;1;0;12;
Dahntay Jones;;6;0;0;0;0;0;0;0;2;2;0;0;0;0;2;0;
Lester Hudson;;18;1;3;0;1;1;2;0;3;3;1;2;0;1;2;3;
Jordan Hamilton;;6;1;3;1;1;0;0;1;0;1;0;0;0;0;0;3;
Austin Rivers;;21;3;6;2;3;2;2;0;2;2;3;0;0;0;1;10;
LAL
Ryan Kelly;PF;36;2;5;2;3;3;3;1;6;7;6;0;0;1;4;9;
Tarik Black;PF;23;4;5;0;0;2;4;3;6;9;1;1;1;1;3;10;
Wesley Johnson;SF;32;6;16;2;3;2;2;3;1;4;0;0;0;1;1;16;
Jeremy Lin;PG;17;2;8;0;2;2;2;1;0;1;2;0;0;3;3;6;
Jordan Clarkson;PG;26;1;6;0;3;0;0;2;2;4;3;0;0;2;2;2;
Ed Davis;;12;1;2;0;0;0;4;0;4;4;0;0;0;0;1;2;
Carlos Boozer;;16;4;10;0;0;1;2;2;1;3;2;0;0;1;0;9;
Robert Sacre;;12;1;2;0;0;1;2;1;1;2;0;0;2;1;1;3;
Jordan Hill;;13;1;6;0;0;0;0;0;3;3;1;0;0;1;0;2;
Dwight Buycks;;22;3;6;2;2;1;1;1;2;3;1;2;0;4;1;9;
Jabari Brown;;31;4;9;1;4;1;2;0;1;1;1;0;0;2;2;10;
