01-10;MIL-CHI;87-95;
19-29;20-19;23-20;25-27;
MIL
Johnny O'Bryant III;PF;8;1;2;0;0;0;0;0;0;0;0;1;2;0;0;2;
Giannis Antetokounmpo;SF;26;2;6;0;0;0;1;1;5;6;2;1;1;2;5;4;
Zaza Pachulia;C;25;3;12;0;0;1;2;2;2;4;2;0;1;2;3;7;
Brandon Knight;PG;34;9;19;0;2;2;2;0;5;5;5;1;0;1;3;20;
Khris Middleton;SG;34;5;10;1;2;0;0;2;3;5;1;2;0;0;3;11;
Kenyon Martin;;6;0;1;0;0;0;0;0;0;0;1;0;0;0;2;0;
Jared Dudley;;32;5;10;0;3;5;6;1;2;3;4;1;0;2;1;15;
John Henson;;18;2;6;0;0;2;3;4;3;7;1;0;4;2;5;6;
Kendall Marshall;;7;1;1;0;0;0;0;0;0;0;1;0;0;2;0;2;
Jerryd Bayless;;25;3;6;0;1;2;2;2;3;5;1;2;0;0;2;8;
O.J. Mayo;;25;5;8;2;3;0;0;0;2;2;1;1;2;0;0;12;
CHI
Pau Gasol;PF;39;17;30;0;0;12;13;8;10;18;3;1;0;3;3;46;
Tony Snell;SF;32;1;7;0;4;0;0;3;3;6;2;0;1;1;0;2;
Joakim Noah;C;22;1;2;0;0;0;0;1;4;5;2;0;1;1;4;2;
Kirk Hinrich;SG;35;7;13;2;5;0;0;2;1;3;3;1;1;1;3;16;
Jimmy Butler;SG;41;2;9;0;3;5;7;3;5;8;10;2;1;2;2;9;
Nikola Mirotic;;13;2;6;1;4;2;2;0;5;5;0;0;0;1;1;7;
Taj Gibson;;26;3;12;0;0;0;0;5;1;6;1;0;1;2;1;6;
Aaron Brooks;;24;1;7;1;1;2;2;0;0;0;3;1;0;1;3;5;
E'Twaun Moore;;9;1;2;0;0;0;0;0;0;0;0;0;0;0;1;2;
