04-15;SA-NO;103-108;
19-34;28-29;24-19;32-26;
SA
Tim Duncan;PF;33;6;9;0;0;3;4;1;9;10;6;1;0;1;2;15;
Kawhi Leonard;SF;38;6;14;0;0;2;2;2;8;10;3;0;1;1;4;14;
Aron Baynes;C;26;4;6;0;0;0;0;1;5;6;2;0;0;0;3;8;
Tony Parker;PG;35;11;17;0;0;1;2;0;1;1;6;0;0;3;4;23;
Danny Green;SG;18;0;0;0;0;0;0;0;1;1;2;0;0;1;3;0;
Jeff Ayres;;0;1;1;0;0;0;0;0;0;0;0;0;0;0;0;2;
Kyle Anderson;;0;0;0;0;0;0;0;0;0;0;0;0;0;0;0;0;
Marco Belinelli;;15;0;2;0;0;2;2;0;0;0;0;1;0;0;0;2;
Boris Diaw;;34;10;14;0;1;0;0;0;5;5;5;0;0;4;0;20;
Patty Mills;;11;6;8;2;4;1;1;0;0;0;3;0;0;1;3;15;
Cory Joseph;;7;0;1;0;0;0;0;0;1;1;2;0;1;2;0;0;
Manu Ginobili;;21;1;7;1;5;1;2;0;2;2;4;0;1;2;1;4;
NO
Anthony Davis;PF;43;12;26;0;0;7;9;2;11;13;2;2;3;6;1;31;
Omer Asik;C;29;3;3;0;0;3;8;2;2;4;1;1;1;0;2;9;
Eric Gordon;SG;33;5;12;2;4;2;2;1;3;4;1;1;0;2;4;14;
Tyreke Evans;SG;34;9;15;1;2;0;0;1;3;4;11;3;1;0;3;19;
Quincy Pondexter;SG;23;1;3;0;1;2;3;0;1;1;1;1;0;1;2;4;
Ryan Anderson;;21;2;3;1;1;0;0;0;3;3;1;0;1;0;1;5;
Dante Cunningham;;14;1;1;0;0;0;0;0;1;1;0;0;0;0;1;2;
Alexis Ajinca;;3;0;1;0;0;0;0;0;2;2;0;0;0;0;0;0;
Norris Cole;;15;6;10;0;1;1;1;0;0;0;2;3;1;0;1;13;
Jrue Holiday;;25;4;9;1;1;2;2;1;2;3;4;0;0;0;3;11;
