12-31;CHA-HOU;83-102;
25-23;20-24;23-29;15-26;
CHA
Cody Zeller;PF;26;3;5;0;0;0;0;0;7;7;3;1;1;3;2;6;
Michael Kidd-Gilchrist;SF;28;6;15;0;0;4;4;2;6;8;2;0;2;3;3;16;
Bismack Biyombo;C;26;1;2;0;0;7;10;2;5;7;0;0;3;0;3;9;
Kemba Walker;PG;35;4;11;1;3;3;3;1;0;1;5;1;1;1;1;12;
Gerald Henderson;SG;31;7;14;0;2;2;2;0;4;4;2;1;0;2;2;16;
Noah Vonleh;;2;0;1;0;0;0;0;0;1;1;0;0;0;0;0;0;
Jason Maxiell;;22;2;4;0;0;0;0;1;2;3;0;1;0;0;2;4;
Marvin Williams;;16;1;4;1;4;0;0;0;2;2;0;1;0;0;2;3;
Brian Roberts;;13;1;7;1;3;2;2;0;1;1;0;0;0;3;0;5;
P.J. Hairston;;14;1;6;0;4;0;0;1;0;1;1;0;1;1;0;2;
Gary Neal;;26;3;7;0;2;4;5;0;6;6;2;1;1;3;2;10;
HOU
Josh Smith;SF;28;2;7;1;2;0;2;0;4;4;3;3;3;1;3;5;
Trevor Ariza;SF;36;4;12;1;9;1;1;1;2;3;4;3;0;0;4;10;
Dwight Howard;C;29;5;5;0;0;1;3;1;7;8;1;0;1;6;4;11;
Patrick Beverley;PG;27;5;16;4;12;0;0;3;1;4;3;0;1;1;2;14;
James Harden;SG;33;12;19;8;11;4;4;0;7;7;6;2;1;1;1;36;
Donatas Motiejunas;;24;5;13;0;1;2;2;1;3;4;1;0;0;3;2;12;
Kostas Papanikolaou;;2;0;1;0;0;0;0;0;0;0;0;0;0;0;0;0;
Joey Dorsey;;15;0;0;0;0;1;2;2;3;5;0;1;0;1;5;1;
Isaiah Canaan;;2;0;2;0;2;0;0;1;1;2;0;0;0;0;0;0;
Nick Johnson;;2;1;1;1;1;0;0;0;0;0;0;0;0;0;0;3;
Corey Brewer;;22;2;8;1;4;0;0;1;2;3;2;0;0;1;1;5;
Jason Terry;;19;2;4;1;1;0;0;0;1;1;2;1;1;0;3;5;
