01-12;HOU-BKN;113-99;
37-28;23-24;26-18;27-29;
HOU
Donatas Motiejunas;PF;37;8;11;1;1;1;2;4;7;11;1;0;0;3;2;18;
Trevor Ariza;SF;28;4;6;3;5;1;1;0;4;4;1;1;0;0;0;12;
Dwight Howard;C;28;3;9;0;0;2;3;1;4;5;0;1;0;2;3;8;
Patrick Beverley;PG;25;4;10;2;8;1;2;3;4;7;5;0;0;2;3;11;
James Harden;SG;30;9;13;4;7;8;8;0;3;3;6;2;0;2;1;30;
Kostas Papanikolaou;;12;2;4;1;2;0;0;0;1;1;0;1;0;0;2;5;
Josh Smith;;27;5;15;2;4;1;2;3;3;6;3;1;2;2;3;13;
Joey Dorsey;;4;0;0;0;0;0;0;0;2;2;0;0;0;0;0;0;
Alexey Shved;;3;0;2;0;1;0;0;0;0;0;0;0;0;0;0;0;
Jason Terry;;20;3;7;3;7;0;0;0;1;1;2;0;0;2;2;9;
Corey Brewer;;27;3;9;0;5;1;2;1;1;2;4;3;0;1;2;7;
BKN
Kevin Garnett;PF;4;1;1;0;0;0;0;0;0;0;1;0;0;0;2;2;
Joe Johnson;SF;32;4;13;3;8;1;2;2;4;6;3;0;0;2;2;12;
Mason Plumlee;C;29;10;11;0;0;4;4;3;7;10;0;1;0;2;3;24;
Jarrett Jack;PG;39;6;16;0;4;1;2;0;2;2;6;0;1;4;1;13;
Bojan Bogdanovic;SG;37;4;9;0;2;5;5;2;3;5;3;2;0;0;4;13;
Cory Jefferson;;24;2;9;1;3;2;2;0;4;4;0;0;1;1;2;7;
Mirza Teletovic;;9;1;2;0;0;0;0;0;2;2;0;0;1;2;0;2;
Jerome Jordan;;2;1;1;0;0;0;0;0;1;1;0;0;0;0;0;2;
Brook Lopez;;24;5;8;0;0;2;2;3;3;6;0;1;1;2;2;12;
Darius Morris;;14;2;6;0;1;1;1;1;1;2;2;0;0;2;0;5;
Sergey Karasev;;9;1;4;0;1;0;0;0;1;1;1;2;0;0;0;2;
Alan Anderson;;16;2;4;1;2;0;0;0;2;2;2;1;0;1;2;5;
