12-29;UTAH-LAC;97-101;
18-25;26-23;33-29;20-24;
UTAH
Derrick Favors;PF;35;6;16;0;0;3;9;6;3;9;1;0;2;1;3;15;
Gordon Hayward;SF;36;8;20;4;7;2;3;0;4;4;7;0;0;3;1;22;
Enes Kanter;C;28;8;17;0;1;0;0;4;1;5;0;0;0;2;3;16;
Trey Burke;PG;32;4;10;2;3;1;2;0;2;2;6;2;0;1;2;11;
Rodney Hood;SG;30;2;6;1;3;4;5;0;7;7;5;2;1;3;5;9;
Trevor Booker;;8;0;4;0;0;2;2;1;0;1;0;0;0;0;0;2;
Steve Novak;;0;0;0;0;0;0;0;0;0;0;0;0;0;0;0;0;
Joe Ingles;;15;1;4;0;3;0;0;1;2;3;2;1;0;0;2;2;
Rudy Gobert;;25;5;7;0;0;1;1;5;8;13;2;1;0;2;4;11;
Patrick Christopher;;5;1;2;0;1;0;0;0;3;3;0;0;0;0;1;2;
Dante Exum;;27;3;6;1;1;0;0;1;4;5;3;1;0;1;1;7;
LAC
Blake Griffin;PF;41;10;20;0;0;4;6;0;6;6;7;2;3;6;4;24;
Matt Barnes;SF;31;4;8;3;5;2;2;0;2;2;2;0;3;0;3;13;
DeAndre Jordan;C;37;2;4;0;0;1;2;6;13;19;0;0;4;2;2;5;
Chris Paul;PG;36;7;14;3;5;3;4;1;4;5;8;4;0;2;2;20;
J.J. Redick;SG;30;6;13;1;6;4;4;0;1;1;3;0;0;1;2;17;
Glen Davis;;5;0;3;0;0;0;0;0;1;1;0;1;0;1;1;0;
Spencer Hawes;;13;1;4;0;2;0;0;0;3;3;2;0;2;0;1;2;
Jordan Farmar;;13;1;1;1;1;0;0;0;1;1;1;0;0;1;0;3;
Reggie Bullock;;12;0;0;0;0;0;0;0;2;2;0;0;0;0;1;0;
Jamal Crawford;;24;6;14;2;4;3;4;0;1;1;1;0;0;1;0;17;
