11-14;CHA-PHX;103-95;
14-28;33-19;27-28;29-20;
CHA
Marvin Williams;PF;23;2;3;1;1;0;0;0;2;2;0;1;0;0;0;5;
Al Jefferson;C;33;7;16;0;0;0;0;2;6;8;2;0;1;0;2;14;
Kemba Walker;PG;33;8;16;0;2;3;3;2;3;5;4;1;1;3;0;19;
Lance Stephenson;SG;38;5;12;0;2;3;3;1;7;8;7;2;0;0;0;13;
P.J. Hairston;SG;17;3;8;2;4;1;1;1;1;2;0;0;0;0;3;9;
Cody Zeller;;26;3;7;0;0;2;2;2;3;5;2;0;0;1;1;8;
Bismack Biyombo;;14;3;4;0;0;5;6;5;5;10;2;0;0;1;4;11;
Brian Roberts;;15;3;8;1;2;0;0;0;2;2;1;0;0;0;1;7;
Gary Neal;;25;4;13;2;3;4;4;1;2;3;3;1;0;1;4;14;
Gerald Henderson;;15;1;4;1;2;0;0;0;1;1;0;0;1;1;0;3;
PHX
Markieff Morris;PF;36;5;13;2;4;0;0;3;3;6;2;2;1;1;3;12;
Marcus Morris;PF;28;6;12;2;6;3;4;1;6;7;2;0;0;0;6;17;
Miles Plumlee;C;33;6;9;0;0;0;0;2;5;7;2;0;2;1;0;12;
Eric Bledsoe;PG;38;8;17;3;7;3;3;2;9;11;5;1;1;1;1;22;
Goran Dragic;SG;32;6;12;0;3;0;0;0;2;2;2;0;1;3;2;12;
Anthony Tolliver;;8;0;2;0;2;0;0;1;1;2;0;0;0;1;2;0;
P.J. Tucker;;23;3;7;1;2;0;0;1;3;4;0;0;0;1;1;7;
Alex Len;;14;1;1;0;0;2;2;1;2;3;0;0;0;0;2;4;
Isaiah Thomas;;20;2;7;0;1;5;5;0;2;2;3;0;1;2;3;9;
Gerald Green;;8;0;6;0;4;0;0;0;1;1;0;0;0;1;3;0;
