02-09;ORL-WSH;80-96;
16-24;19-19;19-31;26-22;
ORL
Channing Frye;PF;20;1;6;1;4;0;0;0;2;2;0;1;2;2;4;3;
Aaron Gordon;PF;17;2;4;0;0;1;1;0;0;0;0;1;1;2;4;5;
Nikola Vucevic;C;33;6;10;0;0;2;2;1;7;8;1;0;0;1;4;14;
Elfrid Payton;PG;37;4;11;0;0;3;5;2;3;5;5;6;0;4;2;11;
Victor Oladipo;SG;39;6;18;0;6;1;1;1;3;4;5;1;0;0;2;13;
Kyle O'Quinn;;14;2;4;0;1;0;0;0;4;4;2;2;0;2;2;4;
Maurice Harkless;;11;3;7;1;4;0;0;0;0;0;0;2;0;0;1;7;
Dewayne Dedmon;;18;1;4;0;0;1;4;4;3;7;1;0;3;0;3;3;
Willie Green;;18;1;5;0;2;0;0;0;1;1;2;0;0;0;1;2;
Evan Fournier;;33;7;14;2;5;2;2;0;2;2;2;0;0;0;1;18;
WSH
Nene Hilario;PF;21;6;10;0;0;2;2;3;0;3;3;0;0;2;2;14;
Paul Pierce;SF;22;2;9;1;5;1;2;0;1;1;1;2;0;2;1;6;
Marcin Gortat;C;31;5;6;0;0;4;4;0;14;14;3;0;1;2;2;14;
John Wall;PG;33;3;10;1;5;2;3;0;10;10;10;1;1;3;1;9;
Garrett Temple;SG;26;2;3;1;2;2;2;1;2;3;3;3;0;0;2;7;
Kris Humphries;;4;2;2;0;0;2;2;1;2;3;0;0;0;1;0;6;
Drew Gooden;;23;4;6;1;1;1;1;2;2;4;0;0;0;1;3;10;
Martell Webster;;11;2;7;0;3;2;2;1;2;3;1;1;0;2;0;6;
Otto Porter Jr.;;11;0;1;0;0;0;0;0;1;1;0;0;0;0;0;0;
Rasual Butler;;27;4;14;3;9;4;5;1;2;3;0;0;0;3;1;15;
Kevin Seraphin;;17;3;8;0;0;1;2;4;2;6;0;0;1;3;2;7;
Andre Miller;;14;0;1;0;0;2;2;0;2;2;4;0;0;1;0;2;
