02-07;GS-NY;106-92;
32-19;32-29;27-26;15-18;
GS
Harrison Barnes;SF;26;4;5;1;1;3;4;0;1;1;4;2;0;1;2;12;
Draymond Green;SF;34;8;12;3;5;1;1;3;10;13;3;1;2;2;1;20;
Andrew Bogut;C;18;3;4;0;0;1;2;2;5;7;3;0;2;0;4;7;
Stephen Curry;PG;31;8;18;5;9;1;3;2;4;6;0;2;0;3;0;22;
Klay Thompson;SG;38;5;22;2;6;4;4;1;3;4;2;0;0;2;0;16;
David Lee;;22;2;3;0;0;6;6;2;8;10;5;0;0;0;3;10;
Marreese Speights;;16;3;8;0;0;4;4;1;1;2;0;0;0;1;2;10;
Shaun Livingston;;17;1;2;0;0;0;0;0;1;1;1;2;0;2;2;2;
Leandro Barbosa;;13;1;3;1;3;0;0;0;0;0;1;0;0;1;3;3;
Andre Iguodala;;25;2;4;0;1;0;0;1;3;4;2;1;1;2;2;4;
NY
Lou Amundson;PF;10;2;3;0;0;0;0;1;2;3;2;0;0;0;3;4;
Jason Smith;PF;34;4;8;0;0;6;6;1;12;13;3;0;0;1;0;14;
Lance Thomas;SF;35;4;9;0;0;2;2;0;4;4;0;0;0;2;1;10;
Jose Calderon;PG;23;3;6;2;3;1;2;0;2;2;3;1;0;2;0;9;
Langston Galloway;PG;36;5;19;3;7;2;3;1;3;4;3;2;0;1;3;15;
Cleanthony Early;;3;0;0;0;0;0;0;0;0;0;1;0;0;0;0;0;
Quincy Acy;;17;2;6;0;0;0;0;3;2;5;2;0;1;0;2;4;
Travis Wear;;2;0;0;0;0;0;0;0;0;0;0;0;0;0;1;0;
Amar'e Stoudemire;;17;5;12;0;0;3;4;5;1;6;3;0;0;3;1;13;
Cole Aldrich;;6;1;3;0;0;0;0;2;0;2;1;0;0;0;2;2;
Shane Larkin;;28;5;10;1;3;0;0;2;0;2;4;3;0;1;2;11;
Tim Hardaway Jr.;;30;4;11;2;5;0;0;0;3;3;1;1;0;3;5;10;
