01-09;PHX-SA;95-100;
18-29;25-20;26-10;26-41;
PHX
Markieff Morris;PF;29;1;13;0;2;1;2;2;6;8;3;2;1;0;3;3;
P.J. Tucker;SF;26;8;11;1;4;2;2;0;6;6;1;2;1;1;0;19;
Alex Len;C;29;2;5;0;0;0;0;1;11;12;0;2;2;2;3;4;
Eric Bledsoe;PG;39;7;11;3;3;2;4;1;4;5;9;0;0;4;3;19;
Goran Dragic;SG;34;7;12;1;2;2;3;1;2;3;4;0;1;3;2;17;
Marcus Morris;;17;3;6;0;2;0;0;1;3;4;2;2;0;2;3;6;
Miles Plumlee;;16;0;0;0;0;0;2;1;5;6;0;0;1;0;0;0;
Isaiah Thomas;;26;2;7;0;4;7;8;1;0;1;4;1;0;4;4;11;
Gerald Green;;25;7;18;2;9;0;0;1;2;3;0;1;0;3;2;16;
SA
Tim Duncan;PF;24;6;13;0;0;0;0;2;5;7;5;1;0;0;0;12;
Marco Belinelli;SF;24;2;9;0;4;0;0;0;3;3;1;1;0;2;4;4;
Tiago Splitter;C;31;3;7;0;0;1;2;4;10;14;1;0;0;0;5;7;
Tony Parker;PG;22;3;9;1;1;0;0;0;1;1;1;1;0;5;1;7;
Danny Green;SG;35;6;13;4;7;4;4;0;4;4;1;2;2;0;2;20;
Jeff Ayres;;14;1;3;0;0;3;4;1;2;3;1;2;0;0;1;5;
Kyle Anderson;;3;0;0;0;0;0;0;0;0;0;2;1;0;2;0;0;
Matt Bonner;;10;2;5;2;2;0;0;0;0;0;1;0;0;0;0;6;
Boris Diaw;;14;4;7;1;3;0;0;0;1;1;5;0;0;4;3;9;
Patty Mills;;28;5;11;3;5;2;2;0;2;2;2;1;0;1;3;15;
Cory Joseph;;24;4;8;0;1;3;6;0;3;3;5;1;0;1;1;11;
Manu Ginobili;;10;2;4;0;0;0;0;0;2;2;3;2;0;0;0;4;
