03-03;LAL-CHA;103-104;
30-27;20-23;20-24;33-30;
LAL
Carlos Boozer;PF;25;5;8;0;0;5;6;1;10;11;1;0;0;0;2;15;
Ryan Kelly;PF;22;1;6;1;3;4;4;0;4;4;4;1;0;1;0;7;
Robert Sacre;C;22;2;6;0;0;2;2;1;4;5;0;1;1;0;4;6;
Jordan Clarkson;PG;33;9;19;1;7;0;0;0;1;1;4;1;0;0;4;19;
Wayne Ellington;SG;37;2;8;1;2;2;2;0;1;1;0;0;0;3;0;7;
Ed Davis;;23;2;3;0;0;2;3;1;1;2;2;0;0;2;1;6;
Wesley Johnson;;25;4;7;0;1;2;2;2;3;5;3;1;1;2;4;10;
Jordan Hill;;23;5;13;0;0;0;0;0;6;6;2;0;1;0;3;10;
Jeremy Lin;;30;9;16;3;4;2;2;1;5;6;8;2;1;3;3;23;
CHA
Cody Zeller;PF;21;4;6;0;0;2;2;2;9;11;2;0;0;0;2;10;
Michael Kidd-Gilchrist;SF;37;6;11;0;0;0;2;1;5;6;0;1;1;1;4;12;
Al Jefferson;C;37;9;19;0;0;3;7;1;15;16;1;3;1;0;2;21;
Mo Williams;PG;37;5;14;2;5;8;9;1;2;3;13;1;0;4;1;20;
Gerald Henderson;SG;38;8;15;2;3;3;4;0;2;2;5;3;0;0;2;21;
Marvin Williams;;27;3;6;1;3;1;2;0;0;0;4;1;2;0;3;8;
Jeff Taylor;;6;1;1;0;0;1;1;0;0;0;0;1;0;0;1;3;
Bismack Biyombo;;10;0;1;0;0;0;0;0;1;1;0;0;0;1;0;0;
Brian Roberts;;16;2;4;0;2;0;0;0;0;0;3;0;0;2;2;4;
Lance Stephenson;;10;1;2;0;0;3;4;0;3;3;2;0;1;3;0;5;
