10-28;DAL-SA;100-101;
24-26;29-19;20-31;27-25;
DAL
Dirk Nowitzki;PF;32;7;11;0;1;4;4;2;4;6;2;1;0;1;4;18;
Chandler Parsons;SF;34;2;10;1;4;0;0;0;4;4;0;2;1;1;2;5;
Tyson Chandler;C;28;4;8;0;0;0;0;3;7;10;0;2;0;1;5;8;
Jameer Nelson;PG;30;3;7;3;5;0;0;0;0;0;3;1;1;0;1;9;
Monta Ellis;SG;37;11;21;1;2;3;4;1;3;4;6;1;0;3;0;26;
Greg Smith;;2;0;0;0;0;0;0;0;0;0;0;0;0;0;1;0;
Brandan Wright;;18;2;2;0;0;2;2;1;4;5;0;0;1;0;2;6;
Jae Crowder;;11;2;2;0;0;1;1;0;0;0;0;0;0;1;1;5;
Al-Farouq Aminu;;5;0;2;0;2;0;0;1;1;2;0;0;0;1;1;0;
Richard Jefferson;;13;1;3;1;2;3;4;1;1;2;1;0;0;1;2;6;
Devin Harris;;29;6;12;2;5;3;4;0;0;0;5;2;0;1;1;17;
SA
Tim Duncan;PF;30;5;10;0;0;4;5;5;8;13;2;1;2;5;0;14;
Marco Belinelli;SF;31;5;8;3;6;2;2;0;2;2;3;1;0;2;1;15;
Matt Bonner;C;15;0;2;0;1;0;0;0;2;2;0;0;0;0;3;0;
Tony Parker;PG;35;9;15;4;4;1;2;1;2;3;3;0;0;1;2;23;
Danny Green;SG;34;5;9;3;6;0;0;2;2;4;1;1;0;3;4;13;
Aron Baynes;;18;2;3;0;0;0;0;0;2;2;0;0;1;2;3;4;
Boris Diaw;;33;2;6;1;3;0;0;1;8;9;6;0;0;4;2;5;
Cory Joseph;;17;3;4;1;2;0;0;0;1;1;2;0;0;0;1;7;
Manu Ginobili;;28;6;13;2;6;6;7;0;2;2;6;2;0;3;4;20;
