01-31;TOR-WSH;120-116;
33-30;32-20;29-28;15-31;11-7;
TOR
Amir Johnson;PF;38;6;10;1;3;4;6;2;4;6;3;1;3;2;5;17;
Jonas Valanciunas;C;17;3;6;0;0;0;0;0;2;2;1;1;3;0;6;6;
Kyle Lowry;PG;42;8;15;1;5;6;8;0;3;3;3;2;0;2;4;23;
Greivis Vasquez;PG;27;4;8;3;4;1;1;0;2;2;4;0;0;2;3;12;
DeMar DeRozan;SG;43;5;16;0;0;5;9;2;8;10;7;0;1;3;4;15;
Tyler Hansbrough;;14;2;4;0;0;0;0;1;1;2;0;0;0;1;2;4;
Patrick Patterson;;37;5;7;3;4;3;4;1;5;6;2;0;1;0;3;16;
Terrence Ross;;18;3;6;1;3;1;1;0;2;2;1;0;0;2;0;8;
Louis Williams;;29;8;16;2;7;1;1;0;1;1;5;3;0;1;2;19;
WSH
Nene Hilario;PF;38;6;12;0;0;4;6;1;3;4;3;0;1;5;5;16;
Paul Pierce;SF;35;6;10;3;7;4;5;0;5;5;2;1;1;2;0;19;
Marcin Gortat;C;24;0;3;0;0;2;4;1;1;2;2;2;2;4;2;2;
John Wall;PG;45;8;16;1;3;11;15;1;7;8;12;1;0;2;5;28;
Bradley Beal;SG;45;9;17;5;10;3;3;1;2;3;4;2;0;3;3;26;
Kris Humphries;;30;3;8;0;0;4;4;5;9;14;1;0;0;1;2;10;
Otto Porter Jr.;;20;2;5;1;2;4;4;1;0;1;0;0;0;2;4;9;
Rasual Butler;;3;0;1;0;1;0;0;0;0;0;0;0;0;0;0;0;
Kevin Seraphin;;12;2;5;0;0;0;0;1;1;2;0;0;2;1;1;4;
Andre Miller;;3;0;0;0;0;0;0;0;0;0;0;1;0;0;0;0;
Garrett Temple;;12;1;2;0;1;0;0;1;0;1;2;1;0;2;2;2;
