01-19;MIN-CHA;80-105;
20-23;13-27;19-33;28-22;
MIN
Thaddeus Young;SF;32;7;15;0;0;4;4;2;2;4;2;3;0;3;1;18;
Robbie Hummel;SF;24;0;1;0;0;0;0;1;6;7;1;1;0;0;3;0;
Andrew Wiggins;SF;32;3;14;1;6;5;6;0;2;2;1;1;1;1;2;12;
Gorgui Dieng;C;33;3;10;1;1;2;2;2;8;10;1;0;4;5;2;9;
Mo Williams;PG;29;3;13;0;3;4;4;0;2;2;4;0;0;1;2;10;
Anthony Bennett;;25;4;8;1;2;0;1;3;6;9;1;0;0;2;5;9;
Chase Budinger;;21;1;3;1;1;0;0;0;2;2;0;0;0;1;0;3;
Miroslav Raduljica;;3;0;1;0;0;0;0;1;1;2;0;1;0;0;2;0;
Zach LaVine;;23;4;9;0;2;1;3;0;1;1;3;1;1;2;1;9;
Glenn Robinson III;;4;1;1;0;0;0;0;0;2;2;2;0;0;0;0;2;
Troy Daniels;;15;3;5;2;4;0;0;1;0;1;1;0;0;1;2;8;
CHA
Cody Zeller;PF;18;1;5;0;0;0;0;0;4;4;4;2;0;1;2;2;
Michael Kidd-Gilchrist;SF;24;5;10;0;0;0;0;3;1;4;1;0;0;0;2;10;
Bismack Biyombo;C;23;3;3;0;0;2;5;2;4;6;0;0;1;0;2;8;
Brian Roberts;PG;27;6;12;2;4;2;2;0;0;0;5;1;0;1;1;16;
Gerald Henderson;SG;21;5;10;3;4;4;4;0;3;3;3;0;0;2;1;17;
Noah Vonleh;;6;0;2;0;0;0;0;0;2;2;0;0;0;0;1;0;
Marvin Williams;;24;2;4;0;2;0;0;1;10;11;1;3;0;1;2;4;
Jeff Taylor;;7;3;4;2;2;1;4;1;1;2;0;0;0;0;1;9;
Al Jefferson;;25;4;11;0;0;0;0;2;3;5;1;1;1;0;2;8;
P.J. Hairston;;18;4;8;3;5;0;0;1;3;4;0;0;0;1;3;11;
Lance Stephenson;;27;2;9;0;2;4;4;0;4;4;9;0;1;3;3;8;
Gary Neal;;21;5;11;2;3;0;0;0;2;2;3;1;0;1;0;12;
