11-13;SAC-MEM;110-111;
38-16;24-30;29-30;19-35;
SAC
Jason Thompson;PF;27;3;5;0;0;0;0;3;4;7;1;1;0;1;5;6;
Rudy Gay;SF;40;8;17;1;2;8;8;3;4;7;2;1;1;0;3;25;
DeMarcus Cousins;C;31;8;17;0;0;6;7;2;10;12;1;2;3;6;5;22;
Darren Collison;PG;37;6;11;2;3;6;7;0;2;2;5;1;1;3;2;20;
Ben McLemore;SG;37;6;12;3;6;2;4;0;4;4;0;0;0;1;1;17;
Carl Landry;;25;3;7;0;0;4;4;2;2;4;0;0;0;0;6;10;
Omri Casspi;;8;0;1;0;0;0;0;0;2;2;0;0;0;1;1;0;
Reggie Evans;;13;1;2;0;0;0;0;2;2;4;0;1;0;1;3;2;
Ryan Hollins;;0;0;0;0;0;0;0;0;0;0;0;0;0;0;0;0;
Ramon Sessions;;11;1;3;0;1;3;4;1;0;1;2;0;0;1;0;5;
Nik Stauskas;;11;1;2;1;1;0;0;0;1;1;1;0;0;0;0;3;
MEM
Zach Randolph;PF;34;6;13;0;0;5;8;0;8;8;2;0;0;0;3;17;
Tayshaun Prince;SF;11;1;2;0;0;0;0;0;0;0;1;0;0;0;0;2;
Tony Allen;SF;24;0;5;0;0;0;0;3;1;4;2;2;0;1;3;0;
Marc Gasol;C;37;5;13;0;0;10;11;3;4;7;2;2;2;2;4;20;
Mike Conley;PG;39;8;17;1;3;5;6;0;1;1;11;1;0;1;4;22;
Jon Leuer;;14;3;4;0;0;2;4;1;2;3;0;0;0;1;2;8;
Kosta Koufos;;11;3;4;0;0;2;2;0;1;1;0;0;1;1;3;8;
Beno Udrih;;9;2;3;0;0;0;0;0;1;1;0;0;0;1;3;4;
Vince Carter;;17;4;5;3;4;0;0;1;3;4;2;1;1;1;0;11;
Courtney Lee;;36;6;9;1;1;3;3;0;1;1;3;3;0;1;3;16;
Quincy Pondexter;;8;1;2;1;1;0;0;0;0;0;1;0;0;0;0;3;
