11-23;GS-OKC;91-86;
28-20;24-27;18-19;21-20;
GS
Harrison Barnes;SF;23;0;5;0;1;0;0;3;5;8;2;1;0;1;4;0;
Draymond Green;SF;40;3;11;1;5;3;4;3;6;9;6;1;2;1;3;10;
Andrew Bogut;C;8;1;3;0;0;0;0;0;1;1;1;1;2;1;0;2;
Stephen Curry;PG;38;5;15;2;6;3;4;0;6;6;6;1;0;1;0;15;
Klay Thompson;SG;38;6;20;4;11;4;4;1;7;8;5;0;0;0;0;20;
Festus Ezeli;;14;3;7;0;0;0;0;2;0;2;1;1;2;2;6;6;
Marreese Speights;;25;11;18;0;0;6;9;3;4;7;2;0;0;0;3;28;
Shaun Livingston;;12;1;4;0;0;0;0;1;3;4;2;0;0;0;0;2;
Brandon Rush;;7;0;1;0;1;0;0;0;3;3;0;0;1;1;1;0;
Leandro Barbosa;;6;0;2;0;0;1;2;0;1;1;0;1;0;0;1;1;
Andre Iguodala;;27;3;7;0;1;1;1;0;3;3;1;1;1;2;0;7;
OKC
Serge Ibaka;PF;34;5;17;0;2;6;6;4;4;8;0;0;5;4;3;16;
Lance Thomas;SF;16;1;6;0;1;0;0;0;1;1;0;0;0;1;1;2;
Steven Adams;C;26;4;7;0;0;2;2;2;4;6;0;0;1;0;2;10;
Reggie Jackson;PG;36;10;26;1;3;1;1;2;9;11;8;1;0;2;5;22;
Andre Roberson;SG;33;1;4;0;3;0;0;0;7;7;0;0;3;0;2;2;
Nick Collison;;16;1;2;0;0;0;2;2;1;3;1;0;0;0;3;2;
Kendrick Perkins;;18;2;4;0;0;0;4;2;5;7;1;0;2;2;3;4;
Sebastian Telfair;;15;3;7;0;2;1;2;0;2;2;2;0;0;0;0;7;
Jeremy Lamb;;12;0;6;0;1;5;5;0;1;1;1;0;0;0;1;5;
Anthony Morrow;;33;5;11;2;5;4;5;1;10;11;0;2;1;2;3;16;
