02-20;BKN-LAL;114-105;
34-32;22-25;40-20;18-28;
BKN
Joe Johnson;SF;34;6;11;5;7;6;7;0;6;6;0;0;0;2;3;23;
Mason Plumlee;C;17;2;4;0;0;0;0;0;5;5;1;2;0;0;4;4;
Deron Williams;PG;40;6;14;0;2;0;0;0;4;4;15;2;1;5;1;12;
Alan Anderson;SG;33;4;6;3;4;3;4;0;4;4;6;1;0;0;1;14;
Bojan Bogdanovic;SG;37;7;13;2;7;2;2;0;4;4;3;0;0;1;1;18;
Cory Jefferson;;7;1;3;0;0;0;0;1;0;1;0;0;0;0;2;2;
Thaddeus Young;;12;4;8;0;0;0;0;3;1;4;1;1;0;0;1;8;
Jerome Jordan;;3;0;4;0;0;0;0;2;0;2;0;0;0;0;1;0;
Brook Lopez;;33;8;19;0;0;6;7;7;7;14;0;0;1;2;4;22;
Darius Morris;;8;1;2;0;0;0;0;0;0;0;2;0;0;1;0;2;
Markel Brown;;15;3;5;0;1;3;4;0;2;2;1;1;0;0;2;9;
LAL
Ryan Kelly;PF;23;4;8;1;3;3;3;1;0;1;0;0;1;1;1;12;
Tarik Black;PF;19;1;4;0;0;1;2;1;5;6;0;0;0;1;2;3;
Robert Sacre;C;20;5;9;0;0;3;4;4;3;7;2;1;1;2;1;13;
Jordan Clarkson;PG;24;5;8;1;3;1;1;1;3;4;5;0;0;0;1;12;
Wayne Ellington;SG;21;3;10;0;7;2;2;0;0;0;1;2;0;1;0;8;
Ed Davis;;28;8;10;0;0;0;3;3;11;14;3;2;1;0;3;16;
Nick Young;;25;2;9;1;5;0;0;0;3;3;0;0;0;1;1;5;
Jordan Hill;;29;5;15;0;0;2;4;4;6;10;1;1;1;1;2;12;
Jeremy Lin;;24;6;9;1;4;5;8;0;1;1;2;1;0;1;3;18;
Ronnie Price;;27;2;7;0;1;2;2;0;0;0;8;3;0;2;4;6;
