12-02;LAL-DET;106-96;
19-19;27-26;35-20;25-31;
LAL
Carlos Boozer;PF;26;7;13;0;0;0;0;0;7;7;2;2;0;0;4;14;
Wesley Johnson;SF;29;5;6;3;3;0;1;1;1;2;2;1;4;1;4;13;
Jordan Hill;C;31;10;15;0;0;2;2;5;8;13;1;1;0;1;2;22;
Jeremy Lin;PG;30;2;5;2;4;5;7;1;3;4;5;0;0;0;4;11;
Kobe Bryant;SG;33;4;11;1;3;3;3;0;5;5;13;2;0;10;2;12;
Ed Davis;;19;1;1;0;0;1;2;4;7;11;0;0;0;2;2;3;
Nick Young;;21;5;13;3;6;6;7;0;1;1;0;0;1;0;0;19;
Robert Sacre;;17;1;8;0;0;1;2;0;1;1;0;0;1;0;3;3;
Ronnie Price;;18;0;2;0;0;0;0;1;0;1;2;1;0;0;2;0;
Wayne Ellington;;16;4;7;1;1;0;0;0;2;2;0;2;0;0;3;9;
DET
Josh Smith;SF;33;7;17;0;1;4;4;2;8;10;6;3;1;5;3;18;
Kyle Singler;SF;17;2;5;1;2;0;0;1;1;2;1;0;0;0;0;5;
Andre Drummond;C;25;3;9;0;0;2;4;7;6;13;0;0;3;1;1;8;
Brandon Jennings;PG;24;2;10;0;1;6;6;0;2;2;4;0;0;3;1;10;
Kentavious Caldwell-Pope;SG;33;3;9;0;3;1;2;1;3;4;0;0;0;1;2;7;
Jonas Jerebko;;12;3;8;1;4;2;2;2;2;4;0;1;1;0;1;9;
Greg Monroe;;26;2;7;0;0;4;6;2;8;10;3;1;0;1;3;8;
Cartier Martin;;5;0;3;0;1;0;0;0;0;0;0;0;0;1;1;0;
Luigi Datome;;12;3;8;1;3;0;0;0;1;1;1;1;0;1;1;7;
Caron Butler;;29;4;7;2;4;1;1;0;2;2;0;0;0;1;2;11;
D.J. Augustin;;24;4;7;1;2;4;6;1;0;1;5;0;0;0;1;13;
