11-26;NY-DAL;102-109;
24-19;18-27;31-25;22-24;7-14;
NY
Quincy Acy;SF;36;3;8;0;0;2;4;0;6;6;1;0;0;1;3;8;
Samuel Dalembert;C;25;5;10;0;0;3;4;3;10;13;0;2;2;2;5;13;
Jose Calderon;PG;38;7;13;7;9;0;0;3;7;10;4;0;0;2;3;21;
J.R. Smith;SG;36;7;20;1;8;0;2;0;3;3;5;1;0;7;5;15;
Iman Shumpert;SG;29;4;11;1;3;1;1;1;2;3;4;2;0;1;4;10;
Jason Smith;;11;2;5;0;0;0;0;2;1;3;1;0;0;1;2;4;
Travis Wear;;3;1;1;0;0;0;0;0;1;1;0;0;0;0;0;2;
Amar'e Stoudemire;;29;3;8;0;1;4;5;4;4;8;0;0;1;7;6;10;
Cole Aldrich;;0;0;0;0;0;0;0;0;0;0;0;0;0;0;0;0;
Shane Larkin;;15;1;5;1;2;0;0;1;1;2;0;1;0;0;3;3;
Pablo Prigioni;;29;4;8;4;5;0;0;1;2;3;6;1;0;0;1;12;
Tim Hardaway Jr.;;13;2;3;0;0;0;0;0;1;1;0;0;0;0;0;4;
DAL
Dirk Nowitzki;PF;39;11;24;1;8;7;7;0;6;6;2;3;0;0;3;30;
Chandler Parsons;SF;44;4;14;1;8;4;7;0;5;5;1;1;0;2;0;13;
Tyson Chandler;C;43;7;12;0;0;3;5;10;15;25;1;1;2;2;3;17;
Devin Harris;PG;40;2;10;1;5;4;6;0;2;2;8;2;1;1;1;9;
Monta Ellis;SG;40;3;13;0;3;2;2;0;2;2;6;3;1;3;5;8;
Brandan Wright;;18;3;7;0;0;0;0;5;2;7;0;2;1;1;3;6;
Richard Jefferson;;1;0;0;0;0;3;4;0;1;1;0;0;0;0;0;3;
Jae Crowder;;12;2;4;0;2;3;3;2;1;3;0;0;0;0;1;7;
Al-Farouq Aminu;;15;3;4;0;1;0;0;2;2;4;0;0;0;2;0;6;
J.J. Barea;;15;3;7;1;4;3;4;1;0;1;2;0;0;0;0;10;
