01-07;PHX-MIN;113-111;
20-25;25-23;26-30;42-33;
PHX
Markieff Morris;PF;35;5;13;0;3;4;4;2;1;3;1;2;0;2;2;14;
P.J. Tucker;SF;27;1;5;0;4;0;0;1;8;9;0;0;1;1;1;2;
Alex Len;C;27;4;6;0;1;1;1;3;5;8;2;0;5;3;3;9;
Eric Bledsoe;PG;33;7;17;0;2;3;4;2;5;7;1;5;0;3;1;17;
Goran Dragic;SG;38;11;16;0;4;3;4;2;1;3;4;1;0;2;3;25;
Marcus Morris;;14;4;7;0;1;0;0;0;0;0;0;0;0;1;2;8;
Miles Plumlee;;12;0;2;0;0;0;0;2;1;3;1;1;1;0;2;0;
Isaiah Thomas;;31;6;14;2;3;3;4;2;3;5;3;5;0;0;4;17;
Gerald Green;;23;8;16;3;8;2;2;0;3;3;0;0;1;1;2;21;
MIN
Thaddeus Young;SF;29;6;18;1;2;0;0;3;5;8;4;2;1;2;1;13;
Shabazz Muhammad;SF;33;5;13;1;2;1;1;1;4;5;5;1;0;2;1;12;
Andrew Wiggins;SF;39;10;16;1;4;4;5;0;4;4;2;3;0;6;5;25;
Gorgui Dieng;C;38;3;10;0;0;2;4;6;3;9;4;1;1;1;1;8;
Mo Williams;PG;35;7;14;4;7;5;5;1;2;3;11;1;1;3;4;23;
Anthony Bennett;;22;6;10;0;0;2;2;3;7;10;1;0;0;0;0;14;
Chase Budinger;;24;5;7;0;1;0;0;2;3;5;1;0;0;1;2;10;
Robbie Hummel;;7;0;0;0;0;0;0;0;1;1;0;0;0;0;2;0;
Zach LaVine;;13;2;4;0;1;2;2;0;1;1;2;0;0;4;1;6;
