02-03;DEN-PHI;98-105;
28-34;12-27;28-24;30-20;
DEN
Kenneth Faried;PF;19;0;6;0;0;0;0;0;5;5;0;1;0;1;3;0;
Wilson Chandler;SF;26;7;15;5;10;0;0;0;6;6;2;1;0;0;1;19;
Jusuf Nurkic;C;13;3;5;0;0;1;3;2;1;3;1;1;1;0;4;7;
Ty Lawson;PG;34;1;4;0;0;3;4;1;5;6;14;2;0;1;3;5;
Arron Afflalo;SG;29;5;15;2;5;2;2;0;2;2;1;1;0;4;3;14;
Darrell Arthur;;11;3;7;0;0;0;0;0;1;1;0;0;1;1;3;6;
J.J. Hickson;;20;2;4;0;0;1;2;2;3;5;0;0;1;1;1;5;
Alonzo Gee;;17;1;2;0;0;1;4;1;0;1;2;1;0;0;0;3;
Danilo Gallinari;;26;5;11;2;7;10;11;1;3;4;1;1;0;3;5;22;
Jameer Nelson;;20;4;10;2;5;0;0;0;3;3;4;4;0;2;2;10;
Gary Harris;;18;2;4;1;2;2;2;1;0;1;1;1;0;0;2;7;
Randy Foye;;6;0;2;0;2;0;0;0;0;0;0;0;0;1;2;0;
PHI
Luc Richard Mbah a Moute;PF;32;2;5;0;1;0;2;1;9;10;0;1;0;1;2;4;
Robert Covington;SF;29;4;12;2;7;7;8;2;6;8;2;2;1;3;5;17;
Nerlens Noel;C;27;3;6;0;0;4;5;1;7;8;1;1;2;2;2;10;
Michael Carter-Williams;PG;34;4;12;1;4;6;10;0;8;8;12;2;1;4;0;15;
JaKarr Sampson;SG;18;3;4;2;2;3;4;0;0;0;0;3;0;1;2;11;
Jerami Grant;;19;0;3;0;2;6;6;0;4;4;0;0;2;1;3;6;
Henry Sims;;18;0;2;0;0;1;2;1;3;4;2;0;0;3;2;1;
K.J. McDaniels;;18;4;8;1;3;2;2;2;1;3;1;0;1;3;1;11;
Hollis Thompson;;31;8;12;4;6;3;3;0;3;3;3;1;2;1;3;23;
Larry Drew II;;14;3;6;1;2;0;0;0;1;1;5;0;0;1;2;7;
