02-27;LAC-MEM;97-79;
17-16;24-25;28-21;28-17;
LAC
Spencer Hawes;PF;24;3;8;1;3;0;2;1;3;4;3;2;2;3;3;7;
Matt Barnes;SF;24;5;11;3;6;0;0;0;5;5;0;0;1;0;2;13;
DeAndre Jordan;C;41;4;6;0;0;7;17;6;16;22;3;2;3;1;0;15;
Chris Paul;PG;40;7;14;1;4;4;4;1;3;4;13;2;0;1;4;19;
J.J. Redick;SG;41;6;12;2;5;4;4;1;2;3;0;0;2;2;4;18;
Glen Davis;;24;3;6;0;0;0;0;0;0;0;0;2;0;1;3;6;
Ekpe Udoh;;1;0;0;0;0;0;0;0;0;0;0;0;0;1;0;0;
Jordan Hamilton;;1;0;0;0;0;0;0;0;0;0;0;0;0;0;1;0;
Austin Rivers;;15;0;5;0;3;0;0;0;3;3;0;1;0;2;2;0;
C.J. Wilcox;;1;0;0;0;0;0;0;0;0;0;0;0;0;0;0;0;
Dahntay Jones;;1;0;0;0;0;0;0;0;1;1;0;0;0;0;0;0;
Jamal Crawford;;29;8;16;2;5;1;1;0;5;5;1;0;2;0;0;19;
MEM
Zach Randolph;PF;36;10;18;0;0;0;0;2;8;10;1;1;0;2;2;20;
Jeff Green;SF;16;0;6;0;1;2;3;1;2;3;1;0;1;2;2;2;
Marc Gasol;C;31;5;12;0;0;1;2;2;6;8;1;1;2;3;2;11;
Mike Conley;PG;26;2;11;0;3;0;0;1;2;3;2;0;0;2;2;4;
Courtney Lee;SG;32;3;8;3;5;3;3;0;5;5;4;0;0;1;4;12;
Jon Leuer;;12;1;4;0;0;2;2;2;4;6;2;0;0;0;2;4;
JaMychal Green;;2;0;0;0;0;0;0;0;0;0;0;0;0;0;0;0;
Tony Allen;;28;4;8;0;1;0;1;1;1;2;3;1;1;0;5;8;
Kosta Koufos;;16;4;6;0;0;1;2;2;1;3;1;0;0;2;3;9;
Beno Udrih;;24;3;7;0;1;0;0;0;1;1;2;1;0;2;2;6;
Nick Calathes;;16;1;6;0;1;1;2;0;0;0;2;2;0;0;3;3;
Jordan Adams;;2;0;1;0;0;0;0;0;0;0;0;0;0;0;0;0;
