02-06;NO-OKC;116-113;
29-33;24-23;30-25;33-32;
NO
Dante Cunningham;PF;33;2;6;0;1;0;0;1;2;3;0;0;0;0;1;4;
Anthony Davis;PF;44;15;23;1;1;10;10;3;7;10;3;0;2;3;2;41;
Omer Asik;C;22;2;3;0;0;1;2;3;5;8;0;1;0;1;2;5;
Eric Gordon;SG;27;3;9;2;2;0;0;0;2;2;3;1;0;3;5;8;
Tyreke Evans;SG;42;8;17;3;6;3;5;1;9;10;16;1;1;6;4;22;
Ryan Anderson;;28;4;9;2;5;7;9;0;4;4;1;0;2;2;3;17;
Alexis Ajinca;;3;0;2;0;0;0;0;1;4;5;1;0;0;1;1;0;
Jimmer Fredette;;7;2;4;0;0;0;0;1;1;2;1;0;0;0;1;4;
Quincy Pondexter;;34;4;10;3;5;4;4;1;1;2;1;2;0;1;3;15;
OKC
Serge Ibaka;PF;36;4;8;1;3;1;2;0;4;4;0;0;3;1;6;10;
Kevin Durant;SF;43;9;26;3;10;6;7;2;3;5;4;2;1;2;2;27;
Steven Adams;C;28;4;4;0;0;2;3;3;3;6;1;2;1;4;4;10;
Russell Westbrook;PG;40;15;28;3;5;15;15;3;6;9;11;4;0;3;4;48;
Andre Roberson;SG;23;3;4;1;2;0;0;1;5;6;1;2;2;0;1;7;
Nick Collison;;5;0;2;0;0;0;0;1;2;3;0;0;0;0;1;0;
Perry Jones;;0;0;0;0;0;0;0;0;0;0;0;0;0;0;0;0;
Kendrick Perkins;;18;0;1;0;0;0;0;0;4;4;0;0;1;3;1;0;
Reggie Jackson;;15;3;8;0;2;0;0;0;0;0;1;1;0;0;0;6;
Anthony Morrow;;17;1;2;0;1;1;1;0;2;2;1;0;0;0;2;3;
Dion Waiters;;17;1;6;0;1;0;0;0;1;1;0;0;0;0;2;2;
