11-15;SA-SAC;91-94;
24-23;14-22;28-25;25-24;
SA
Tim Duncan;PF;34;4;11;0;0;7;8;0;8;8;2;0;5;1;4;15;
Kawhi Leonard;SF;40;7;16;1;8;1;1;1;4;5;4;1;1;3;5;16;
Aron Baynes;C;18;1;5;0;0;0;0;0;2;2;3;0;0;1;1;2;
Tony Parker;PG;36;5;12;1;2;0;0;0;2;2;6;1;0;2;1;11;
Danny Green;SG;34;6;9;2;4;2;2;0;2;2;0;1;1;0;3;16;
Jeff Ayres;;3;0;1;0;0;0;0;2;1;3;0;0;0;1;2;0;
Matt Bonner;;10;1;3;1;2;0;0;0;3;3;1;0;1;0;3;3;
Boris Diaw;;23;3;6;1;1;0;0;4;4;8;1;1;0;2;4;7;
Cory Joseph;;16;0;2;0;0;0;0;0;1;1;2;1;0;1;0;0;
Manu Ginobili;;26;7;15;1;7;6;7;0;4;4;5;1;0;3;2;21;
SAC
Jason Thompson;PF;32;2;5;0;0;0;0;0;9;9;4;0;1;1;2;4;
Rudy Gay;SF;38;7;20;0;3;4;4;0;3;3;6;1;1;2;1;18;
DeMarcus Cousins;C;27;10;19;0;0;5;6;4;6;10;0;0;1;1;5;25;
Darren Collison;PG;39;7;13;0;2;5;6;0;2;2;5;2;0;3;2;19;
Ben McLemore;SG;40;3;8;0;3;2;2;2;2;4;1;0;0;2;2;8;
Derrick Williams;;5;1;2;0;1;1;2;0;0;0;0;0;0;0;0;3;
Carl Landry;;20;4;9;0;0;0;0;1;5;6;2;1;2;0;2;8;
Omri Casspi;;22;3;6;0;1;3;4;1;4;5;0;1;1;0;3;9;
Ramon Sessions;;9;0;2;0;0;0;0;0;3;3;1;0;0;0;1;0;
Nik Stauskas;;8;0;2;0;2;0;0;0;0;0;0;0;0;0;0;0;
