11-21;CHI-POR;87-105;
21-32;22-29;22-28;22-16;
CHI
Taj Gibson;PF;17;3;8;0;0;1;2;1;4;5;1;0;0;0;3;7;
Mike Dunleavy;SF;17;0;2;0;1;2;2;1;2;3;1;2;0;2;2;2;
Joakim Noah;C;22;3;9;0;0;1;2;2;0;2;1;2;1;1;3;7;
Aaron Brooks;PG;24;4;12;2;5;2;2;1;1;2;3;1;0;3;1;12;
Jimmy Butler;SG;27;3;13;0;2;3;4;2;2;4;2;1;0;0;1;9;
Nikola Mirotic;;35;7;14;4;7;6;8;0;11;11;2;0;0;3;3;24;
Cameron Bairstow;;2;0;0;0;0;1;2;1;0;1;0;0;0;0;1;1;
Tony Snell;;31;3;4;1;2;2;2;0;3;3;0;2;0;1;0;9;
Doug McDermott;;21;3;10;0;4;0;0;0;7;7;0;1;0;2;1;6;
Nazr Mohammed;;20;0;3;0;0;1;2;2;4;6;1;0;1;1;2;1;
E'Twaun Moore;;24;4;8;1;1;0;2;1;3;4;3;0;0;1;1;9;
POR
LaMarcus Aldridge;PF;28;6;13;2;2;2;3;3;6;9;4;1;2;0;1;16;
Nicolas Batum;SF;21;4;6;1;2;0;0;0;3;3;1;1;0;1;1;9;
Robin Lopez;C;23;5;7;0;0;2;2;1;6;7;1;0;1;1;0;12;
Damian Lillard;PG;26;7;9;4;4;3;3;0;6;6;9;1;0;4;0;21;
Wesley Matthews;SG;27;5;8;0;1;2;3;0;3;3;4;2;0;5;2;12;
Thomas Robinson;;8;1;3;0;0;3;4;0;0;0;0;0;0;1;1;5;
Allen Crabbe;;22;3;5;1;2;2;2;0;1;1;2;0;0;0;2;9;
Dorell Wright;;12;1;4;0;1;0;0;0;4;4;0;1;0;0;1;2;
Meyers Leonard;;12;2;6;1;2;0;0;0;4;4;0;1;0;1;2;5;
Joel Freeland;;8;0;2;0;0;2;2;2;2;4;0;0;0;0;2;2;
Chris Kaman;;17;4;11;0;0;2;3;0;3;3;0;0;2;1;3;10;
Steve Blake;;21;0;4;0;2;0;0;0;2;2;4;0;0;0;3;0;
Will Barton;;15;1;1;0;0;0;0;0;0;0;1;1;0;3;1;2;
