11-19;MEM-TOR;92-96;
20-22;28-20;27-27;17-27;
MEM
Zach Randolph;PF;38;7;18;0;0;4;4;8;10;18;0;2;0;3;2;18;
Tayshaun Prince;SF;34;6;8;0;0;3;4;1;2;3;1;0;0;3;0;15;
Marc Gasol;C;41;8;16;0;0;6;10;2;10;12;4;2;1;3;1;22;
Mike Conley;PG;42;7;17;1;1;4;4;1;9;10;5;1;0;2;4;19;
Quincy Pondexter;SG;25;2;6;0;2;0;0;1;0;1;1;0;2;0;1;4;
Jarnell Stokes;;9;1;1;0;0;2;4;1;2;3;0;0;0;0;3;4;
Kalin Lucas;;6;0;1;0;0;0;0;0;0;0;0;1;0;0;1;0;
Vince Carter;;28;3;11;1;5;0;0;1;1;2;3;0;1;1;1;7;
Jordan Adams;;17;1;2;1;2;0;0;0;1;1;2;2;0;1;3;3;
TOR
Amir Johnson;PF;34;4;6;0;1;0;1;4;5;9;5;0;2;0;4;8;
Terrence Ross;SF;34;6;14;3;6;1;1;0;2;2;1;1;1;1;2;16;
Jonas Valanciunas;C;22;4;7;0;0;2;2;1;4;5;0;0;2;2;3;10;
Kyle Lowry;PG;37;7;16;2;8;2;2;0;3;3;7;2;0;1;3;18;
DeMar DeRozan;SG;38;10;22;0;1;1;2;1;4;5;4;2;0;1;1;21;
Tyler Hansbrough;;7;0;1;0;0;0;0;0;1;1;0;2;0;0;1;0;
Patrick Patterson;;21;2;4;1;2;2;2;1;3;4;1;0;1;0;1;7;
Chuck Hayes;;10;0;0;0;0;0;0;0;1;1;2;0;0;0;1;0;
Greivis Vasquez;;14;1;5;1;4;0;0;0;3;3;3;0;0;1;4;3;
Louis Williams;;18;4;8;2;4;3;3;0;2;2;1;2;0;1;0;13;
Landry Fields;;5;0;0;0;0;0;0;0;0;0;0;0;0;1;0;0;
