12-26;HOU-MEM;117-111;
24-31;26-26;29-24;25-23;13-7;
HOU
Donatas Motiejunas;PF;31;2;4;0;0;0;0;1;5;6;2;0;2;2;1;4;
Trevor Ariza;SF;40;5;13;4;10;1;2;1;9;10;1;2;1;2;4;15;
Dwight Howard;C;29;1;4;0;0;4;8;2;9;11;1;0;0;3;5;6;
Patrick Beverley;PG;35;5;12;2;5;0;0;2;2;4;5;0;0;1;3;12;
James Harden;SG;41;10;17;2;4;10;11;1;7;8;10;0;3;2;1;32;
Josh Smith;;32;9;21;0;2;3;3;4;4;8;3;0;0;2;3;21;
Joey Dorsey;;10;1;2;0;0;0;0;0;0;0;0;0;0;0;1;2;
Alexey Shved;;7;0;2;0;2;3;4;1;0;1;0;0;0;0;1;3;
Jason Terry;;19;3;6;3;6;0;0;0;4;4;3;0;0;1;1;9;
Corey Brewer;;23;5;10;3;5;0;0;1;1;2;0;0;1;1;3;13;
MEM
Jon Leuer;PF;16;2;3;0;1;0;0;1;2;3;0;0;0;0;1;4;
Tony Allen;SF;26;4;11;0;1;2;2;2;1;3;6;2;1;1;6;10;
Marc Gasol;C;39;12;21;1;1;4;4;0;8;8;4;0;2;0;2;29;
Mike Conley;PG;37;4;15;2;5;1;2;1;3;4;7;2;0;2;3;11;
Courtney Lee;SG;40;1;6;1;3;1;1;0;2;2;5;0;0;1;2;4;
Tayshaun Prince;;29;4;12;0;2;0;2;6;3;9;4;1;0;0;0;8;
Kosta Koufos;;14;1;4;0;0;2;2;1;5;6;0;1;1;1;2;4;
Beno Udrih;;21;7;12;1;4;2;3;0;3;3;2;0;0;0;3;17;
Quincy Pondexter;;20;5;10;0;2;4;5;2;1;3;0;0;0;0;0;14;
Vince Carter;;23;3;10;2;5;2;2;2;1;3;3;2;0;1;4;10;
