11-14;PHI-HOU;87-88;
28-19;19-28;21-16;19-25;
PHI
Brandon Davies;PF;29;3;12;1;4;0;2;4;1;5;2;1;1;1;5;7;
Luc Richard Mbah a Moute;PF;32;2;7;0;1;2;2;1;8;9;0;2;0;2;3;6;
Henry Sims;C;30;6;8;0;0;2;2;0;3;3;1;0;3;1;2;14;
Tony Wroten;SG;35;7;16;2;6;3;6;2;2;4;8;1;0;4;3;19;
Hollis Thompson;SG;25;5;7;2;3;0;0;1;1;2;1;1;0;1;4;12;
Chris Johnson;;10;1;4;0;3;0;0;0;4;4;0;0;0;0;0;2;
Nerlens Noel;;23;3;7;0;0;2;3;1;5;6;0;0;1;4;5;8;
Drew Gordon;;13;1;2;0;0;0;0;2;1;3;2;1;0;3;0;2;
Michael Carter-Williams;;27;4;12;2;4;3;3;2;3;5;5;2;0;5;3;13;
K.J. McDaniels;;16;2;5;0;0;0;0;1;4;5;0;2;0;2;3;4;
HOU
Donatas Motiejunas;PF;31;1;4;0;1;1;2;2;5;7;1;2;2;1;3;3;
Trevor Ariza;SF;42;4;11;1;7;4;5;2;7;9;2;3;0;3;3;13;
Dwight Howard;C;41;9;14;0;0;3;12;5;11;16;0;2;7;6;4;21;
Isaiah Canaan;PG;26;3;8;3;6;0;0;1;1;2;3;0;0;1;2;9;
James Harden;SG;41;10;24;1;5;14;16;0;6;6;7;3;1;5;5;35;
Tarik Black;;7;0;1;0;0;1;2;1;1;2;1;0;0;0;4;1;
Kostas Papanikolaou;;17;0;4;0;4;0;0;2;2;4;2;2;0;2;2;0;
Jason Terry;;22;2;7;2;6;0;0;0;1;1;0;3;1;1;1;6;
Francisco Garcia;;13;0;5;0;5;0;0;0;0;0;0;2;0;2;1;0;
