01-21;DAL-MIN;98-75;
24-21;35-17;16-19;23-18;
DAL
Dirk Nowitzki;PF;25;6;9;2;4;2;2;0;9;9;0;0;0;1;0;16;
Chandler Parsons;SF;26;9;13;4;6;0;0;0;2;2;2;0;1;1;0;22;
Tyson Chandler;C;31;3;3;0;0;1;2;0;6;6;0;0;2;0;1;7;
Rajon Rondo;PG;21;4;10;1;2;0;0;0;1;1;3;0;0;2;4;9;
Monta Ellis;SG;30;3;12;0;3;1;2;0;0;0;3;3;0;1;2;7;
Greg Smith;;7;2;2;0;0;0;0;0;1;1;1;0;0;1;1;4;
Dwight Powell;;20;3;3;0;0;0;0;2;8;10;1;0;0;1;3;6;
Charlie Villanueva;;4;1;3;0;2;0;0;0;0;0;0;0;0;0;1;2;
Al-Farouq Aminu;;15;2;6;1;2;0;0;4;1;5;0;0;0;1;0;5;
Richard Jefferson;;16;2;5;1;3;0;2;0;3;3;2;1;0;0;0;5;
J.J. Barea;;22;2;5;0;1;3;4;0;2;2;10;1;0;1;0;7;
Raymond Felton;;6;0;1;0;1;2;2;0;0;0;2;1;0;0;0;2;
Devin Harris;;18;2;4;2;3;0;0;0;3;3;2;0;0;1;1;6;
MIN
Thaddeus Young;SF;32;7;17;0;1;0;0;5;6;11;6;0;0;0;1;14;
Robbie Hummel;SF;24;2;2;1;1;0;0;2;3;5;0;2;0;0;2;5;
Andrew Wiggins;SF;39;7;17;0;3;4;6;2;3;5;2;2;0;1;2;18;
Gorgui Dieng;C;25;3;6;0;0;0;0;5;2;7;1;0;0;1;1;6;
Mo Williams;PG;31;2;12;0;4;1;1;0;0;0;5;1;0;3;0;5;
Anthony Bennett;;16;2;7;0;0;2;4;1;1;2;0;0;0;1;2;6;
Chase Budinger;;7;0;3;0;1;0;0;0;4;4;1;0;1;0;0;0;
Nikola Pekovic;;23;5;11;0;0;4;4;0;4;4;0;0;0;1;0;14;
Zach LaVine;;21;1;3;0;1;0;0;0;1;1;5;0;0;1;3;2;
Troy Daniels;;16;2;9;1;4;0;0;1;2;3;2;1;0;2;0;5;
Glenn Robinson III;;4;0;2;0;0;0;0;0;1;1;0;0;0;0;0;0;
