03-15;HOU-LAC;100-98;
22-30;36-20;26-24;16-24;
HOU
Donatas Motiejunas;PF;43;3;15;0;2;3;5;3;3;6;3;1;1;0;2;9;
Terrence Jones;PF;33;7;14;1;2;1;2;5;7;12;0;0;0;0;4;16;
Trevor Ariza;SF;39;7;15;2;7;3;3;2;7;9;3;1;0;4;2;19;
Patrick Beverley;PG;32;3;7;1;5;4;4;0;2;2;3;1;0;2;4;11;
James Harden;SG;41;7;16;3;5;17;18;0;7;7;7;0;0;3;3;34;
Josh Smith;;17;2;7;0;3;0;0;1;1;2;0;2;0;2;3;4;
Joey Dorsey;;2;0;0;0;0;0;2;0;0;0;0;0;0;0;0;0;
Corey Brewer;;17;3;10;0;4;1;2;0;3;3;0;1;2;1;2;7;
Jason Terry;;16;0;2;0;2;0;0;0;2;2;1;1;0;0;2;0;
LAC
Blake Griffin;PF;41;4;10;0;0;3;3;2;9;11;8;2;1;5;5;11;
Matt Barnes;SF;36;7;12;5;9;0;1;0;2;2;2;2;1;2;4;19;
DeAndre Jordan;C;35;2;3;0;0;1;8;3;17;20;1;0;4;4;5;5;
Chris Paul;PG;37;7;21;1;3;8;8;0;3;3;5;2;0;3;4;23;
J.J. Redick;SG;38;5;15;3;9;2;2;0;4;4;5;1;0;3;4;15;
Glen Davis;;16;3;5;0;0;0;0;2;1;3;0;1;1;0;3;6;
Spencer Hawes;;3;0;1;0;0;0;0;1;0;1;2;0;0;0;0;0;
Nate Robinson;;9;3;5;1;1;0;0;0;1;1;1;0;0;2;0;7;
Jordan Hamilton;;11;3;5;2;3;0;0;0;2;2;0;0;0;0;1;8;
Austin Rivers;;13;2;5;0;1;0;2;0;3;3;0;0;1;1;4;4;
Dahntay Jones;;0;0;0;0;0;0;0;0;0;0;0;0;0;0;0;0;
