03-20;NY-PHI;81-97;
23-29;25-25;18-26;15-17;
NY
Lou Amundson;PF;16;0;5;0;0;2;2;1;3;4;1;0;1;2;0;2;
Lance Thomas;SF;19;4;7;0;1;0;0;1;1;2;0;0;0;3;3;8;
Andrea Bargnani;C;27;4;11;0;3;9;10;1;5;6;2;0;1;2;3;17;
Alexey Shved;PG;35;8;14;7;8;2;2;0;6;6;3;1;1;2;1;25;
Langston Galloway;PG;33;1;8;0;1;0;0;0;2;2;3;1;0;4;1;2;
Jason Smith;;19;0;4;0;0;2;2;0;1;1;0;0;3;1;1;2;
Quincy Acy;;22;1;6;0;1;6;6;1;2;3;2;1;1;0;4;8;
Travis Wear;;30;0;2;0;0;1;2;1;3;4;2;1;1;1;0;1;
Cole Aldrich;;6;1;2;0;0;1;2;1;2;3;1;1;0;0;3;3;
Shane Larkin;;33;6;10;1;2;0;0;1;5;6;2;2;0;3;0;13;
PHI
Luc Richard Mbah a Moute;PF;28;5;11;2;5;2;2;1;4;5;3;0;1;0;1;14;
Nerlens Noel;C;32;9;14;0;0;5;7;7;7;14;1;5;3;1;2;23;
Ish Smith;PG;28;7;16;1;3;0;0;0;4;4;9;2;0;4;0;15;
Jason Richardson;SG;18;2;8;1;5;1;2;1;2;3;3;2;0;1;0;6;
JaKarr Sampson;SG;26;2;6;0;2;2;2;0;3;3;0;0;1;2;3;6;
Furkan Aldemir;;16;2;3;0;0;0;0;2;7;9;0;0;0;1;3;4;
Jerami Grant;;19;1;3;1;2;0;0;1;2;3;3;0;1;0;4;3;
Robert Covington;;30;3;7;2;3;0;0;1;4;5;2;0;0;1;4;8;
Isaiah Canaan;;20;4;11;4;8;0;0;0;0;0;2;1;0;1;0;12;
Hollis Thompson;;22;2;9;0;2;2;2;2;1;3;0;1;1;0;3;6;
