11-05;MEM-PHX;102-91;
26-27;20-25;30-19;26-20;
MEM
Zach Randolph;PF;29;4;9;0;0;2;3;0;6;6;0;2;0;3;2;10;
Tony Allen;SF;23;4;6;0;0;1;1;1;2;3;1;0;0;1;4;9;
Marc Gasol;C;35;6;12;0;0;6;6;1;4;5;6;4;0;4;3;18;
Mike Conley;PG;29;9;14;3;4;3;5;0;1;1;11;2;0;1;2;24;
Courtney Lee;SG;39;9;14;4;5;0;0;0;3;3;3;2;1;1;2;22;
Jon Leuer;;16;1;4;0;0;0;0;2;4;6;0;0;0;2;0;2;
Kosta Koufos;;13;0;2;0;0;0;0;2;3;5;1;0;0;0;1;0;
Beno Udrih;;19;3;6;0;2;0;0;0;2;2;3;0;0;2;3;6;
Vince Carter;;9;2;5;0;1;0;0;0;1;1;0;0;0;1;1;4;
Quincy Pondexter;;27;2;8;2;5;1;2;2;3;5;0;0;0;1;3;7;
PHX
Markieff Morris;PF;33;8;13;2;3;2;3;1;4;5;1;2;1;1;2;20;
Marcus Morris;PF;22;2;5;0;2;0;0;0;1;1;1;1;0;2;2;4;
Miles Plumlee;C;18;1;3;0;0;0;0;1;1;2;0;1;2;0;3;2;
Eric Bledsoe;PG;36;9;12;2;2;3;4;1;4;5;4;0;0;9;0;23;
Goran Dragic;SG;26;3;9;0;2;0;0;0;1;1;3;1;0;2;1;6;
Shavlik Randolph;;2;0;0;0;0;0;0;0;0;0;0;0;0;0;0;0;
Anthony Tolliver;;8;1;3;1;3;0;0;0;2;2;0;0;0;0;0;3;
P.J. Tucker;;26;2;3;1;1;0;0;0;11;11;2;4;1;1;1;5;
Alex Len;;24;0;3;0;0;2;2;2;2;4;0;0;0;0;5;2;
Isaiah Thomas;;26;4;10;1;4;6;6;0;1;1;2;1;0;2;3;15;
Gerald Green;;20;2;8;1;4;6;6;0;3;3;0;1;0;1;3;11;
