12-29;WSH-HOU;104-103;
24-27;22-18;32-22;26-36;
WSH
Nene Hilario;PF;27;5;9;0;1;2;2;1;4;5;1;3;0;0;3;12;
Paul Pierce;SF;30;7;9;1;3;6;6;0;3;3;1;3;1;1;1;21;
Marcin Gortat;C;32;4;8;0;0;1;2;1;6;7;0;0;3;3;3;9;
John Wall;PG;37;4;10;0;1;5;6;1;3;4;12;4;0;5;1;13;
Bradley Beal;SG;37;9;17;5;11;10;10;1;4;5;3;1;0;3;2;33;
Kris Humphries;;12;0;6;0;0;0;0;0;1;1;2;0;0;1;4;0;
Drew Gooden;;9;0;2;0;0;0;0;0;1;1;0;0;0;2;2;0;
Otto Porter Jr.;;11;0;0;0;0;0;0;0;1;1;0;0;0;0;1;0;
Rasual Butler;;20;3;5;2;2;0;0;0;1;1;0;0;0;1;0;8;
Kevin Seraphin;;14;1;4;0;0;2;2;1;4;5;0;0;0;2;4;4;
Andre Miller;;11;2;3;0;0;0;0;1;1;2;2;0;0;0;0;4;
HOU
Josh Smith;SF;23;1;6;0;1;1;4;1;3;4;0;1;0;4;0;3;
Trevor Ariza;SF;38;6;15;2;8;1;1;2;3;5;1;1;0;4;3;15;
Dwight Howard;C;29;6;11;0;0;1;3;1;4;5;0;0;0;1;2;13;
Patrick Beverley;PG;29;4;8;2;6;0;0;2;2;4;4;0;0;2;5;10;
James Harden;SG;36;12;23;3;8;6;7;1;5;6;4;1;0;2;3;33;
Donatas Motiejunas;;20;1;3;0;1;1;2;2;4;6;3;2;0;1;3;3;
Joey Dorsey;;19;2;2;0;0;1;2;3;3;6;0;3;0;3;3;5;
Corey Brewer;;28;5;13;2;5;3;4;0;0;0;3;2;1;1;1;15;
Jason Terry;;19;3;5;0;0;0;0;0;2;2;4;1;0;0;0;6;
