01-21;OKC-WSH;105-103;
26-31;12-19;28-20;26-22;13-11;
OKC
Serge Ibaka;PF;28;3;11;1;4;0;0;1;4;5;1;0;0;2;2;7;
Kevin Durant;SF;45;10;23;4;10;10;11;0;7;7;3;0;1;3;1;34;
Steven Adams;C;39;3;7;0;0;0;1;4;16;20;2;0;2;0;5;6;
Russell Westbrook;PG;42;12;28;0;4;8;10;2;6;8;8;1;0;3;4;32;
Andre Roberson;SG;16;0;0;0;0;0;0;0;3;3;0;1;0;1;1;0;
Nick Collison;;5;1;2;0;1;0;0;0;1;1;0;1;0;0;0;2;
Kendrick Perkins;;14;3;4;0;0;0;0;2;4;6;0;0;1;0;5;6;
Reggie Jackson;;14;0;6;0;3;0;0;0;1;1;5;0;1;0;1;0;
Anthony Morrow;;28;4;9;1;3;1;1;1;1;2;1;1;0;0;2;10;
Dion Waiters;;34;4;12;0;4;0;0;1;3;4;1;1;0;1;0;8;
WSH
Nene Hilario;PF;34;9;14;0;1;6;9;0;4;4;3;0;0;0;3;24;
Paul Pierce;SF;37;5;13;2;9;2;2;4;8;12;2;2;0;0;2;14;
Marcin Gortat;C;37;5;9;0;1;0;0;1;5;6;0;0;3;0;3;10;
John Wall;PG;44;6;17;2;6;4;4;0;6;6;13;4;0;3;5;18;
Bradley Beal;SG;42;5;21;2;9;2;2;4;4;8;2;1;0;3;1;14;
Kris Humphries;;19;1;3;0;0;2;2;2;7;9;0;0;0;1;2;4;
Otto Porter Jr.;;7;0;2;0;1;1;2;0;1;1;1;0;0;0;0;1;
Rasual Butler;;25;3;8;1;3;2;2;0;6;6;0;1;0;2;1;9;
Kevin Seraphin;;11;4;9;0;0;1;1;2;0;2;0;0;0;0;3;9;
Andre Miller;;9;0;4;0;0;0;2;0;4;4;2;0;0;0;0;0;
