02-20;BOS-SAC;101-109;
27-28;24-28;23-26;27-27;
BOS
Brandon Bass;PF;37;5;10;1;1;2;2;4;6;10;2;1;1;2;3;13;
Tyler Zeller;C;31;9;16;0;0;4;4;4;0;4;6;0;1;1;5;22;
Avery Bradley;PG;41;12;22;1;4;3;4;1;2;3;6;4;1;0;3;28;
Marcus Smart;PG;36;5;15;2;9;4;9;1;4;5;2;5;0;0;2;16;
Evan Turner;SG;37;3;14;1;2;0;0;0;5;5;8;3;0;5;3;7;
Shavlik Randolph;;6;1;3;0;0;0;0;2;2;4;0;0;0;1;1;2;
Jae Crowder;;22;3;11;0;1;0;0;4;1;5;0;0;0;2;3;6;
Gerald Wallace;;6;0;1;0;1;0;2;1;1;2;0;0;0;0;0;0;
Phil Pressey;;6;1;5;1;2;0;0;0;0;0;0;0;0;0;0;3;
James Young;;18;1;3;0;2;2;5;2;0;2;0;1;0;0;3;4;
SAC
Carl Landry;PF;5;0;0;0;0;0;0;1;0;1;0;0;0;1;0;0;
Rudy Gay;SF;38;9;18;2;5;8;8;2;3;5;4;1;3;3;1;28;
DeMarcus Cousins;C;36;12;18;0;0;7;9;3;12;15;3;2;1;9;3;31;
Ray McCallum;PG;25;3;7;2;4;0;0;1;4;5;4;0;0;5;1;8;
Ben McLemore;SG;41;3;13;2;7;2;3;0;1;1;2;0;0;4;4;10;
Derrick Williams;;17;5;9;1;3;0;0;1;4;5;1;1;0;0;2;11;
Jason Thompson;;25;3;4;0;0;0;0;3;6;9;2;1;1;0;4;6;
Omri Casspi;;31;2;9;1;3;2;4;5;7;12;6;1;0;0;4;7;
Andre Miller;;23;3;5;0;0;2;2;1;3;4;4;0;0;2;0;8;
