11-12;DET-WSH;103-107;
34-24;25-33;26-25;18-25;
DET
Greg Monroe;PF;33;6;13;0;0;6;7;3;6;9;3;0;1;3;0;18;
Josh Smith;SF;27;3;10;0;1;0;0;0;9;9;3;1;1;2;5;6;
Andre Drummond;C;23;1;3;0;0;0;0;0;5;5;1;0;2;2;4;2;
Brandon Jennings;PG;34;11;19;3;7;7;9;0;3;3;10;2;0;2;4;32;
Kentavious Caldwell-Pope;SG;35;8;14;4;6;0;0;0;2;2;0;0;1;1;3;20;
Jonas Jerebko;;19;2;3;0;1;2;2;1;1;2;1;1;0;0;2;6;
Caron Butler;;25;2;5;1;2;0;0;0;3;3;1;0;0;1;3;5;
Kyle Singler;;26;2;7;1;4;1;2;2;0;2;0;1;0;1;1;6;
Joel Anthony;;4;0;0;0;0;0;0;1;2;3;0;0;1;0;2;0;
D.J. Augustin;;14;3;7;0;1;2;2;0;1;1;0;0;0;1;1;8;
WSH
Nene Hilario;PF;27;4;9;0;0;0;1;1;3;4;1;1;0;2;2;8;
Paul Pierce;SF;29;5;11;1;4;2;2;1;7;8;2;0;0;2;1;13;
Marcin Gortat;C;27;7;12;0;0;0;2;5;8;13;2;1;2;3;2;14;
John Wall;PG;37;7;19;0;1;13;16;0;3;3;11;3;1;1;3;27;
Garrett Temple;SG;22;1;5;0;2;4;4;2;1;3;1;2;0;0;4;6;
Kris Humphries;;25;5;10;0;1;2;4;2;7;9;1;0;2;1;0;12;
Otto Porter Jr.;;19;1;3;0;1;0;0;0;2;2;0;2;1;0;1;2;
Rasual Butler;;27;7;8;2;2;2;2;0;1;1;1;1;0;1;2;18;
Kevin Seraphin;;17;3;6;0;0;0;0;0;3;3;1;0;0;1;5;6;
Andre Miller;;11;0;0;0;0;1;2;0;0;0;7;0;0;0;2;1;
