11-10;DET-CHI;91-102;
21-27;23-33;26-18;21-24;
DET
Greg Monroe;PF;36;8;15;0;0;0;0;1;9;10;2;0;0;3;3;16;
Josh Smith;SF;39;8;19;1;2;2;3;2;9;11;4;0;3;3;4;19;
Andre Drummond;C;36;0;5;0;0;2;4;4;8;12;0;1;1;3;6;2;
Brandon Jennings;PG;27;3;11;2;4;3;4;1;4;5;8;2;1;4;3;11;
Kentavious Caldwell-Pope;SG;29;3;9;1;3;2;4;0;1;1;1;0;0;0;1;9;
Caron Butler;;27;3;6;2;2;1;1;1;4;5;2;0;0;0;2;9;
Kyle Singler;;26;4;7;1;2;0;0;0;1;1;0;1;1;0;0;9;
D.J. Augustin;;21;5;8;0;1;6;9;0;1;1;2;1;0;2;2;16;
CHI
Pau Gasol;PF;35;8;17;0;1;1;2;3;12;15;4;1;4;1;0;17;
Mike Dunleavy;SF;35;2;7;0;3;3;3;0;4;4;1;0;2;1;4;7;
Joakim Noah;C;32;5;13;0;0;3;4;2;12;14;6;0;0;0;3;13;
Derrick Rose;PG;32;9;20;2;5;4;5;0;2;2;7;1;0;3;2;24;
Jimmy Butler;SG;43;6;12;4;7;3;3;1;3;4;1;0;0;1;1;19;
Taj Gibson;;24;4;7;0;0;0;0;3;4;7;1;1;1;2;2;8;
Nikola Mirotic;;5;0;0;0;0;0;0;0;0;0;0;1;1;0;1;0;
Doug McDermott;;5;0;1;0;1;0;0;0;0;0;0;0;0;0;1;0;
Aaron Brooks;;11;3;6;1;2;3;3;0;2;2;1;2;0;2;4;10;
Kirk Hinrich;;18;2;5;0;1;0;0;0;1;1;1;0;0;0;1;4;
