03-13;ATL-PHX;96-87;
28-23;20-27;17-23;31-14;
ATL
Paul Millsap;PF;37;10;18;3;6;0;0;2;7;9;3;3;3;4;4;23;
DeMarre Carroll;SF;31;4;9;0;1;3;3;2;3;5;1;1;0;1;3;11;
Al Horford;C;34;5;11;0;0;2;2;0;7;7;1;2;0;0;4;12;
Jeff Teague;PG;29;4;13;0;1;0;0;0;0;0;9;1;0;1;2;8;
Kyle Korver;SG;38;5;8;3;4;1;1;0;4;4;1;0;2;1;2;14;
Pero Antic;;17;2;6;1;3;1;2;1;3;4;0;0;0;0;0;6;
Elton Brand;;9;0;2;0;0;0;0;1;1;2;0;0;1;1;3;0;
Dennis Schroder;;23;4;10;0;2;3;4;0;4;4;6;2;0;3;1;11;
Kent Bazemore;;23;5;6;1;1;0;0;1;2;3;1;2;0;0;1;11;
PHX
Markieff Morris;PF;39;9;18;0;2;4;5;3;4;7;3;5;2;2;3;22;
Marcus Morris;PF;36;7;18;3;9;1;2;1;5;6;2;0;0;2;3;18;
P.J. Tucker;SF;38;4;9;2;4;1;2;1;8;9;4;0;0;5;0;11;
Alex Len;C;24;0;3;0;0;0;2;2;5;7;1;0;0;0;1;0;
Eric Bledsoe;PG;35;7;12;3;4;4;6;1;2;3;6;1;0;7;3;21;
Brandan Wright;;23;2;3;0;0;0;0;0;4;4;0;1;2;0;1;4;
T.J. Warren;;12;1;4;0;1;0;0;0;1;1;1;0;0;1;1;2;
Archie Goodwin;;21;2;8;2;4;3;4;2;4;6;2;0;2;1;2;9;
Marcus Thornton;;12;0;3;0;2;0;0;1;1;2;0;0;0;0;0;0;
