01-05;CHA-BOS;104-95;
24-16;26-20;29-26;25-33;
CHA
Cody Zeller;PF;33;8;8;0;0;4;4;1;6;7;1;0;1;4;4;20;
Michael Kidd-Gilchrist;SF;18;2;4;0;0;2;2;1;6;7;2;0;0;3;5;6;
Bismack Biyombo;C;27;2;5;0;0;0;0;3;7;10;0;1;2;1;2;4;
Kemba Walker;PG;39;12;26;2;7;7;7;1;4;5;5;0;1;1;2;33;
Gerald Henderson;SG;34;4;9;0;1;5;6;1;2;3;8;1;2;2;2;13;
Jason Maxiell;;16;0;0;0;0;0;0;1;1;2;0;0;1;1;4;0;
Marvin Williams;;30;4;7;1;3;1;1;3;5;8;1;0;1;1;1;10;
Brian Roberts;;9;1;2;1;1;0;0;0;2;2;1;0;0;1;0;3;
P.J. Hairston;;13;3;5;1;3;1;1;0;2;2;0;0;2;0;0;8;
Gary Neal;;22;2;12;1;4;2;2;1;1;2;4;0;0;1;2;7;
BOS
Jared Sullinger;PF;33;8;16;0;1;6;6;4;4;8;1;2;4;1;5;22;
Jeff Green;SF;26;3;13;0;1;1;1;0;1;1;0;0;0;0;0;7;
Tyler Zeller;C;16;1;5;0;0;0;0;0;2;2;3;0;0;0;1;2;
Avery Bradley;PG;20;2;7;0;0;0;0;0;3;3;0;0;0;2;2;4;
Evan Turner;SG;20;2;5;0;0;1;2;0;2;2;4;1;0;2;4;5;
Brandan Wright;;10;0;0;0;0;1;2;2;0;2;2;0;1;0;0;1;
Brandon Bass;;21;3;7;0;0;2;4;1;1;2;4;0;2;1;3;8;
Jae Crowder;;26;5;10;2;6;1;2;2;3;5;2;1;0;0;1;13;
Gerald Wallace;;4;0;1;0;0;0;0;0;0;0;0;0;0;0;0;0;
Kelly Olynyk;;14;2;6;0;2;1;1;0;3;3;0;1;0;0;3;5;
Phil Pressey;;14;3;9;0;1;0;0;0;3;3;2;2;0;0;1;6;
Marcus Smart;;21;2;5;2;3;3;5;0;1;1;4;1;0;0;2;9;
James Young;;18;5;7;3;4;0;0;1;0;1;0;0;0;0;1;13;
