11-21;CLE-WSH;78-91;
21-26;21-29;23-25;13-11;
CLE
Kevin Love;PF;31;3;8;2;4;0;0;1;7;8;2;1;0;4;3;8;
LeBron James;SF;39;8;21;2;7;4;7;3;1;4;4;1;1;3;0;22;
Anderson Varejao;C;25;4;10;0;0;2;2;2;7;9;2;3;0;2;2;10;
Kyrie Irving;PG;41;7;16;0;6;8;10;1;5;6;2;1;0;3;1;22;
Shawn Marion;SG;26;2;4;1;1;2;2;0;3;3;2;1;1;3;3;7;
Lou Amundson;;1;0;0;0;0;0;0;0;0;0;0;1;0;0;0;0;
Tristan Thompson;;27;1;4;0;0;2;2;2;6;8;0;1;1;1;5;4;
Brendan Haywood;;3;0;0;0;0;0;0;0;1;1;0;0;0;0;1;0;
Dion Waiters;;22;1;7;0;4;0;0;0;0;0;1;3;1;2;2;2;
Joe Harris;;9;0;2;0;2;0;0;0;0;0;0;0;0;1;3;0;
Mike Miller;;15;1;3;1;3;0;0;0;2;2;0;0;0;0;1;3;
WSH
Nene Hilario;PF;28;5;11;0;0;0;0;1;6;7;4;0;0;1;3;10;
Paul Pierce;SF;30;4;7;1;3;0;0;1;4;5;2;0;1;1;2;9;
Marcin Gortat;C;25;2;6;0;0;0;0;2;4;6;1;1;1;3;2;4;
John Wall;PG;37;12;20;1;4;3;5;0;6;6;7;4;0;4;3;28;
Garrett Temple;SG;10;0;2;0;0;0;0;1;1;2;1;1;0;1;0;0;
Kris Humphries;;20;2;6;0;0;0;0;2;3;5;1;0;0;1;3;4;
Otto Porter Jr.;;25;3;8;0;1;0;0;1;2;3;0;0;0;0;2;6;
Rasual Butler;;1;0;0;0;0;0;0;0;0;0;0;0;0;0;0;0;
Kevin Seraphin;;23;5;11;0;0;2;4;2;4;6;1;1;3;2;3;12;
Andre Miller;;11;3;3;0;0;0;0;0;0;0;2;0;0;0;1;6;
Bradley Beal;;32;5;10;2;2;0;0;0;5;5;5;3;0;4;2;12;
