03-04;MEM-HOU;102-100;
24-31;30-28;25-20;23-21;
MEM
Zach Randolph;PF;33;7;12;0;0;1;1;2;6;8;6;3;1;1;1;15;
Jeff Green;SF;33;5;12;2;5;0;0;0;4;4;4;0;0;1;1;12;
Marc Gasol;C;34;10;14;0;1;1;2;0;6;6;6;0;1;2;0;21;
Mike Conley;PG;33;6;9;1;2;4;4;0;2;2;6;1;0;3;2;17;
Courtney Lee;SG;29;2;8;0;2;2;2;0;0;0;2;0;0;0;3;6;
Jon Leuer;;6;0;2;0;1;2;2;0;2;2;0;0;0;0;1;2;
Tony Allen;;27;6;9;0;0;0;0;4;4;8;0;2;0;1;5;12;
Kosta Koufos;;15;2;3;0;0;2;4;1;2;3;1;1;1;0;0;6;
Beno Udrih;;15;2;8;0;2;0;0;0;0;0;0;0;0;0;0;4;
Nick Calathes;;16;2;6;1;3;2;2;0;5;5;2;4;0;1;2;7;
HOU
Donatas Motiejunas;PF;21;4;12;2;3;0;0;2;2;4;1;1;0;2;3;10;
Terrence Jones;PF;36;10;14;0;0;1;1;4;5;9;2;1;2;1;1;21;
Trevor Ariza;SF;37;4;9;0;4;0;0;0;5;5;2;2;0;2;0;8;
Patrick Beverley;PG;31;5;9;2;3;0;0;0;5;5;3;0;0;0;2;12;
James Harden;SG;41;7;16;2;7;2;2;1;3;4;13;1;2;3;1;18;
Josh Smith;;21;6;14;2;5;2;2;3;5;8;2;1;1;0;1;16;
Joey Dorsey;;8;1;1;0;0;0;0;2;1;3;0;0;0;2;2;2;
Corey Brewer;;26;2;5;1;2;0;0;0;2;2;1;0;0;1;2;5;
Jason Terry;;17;3;6;2;4;0;0;0;0;0;0;1;0;1;0;8;
