02-06;UTAH-PHX;93-100;
24-25;18-29;29-22;22-24;
UTAH
Derrick Favors;PF;34;9;14;0;0;2;2;0;5;5;1;3;1;2;3;20;
Gordon Hayward;SF;34;9;17;1;2;5;6;0;5;5;5;0;0;4;2;24;
Joe Ingles;SF;29;2;6;0;3;2;2;1;5;6;3;0;0;1;0;6;
Enes Kanter;C;24;3;8;0;0;0;2;1;5;6;0;1;0;3;2;6;
Dante Exum;SG;28;2;4;2;3;0;0;1;2;3;4;0;0;2;4;6;
Trevor Booker;;11;1;3;0;0;1;2;0;1;1;0;0;0;0;0;3;
Chris Johnson;;21;3;6;3;5;0;0;0;2;2;3;2;0;0;1;9;
Rudy Gobert;;27;6;7;0;0;2;4;3;9;12;4;1;1;1;3;14;
Trey Burke;;26;2;13;1;7;0;0;0;3;3;3;0;2;0;1;5;
Elijah Millsap;;6;0;2;0;0;0;0;0;0;0;0;1;0;1;0;0;
PHX
Markieff Morris;PF;31;6;18;0;2;0;0;3;5;8;0;0;1;4;3;12;
P.J. Tucker;SF;34;4;6;3;5;1;2;0;6;6;2;1;0;2;1;12;
Miles Plumlee;C;26;3;7;0;0;0;0;2;2;4;0;2;1;0;4;6;
Eric Bledsoe;PG;31;6;12;3;3;0;0;0;2;2;6;4;0;0;2;15;
Goran Dragic;SG;27;4;8;1;1;0;2;0;3;3;6;0;0;1;3;9;
Brandan Wright;;20;0;2;0;0;0;0;2;2;4;0;1;1;0;0;0;
Marcus Morris;;33;11;17;5;7;7;8;1;11;12;0;2;1;3;0;34;
Isaiah Thomas;;25;3;9;2;6;2;2;1;2;3;4;0;1;1;2;10;
Gerald Green;;13;1;5;0;3;0;0;1;1;2;2;0;0;0;1;2;
