01-28;OKC-NY;92-100;
19-20;26-23;22-25;25-32;
OKC
Serge Ibaka;PF;33;3;9;0;2;4;4;3;7;10;1;0;2;1;4;10;
Perry Jones;SF;24;0;5;0;3;0;0;0;5;5;1;0;0;2;3;0;
Steven Adams;C;30;2;5;0;0;2;3;2;7;9;0;0;3;3;3;6;
Russell Westbrook;PG;35;13;30;2;8;12;12;0;4;4;4;2;1;4;1;40;
Andre Roberson;SG;15;0;0;0;0;0;0;0;0;0;0;0;1;1;2;0;
Nick Collison;;16;1;2;0;0;0;0;3;1;4;0;1;0;0;3;2;
Kendrick Perkins;;15;2;6;0;0;0;2;0;4;4;0;0;0;1;0;4;
Ish Smith;;2;0;0;0;0;0;0;0;0;0;0;0;0;0;0;0;
Reggie Jackson;;28;6;11;1;4;0;0;1;6;7;4;4;0;1;1;13;
Dion Waiters;;20;3;10;1;3;1;1;1;0;1;0;0;0;0;0;8;
Anthony Morrow;;23;4;7;1;2;0;0;0;3;3;0;0;0;0;5;9;
NY
Lou Amundson;PF;32;2;8;0;0;1;2;4;6;10;3;0;4;0;5;5;
Jason Smith;PF;32;5;10;0;0;1;2;3;8;11;6;1;0;0;5;11;
Carmelo Anthony;SF;38;12;28;1;2;6;7;2;8;10;3;2;0;2;1;31;
Jose Calderon;PG;27;2;3;0;1;0;0;0;3;3;8;2;0;1;0;4;
Langston Galloway;PG;37;7;15;3;7;1;2;0;4;4;4;3;0;1;2;18;
Lance Thomas;;25;8;13;0;0;1;2;0;5;5;1;0;0;3;0;17;
Quincy Acy;;4;0;2;0;0;0;0;0;1;1;0;0;0;0;0;0;
Cole Aldrich;;7;0;2;0;0;0;0;1;0;1;1;0;1;0;2;0;
Shane Larkin;;10;0;0;0;0;0;0;1;1;2;1;0;0;1;0;0;
Pablo Prigioni;;4;0;2;0;1;0;0;0;2;2;0;0;0;0;1;0;
Tim Hardaway Jr.;;23;4;8;4;6;2;2;0;2;2;2;0;1;2;1;14;
