01-22;BKN-LAC;84-123;
23-34;14-36;19-27;28-26;
BKN
Joe Johnson;SF;26;4;12;1;4;0;0;1;5;6;3;1;0;2;1;9;
Brook Lopez;C;24;1;3;0;0;2;2;0;1;1;0;0;1;1;3;4;
Mason Plumlee;C;25;6;9;0;0;4;11;1;2;3;1;2;0;2;2;16;
Jarrett Jack;PG;27;3;11;1;2;0;0;0;1;1;3;3;0;4;1;7;
Bojan Bogdanovic;SG;13;0;1;0;1;0;0;0;0;0;0;0;0;0;0;0;
Cory Jefferson;;18;4;10;0;1;1;2;3;5;8;2;1;1;0;0;9;
Mirza Teletovic;;8;0;3;0;3;0;0;0;1;1;1;0;0;1;1;0;
Jerome Jordan;;21;4;8;0;0;3;4;7;4;11;0;0;1;1;1;11;
Darius Morris;;21;5;13;1;4;0;0;0;0;0;4;0;0;0;2;11;
Markel Brown;;26;2;7;0;3;4;6;0;3;3;1;1;0;0;2;8;
Sergey Karasev;;14;1;4;1;1;0;0;1;1;2;1;0;0;1;0;3;
Alan Anderson;;16;3;7;0;2;0;0;2;2;4;1;3;0;0;1;6;
LAC
Blake Griffin;PF;25;11;14;0;0;2;3;1;5;6;3;2;0;3;4;24;
Matt Barnes;SF;24;3;5;2;4;0;0;0;3;3;2;0;1;0;1;8;
DeAndre Jordan;C;26;7;7;0;0;0;2;4;8;12;0;0;2;2;1;14;
Chris Paul;PG;24;2;5;1;3;1;1;1;4;5;17;3;0;2;0;6;
J.J. Redick;SG;20;6;8;3;4;2;2;0;0;0;3;0;0;1;1;17;
Ekpe Udoh;;9;0;0;0;0;0;0;2;1;3;2;0;1;0;1;0;
Glen Davis;;21;4;10;0;0;2;2;0;3;3;1;1;1;1;2;10;
Spencer Hawes;;16;3;8;1;4;0;0;0;4;4;4;0;3;0;4;7;
Hedo Turkoglu;;15;2;3;1;2;0;0;0;5;5;1;0;1;1;1;5;
Austin Rivers;;24;4;7;1;2;0;4;1;3;4;6;1;0;2;0;9;
C.J. Wilcox;;10;2;4;0;1;0;0;0;0;0;0;0;0;1;1;4;
Dahntay Jones;;9;1;2;0;0;0;0;0;1;1;0;0;0;0;1;2;
Jamal Crawford;;18;4;10;2;5;7;7;0;2;2;2;1;0;1;0;17;
