04-08;WSH-PHI;119-90;
35-24;35-30;25-23;24-13;
WSH
Drew Gooden;PF;25;2;4;0;0;0;0;2;3;5;5;0;0;0;0;4;
Paul Pierce;SF;22;4;7;2;4;0;0;0;3;3;3;1;0;1;1;10;
Marcin Gortat;C;26;8;9;0;0;2;2;0;7;7;6;0;4;2;4;18;
Ramon Sessions;PG;29;5;7;2;2;7;9;1;3;4;7;0;0;4;0;19;
Bradley Beal;SG;23;7;9;3;3;4;5;2;1;3;3;1;0;3;2;21;
Kris Humphries;;20;5;6;0;0;2;3;1;6;7;2;0;1;0;4;12;
Otto Porter Jr.;;24;1;2;0;0;1;2;0;2;2;1;1;0;1;1;3;
Martell Webster;;4;0;2;0;2;0;0;0;3;3;0;0;0;0;1;0;
Rasual Butler;;23;4;7;1;1;0;0;0;3;3;1;0;0;1;2;9;
DeJuan Blair;;4;0;0;0;0;1;2;0;0;0;0;0;0;0;0;1;
Kevin Seraphin;;22;6;8;0;1;0;0;0;6;6;0;0;2;1;3;12;
Will Bynum;;19;5;11;0;2;0;0;0;2;2;7;1;1;1;3;10;
PHI
Furkan Aldemir;PF;13;1;3;0;0;0;0;1;2;3;1;0;0;0;3;2;
Robert Covington;SF;24;8;11;4;6;7;8;2;1;3;1;2;0;1;1;27;
Jerami Grant;SF;27;1;9;0;4;4;6;0;2;2;0;2;0;1;2;6;
Nerlens Noel;C;24;2;8;0;0;1;2;3;5;8;1;1;0;0;1;5;
Ish Smith;PG;25;1;9;0;2;1;2;0;0;0;6;1;0;3;3;3;
Luc Richard Mbah a Moute;;24;3;10;1;3;0;0;1;3;4;1;1;0;1;1;7;
Thomas Robinson;;22;5;12;0;0;1;2;8;4;12;2;2;0;1;2;11;
Henry Sims;;12;2;3;0;0;2;4;0;0;0;1;0;0;0;1;6;
JaKarr Sampson;;23;0;7;0;4;2;2;0;0;0;3;2;1;0;5;2;
Glenn Robinson III;;8;0;3;0;0;0;0;0;1;1;0;0;0;0;0;0;
Jason Richardson;;21;6;7;4;5;1;1;0;1;1;1;0;0;1;1;17;
Hollis Thompson;;17;2;7;0;3;0;0;2;0;2;0;0;0;0;2;4;
