02-27;WSH-PHI;81-89;
25-28;17-19;19-16;20-26;
WSH
Nene Hilario;PF;20;3;6;0;0;0;0;1;4;5;1;1;0;1;4;6;
Otto Porter Jr.;SF;37;8;19;2;5;1;1;1;2;3;2;1;0;1;3;19;
Marcin Gortat;C;35;4;8;0;0;0;2;4;10;14;0;0;1;1;3;8;
John Wall;PG;38;7;26;0;2;7;8;1;4;5;11;2;1;4;4;21;
Garrett Temple;SG;19;0;3;0;2;0;0;1;2;3;3;0;2;1;2;0;
Drew Gooden;;17;1;5;0;0;2;2;2;4;6;0;0;0;1;3;4;
Martell Webster;;7;0;0;0;0;0;0;0;1;1;0;0;0;0;0;0;
Rasual Butler;;26;3;12;1;7;2;2;0;5;5;1;0;0;0;1;9;
Kevin Seraphin;;18;0;3;0;0;0;0;1;2;3;0;0;1;2;3;0;
DeJuan Blair;;1;0;1;0;0;0;0;1;1;2;0;0;0;0;0;0;
Ramon Sessions;;21;4;10;1;1;5;7;1;3;4;2;0;0;2;2;14;
PHI
Luc Richard Mbah a Moute;PF;29;4;9;2;6;0;4;1;7;8;4;2;1;2;0;10;
Robert Covington;SF;26;3;9;2;7;5;5;1;5;6;0;1;0;1;2;13;
Nerlens Noel;C;34;5;9;0;0;4;6;3;10;13;3;2;3;2;5;14;
Isaiah Canaan;PG;22;3;11;1;6;1;1;1;2;3;1;0;0;1;2;8;
Jason Richardson;SG;26;4;9;4;7;0;0;0;2;2;5;0;0;1;3;12;
Thomas Robinson;;13;2;7;0;0;5;6;5;4;9;1;1;0;1;3;9;
Jerami Grant;;24;3;8;2;5;1;2;0;3;3;0;1;0;5;4;9;
JaVale McGee;;11;0;2;0;0;1;2;1;1;2;0;0;0;0;0;1;
Henry Sims;;6;0;1;0;0;2;2;0;1;1;0;0;0;0;0;2;
Ish Smith;;26;2;10;0;0;2;6;0;4;4;6;0;0;2;0;6;
Hollis Thompson;;22;2;5;1;2;0;0;0;2;2;1;0;0;0;1;5;
