01-28;DEN-NO;93-85;
28-17;21-22;21-31;23-15;
DEN
Kenneth Faried;PF;32;6;11;0;0;2;3;2;5;7;1;2;1;0;3;14;
Wilson Chandler;SF;28;4;8;1;1;0;0;2;6;8;3;0;0;2;3;9;
Jusuf Nurkic;C;29;7;9;0;0;1;2;0;9;9;0;1;2;4;4;15;
Ty Lawson;PG;32;2;12;1;2;0;0;1;0;1;13;1;0;1;2;5;
Arron Afflalo;SG;39;7;13;4;7;2;2;0;1;1;4;0;0;1;2;20;
Darrell Arthur;;18;2;7;0;0;0;0;0;2;2;1;0;3;0;3;4;
J.J. Hickson;;19;5;10;0;0;0;0;2;3;5;2;0;0;0;0;10;
Danilo Gallinari;;20;4;8;3;5;0;0;0;2;2;2;0;1;0;1;11;
Jameer Nelson;;16;1;5;0;1;0;0;1;3;4;3;0;0;0;4;2;
Randy Foye;;6;1;2;1;1;0;0;0;0;0;1;0;0;0;0;3;
NO
Dante Cunningham;PF;39;3;7;0;0;0;0;1;1;2;3;1;0;0;2;6;
Anthony Davis;PF;37;8;15;0;0;8;10;2;10;12;2;0;2;0;2;24;
Omer Asik;C;28;1;3;0;0;2;4;7;5;12;0;0;2;2;3;4;
Eric Gordon;SG;42;4;15;2;6;1;2;1;5;6;6;0;1;2;3;11;
Tyreke Evans;SG;38;11;22;1;4;2;3;2;4;6;2;1;0;4;3;25;
Ryan Anderson;;29;3;10;0;3;5;5;3;4;7;1;0;0;1;1;11;
Nate Wolters;;3;0;2;0;0;0;0;0;1;1;0;0;0;0;0;0;
Jimmer Fredette;;8;0;3;0;0;0;0;0;0;0;1;0;0;0;0;0;
Quincy Pondexter;;16;2;5;0;2;0;0;1;1;2;0;0;1;0;1;4;
