11-12;LAL-NO;102-109;
25-23;23-28;24-34;30-24;
LAL
Carlos Boozer;PF;34;6;13;0;0;4;6;2;4;6;0;2;0;2;2;16;
Wesley Johnson;SF;33;4;9;1;5;1;1;1;2;3;0;0;2;0;2;10;
Jordan Hill;C;32;4;9;0;0;2;3;3;5;8;2;0;0;2;2;10;
Jeremy Lin;PG;34;4;11;1;3;6;6;1;3;4;4;2;1;1;0;15;
Kobe Bryant;SG;36;10;28;5;11;8;8;0;4;4;5;1;0;1;1;33;
Ed Davis;;27;3;6;0;0;2;2;3;8;11;0;0;2;2;2;8;
Xavier Henry;;10;1;2;0;0;0;2;0;0;0;1;1;0;0;1;2;
Robert Sacre;;3;0;0;0;0;0;0;0;0;0;0;1;0;0;0;0;
Jordan Clarkson;;14;3;4;0;0;2;4;0;0;0;0;0;0;0;1;8;
Ronnie Price;;17;0;2;0;2;0;0;1;1;2;3;1;0;1;3;0;
NO
Anthony Davis;PF;37;12;16;0;0;1;4;1;11;12;1;1;6;3;1;25;
Omer Asik;C;26;3;3;0;0;1;2;3;10;13;1;0;2;0;3;7;
Jrue Holiday;PG;34;8;17;1;4;0;0;0;1;1;5;1;1;1;5;17;
Eric Gordon;SG;36;2;8;0;3;3;3;0;1;1;5;0;1;2;4;7;
Tyreke Evans;SG;37;8;16;2;2;1;2;1;4;5;11;0;0;2;2;19;
Ryan Anderson;;20;7;12;3;7;0;0;2;6;8;0;0;0;3;1;17;
Luke Babbitt;;17;1;2;1;1;0;0;1;0;1;0;1;0;1;3;3;
Jeff Withey;;2;0;0;0;0;0;0;0;1;1;0;0;1;0;0;0;
Alexis Ajinca;;12;1;2;0;0;4;5;0;1;1;0;0;1;0;3;6;
Austin Rivers;;20;3;6;1;2;1;2;0;1;1;4;0;0;1;2;8;
