01-30;LAC-NO;103-108;
26-28;28-25;22-35;27-20;
LAC
Blake Griffin;PF;37;7;14;0;0;5;6;2;2;4;6;1;0;0;4;19;
Matt Barnes;SF;30;2;8;2;5;0;0;0;3;3;0;0;0;2;2;6;
DeAndre Jordan;C;34;6;7;0;0;0;2;7;8;15;0;0;3;1;0;12;
Chris Paul;PG;38;10;20;3;9;1;2;0;8;8;7;3;0;1;2;24;
J.J. Redick;SG;28;5;13;0;5;2;2;0;1;1;4;0;1;1;3;12;
Glen Davis;;7;1;4;0;0;0;0;0;2;2;1;0;0;0;0;2;
Spencer Hawes;;15;0;1;0;1;0;0;0;3;3;1;0;0;0;4;0;
Hedo Turkoglu;;9;1;1;1;1;0;0;0;0;0;0;1;0;0;0;3;
Austin Rivers;;14;4;8;0;1;2;2;0;1;1;1;0;0;0;3;10;
Dahntay Jones;;0;0;0;0;0;0;0;0;0;0;0;0;0;0;0;0;
Jamal Crawford;;28;6;16;1;6;2;3;0;1;1;0;0;0;0;3;15;
NO
Ryan Anderson;PF;36;6;17;5;11;7;7;4;5;9;1;1;0;0;4;24;
Dante Cunningham;PF;34;4;9;0;0;0;0;2;10;12;0;0;0;0;1;8;
Omer Asik;C;29;1;5;0;0;3;6;2;5;7;2;0;0;1;3;5;
Eric Gordon;SG;38;10;20;5;7;3;3;0;2;2;7;1;0;3;0;28;
Tyreke Evans;SG;37;5;13;1;3;0;0;1;7;8;12;1;0;2;2;11;
Luke Babbitt;;5;0;1;0;1;0;0;0;0;0;0;0;0;0;0;0;
Alexis Ajinca;;24;6;11;0;0;5;5;4;5;9;0;0;3;2;3;17;
Jimmer Fredette;;6;1;1;0;0;5;5;0;0;0;0;0;0;0;2;7;
Nate Wolters;;7;0;1;0;0;0;0;0;0;0;3;0;0;0;0;0;
Quincy Pondexter;;23;3;8;2;3;0;0;1;3;4;1;2;0;0;0;8;
