03-18;DET-PHI;83-94;
21-24;18-25;26-19;18-26;
DET
Anthony Tolliver;PF;34;3;5;2;4;1;2;3;2;5;0;0;1;2;2;9;
Caron Butler;SF;18;3;8;1;6;0;0;0;0;0;0;2;0;0;1;7;
Andre Drummond;C;32;3;8;0;0;3;3;7;7;14;0;1;2;1;4;9;
Reggie Jackson;PG;32;4;17;1;3;2;2;3;8;11;10;0;0;5;3;11;
Kentavious Caldwell-Pope;SG;36;7;16;1;4;5;6;1;7;8;2;1;0;3;3;20;
Tayshaun Prince;;22;3;7;0;1;0;0;0;2;2;2;0;0;2;1;6;
Shawne Williams;;8;0;0;0;0;0;0;0;2;2;0;0;0;2;1;0;
Joel Anthony;;16;2;4;0;0;2;2;3;1;4;1;0;4;1;1;6;
Spencer Dinwiddie;;19;2;11;1;3;2;2;1;2;3;3;0;0;0;2;7;
Jodie Meeks;;24;2;12;2;5;2;2;0;2;2;0;4;0;2;0;8;
PHI
Luc Richard Mbah a Moute;PF;26;1;8;1;2;1;2;2;4;6;5;0;0;0;3;4;
Nerlens Noel;C;22;5;10;0;0;1;2;3;1;4;0;1;3;1;0;11;
Ish Smith;PG;26;6;12;0;1;3;4;0;1;1;8;3;1;3;2;15;
Jason Richardson;SG;25;4;7;3;5;3;4;1;4;5;2;1;0;1;2;14;
JaKarr Sampson;SG;22;3;8;0;2;0;0;1;5;6;0;2;0;3;3;6;
Furkan Aldemir;;9;1;2;0;0;0;0;2;2;4;0;0;1;0;2;2;
Thomas Robinson;;16;6;9;0;0;0;0;2;4;6;0;1;3;1;2;12;
Jerami Grant;;25;4;7;2;3;0;2;1;3;4;2;0;0;2;2;10;
Robert Covington;;22;1;6;1;5;0;0;0;2;2;3;1;0;0;2;3;
Isaiah Canaan;;22;2;10;2;6;3;4;0;3;3;4;1;0;3;3;9;
Hollis Thompson;;24;3;5;2;3;0;0;0;1;1;1;2;2;1;0;8;
