03-19;MIN-NY;95-92;
29-26;25-20;15-23;16-16;10-7;
MIN
Adreian Payne;PF;14;1;3;0;0;0;0;3;3;6;1;0;0;0;3;2;
Andrew Wiggins;SF;43;4;17;0;0;12;14;2;5;7;1;2;1;3;1;20;
Gorgui Dieng;C;48;9;10;0;0;1;4;3;8;11;1;2;6;2;3;19;
Zach LaVine;PG;37;7;13;1;3;5;5;1;6;7;4;1;1;4;1;20;
Kevin Martin;SG;44;8;26;1;2;5;5;0;2;2;0;0;0;4;1;22;
Chase Budinger;;43;4;11;0;5;2;2;2;4;6;2;4;0;1;2;10;
Lorenzo Brown;;26;1;2;0;1;0;0;0;3;3;3;1;0;1;1;2;
Sean Kilpatrick;;10;0;1;0;1;0;0;0;1;1;0;0;0;1;0;0;
NY
Lou Amundson;PF;20;3;9;0;0;0;0;5;4;9;1;1;1;2;2;6;
Lance Thomas;SF;31;3;10;0;1;0;0;2;1;3;0;0;1;1;2;6;
Andrea Bargnani;C;34;7;16;0;1;0;0;1;3;4;0;0;0;0;0;14;
Alexey Shved;PG;43;7;21;0;7;6;6;1;4;5;6;1;1;4;3;20;
Langston Galloway;PG;41;9;20;3;8;0;0;1;6;7;3;2;0;1;3;21;
Jason Smith;;22;2;4;0;0;1;2;0;3;3;2;0;0;3;1;5;
Quincy Acy;;15;0;2;0;1;0;0;0;6;6;1;1;0;2;2;0;
Travis Wear;;12;1;2;0;0;0;0;0;1;1;1;1;0;1;3;2;
Cole Aldrich;;23;4;7;0;0;0;0;0;7;7;5;1;2;1;1;8;
Shane Larkin;;25;4;6;1;2;1;2;2;2;4;3;2;0;0;1;10;
