12-27;NO-CHI;100-107;
25-23;20-26;26-31;29-27;
NO
Anthony Davis;PF;41;13;24;0;0;3;3;3;8;11;2;0;6;1;2;29;
Luke Babbitt;SF;15;0;1;0;1;0;0;0;1;1;0;2;0;0;2;0;
Omer Asik;C;20;1;5;0;0;2;2;2;2;4;1;1;1;0;2;4;
Jrue Holiday;PG;35;9;12;1;2;0;0;2;1;3;7;2;0;5;0;19;
Tyreke Evans;SG;36;10;21;0;2;6;7;0;5;5;5;2;1;3;4;26;
Dante Cunningham;;18;0;1;0;0;0;0;0;2;2;0;0;0;1;1;0;
Ryan Anderson;;25;4;11;2;6;3;4;1;4;5;0;0;0;0;3;13;
John Salmons;;13;0;0;0;0;0;0;1;0;1;0;0;0;2;0;0;
Alexis Ajinca;;11;1;2;0;0;0;0;0;2;2;0;1;0;1;3;2;
Austin Rivers;;26;3;11;1;3;0;0;1;2;3;3;1;0;2;2;7;
CHI
Pau Gasol;PF;30;3;9;0;0;2;2;1;8;9;6;0;3;2;2;8;
Mike Dunleavy;SF;29;1;4;1;2;0;0;0;2;2;2;0;0;1;1;3;
Joakim Noah;C;28;3;6;0;0;1;2;7;2;9;2;1;1;0;2;7;
Derrick Rose;PG;27;8;18;2;5;1;2;0;1;1;1;0;0;4;0;19;
Jimmy Butler;SG;36;12;18;0;3;9;10;2;3;5;2;2;1;0;4;33;
Nikola Mirotic;;17;3;8;2;4;2;2;0;6;6;0;1;0;2;3;10;
Taj Gibson;;22;5;9;0;0;2;2;4;6;10;0;1;1;1;3;12;
Tony Snell;;4;0;1;0;0;0;0;0;0;0;0;0;0;1;0;0;
Aaron Brooks;;26;5;14;1;5;2;2;0;0;0;4;2;0;1;1;13;
E'Twaun Moore;;20;1;2;0;1;0;0;1;2;3;2;1;0;1;1;2;
