04-04;MIA-DET;98-99;
24-29;31-21;26-22;17-27;
MIA
Udonis Haslem;PF;14;3;6;0;1;0;0;2;2;4;2;0;0;0;0;6;
Luol Deng;SF;38;4;11;2;5;3;4;2;6;8;2;1;0;3;1;13;
Hassan Whiteside;C;31;5;9;0;0;3;7;4;8;12;0;1;6;3;2;13;
Dwyane Wade;SG;35;11;18;0;2;2;3;1;1;2;3;1;0;2;3;24;
Goran Dragic;SG;36;7;12;2;4;5;6;1;1;2;7;1;1;2;2;21;
Chris Andersen;;10;1;1;0;0;0;0;0;0;0;0;0;0;2;0;2;
Henry Walker;;21;0;5;0;3;3;3;0;2;2;2;1;0;0;2;3;
James Ennis;;18;3;5;0;1;1;1;1;3;4;1;0;0;0;2;7;
Mario Chalmers;;25;3;7;1;3;2;2;0;2;2;1;1;0;1;5;9;
Tyler Johnson;;12;0;3;0;1;0;0;0;1;1;1;0;0;1;3;0;
DET
Anthony Tolliver;PF;35;5;11;5;9;0;0;0;2;2;1;0;0;2;5;15;
Caron Butler;SF;27;3;3;2;2;1;1;0;2;2;3;0;0;0;3;9;
Andre Drummond;C;35;5;8;0;0;1;1;6;11;17;1;0;3;2;5;11;
Reggie Jackson;PG;38;11;18;2;4;5;7;0;3;3;11;1;0;7;5;29;
Kentavious Caldwell-Pope;SG;42;6;16;2;6;5;8;0;3;3;1;3;0;0;1;19;
Tayshaun Prince;;25;2;7;0;1;3;6;2;2;4;2;1;0;1;0;7;
Shawne Williams;;3;1;1;1;1;0;0;0;1;1;1;0;0;0;1;3;
Joel Anthony;;13;1;1;0;0;0;0;0;1;1;0;0;0;0;0;2;
John Lucas III;;14;1;4;0;1;0;0;0;0;0;0;1;0;3;1;2;
Jodie Meeks;;8;1;4;0;2;0;0;0;0;0;0;0;0;1;0;2;
