04-07;CHA-MIA;100-105;
25-28;30-27;20-27;25-23;
CHA
Marvin Williams;PF;40;4;11;0;1;0;0;3;10;13;0;1;1;0;0;8;
Jeff Taylor;SF;20;2;2;0;0;0;0;0;1;1;0;1;0;1;3;4;
Bismack Biyombo;C;41;4;6;0;0;4;6;5;7;12;2;2;4;1;4;12;
Kemba Walker;PG;39;7;20;0;4;3;5;1;3;4;4;3;0;3;2;17;
Gerald Henderson;SG;31;11;18;2;3;5;5;2;1;3;1;0;0;0;6;29;
Noah Vonleh;;2;0;0;0;0;0;0;0;0;0;0;0;0;0;2;0;
Jason Maxiell;;11;2;7;0;0;0;0;2;3;5;0;0;0;1;3;4;
Mo Williams;;28;5;17;0;4;5;5;2;3;5;4;0;0;2;3;15;
P.J. Hairston;;7;1;1;1;1;0;0;0;0;0;1;1;0;1;0;3;
Lance Stephenson;;20;3;9;2;5;0;0;0;2;2;0;0;0;0;3;8;
MIA
Udonis Haslem;PF;28;4;9;0;0;0;0;2;6;8;3;0;0;0;3;8;
Luol Deng;SF;41;9;17;1;6;2;2;1;5;6;1;0;0;0;0;21;
Hassan Whiteside;C;23;6;8;0;0;0;1;1;7;8;0;0;1;0;5;12;
Dwyane Wade;SG;35;6;17;0;1;7;10;2;1;3;5;1;0;7;1;19;
Goran Dragic;SG;35;10;16;0;2;8;8;1;3;4;5;2;0;2;4;28;
Chris Andersen;;13;2;3;0;0;2;3;0;2;2;0;0;3;1;0;6;
Henry Walker;;7;0;2;0;1;0;0;0;1;1;0;0;0;0;0;0;
James Ennis;;26;2;6;2;4;3;4;1;4;5;2;0;1;0;1;9;
Mario Chalmers;;9;0;0;0;0;0;0;0;0;0;1;0;0;0;0;0;
Tyler Johnson;;25;1;3;0;1;0;0;0;5;5;3;1;1;1;3;2;
