11-01;MIL-WSH;97-108;
17-29;27-20;24-34;29-25;
MIL
Jared Dudley;SF;14;2;5;0;3;0;0;0;1;1;0;0;1;0;2;4;
Jabari Parker;SF;34;5;17;1;3;2;2;5;6;11;0;1;0;5;2;13;
Larry Sanders;C;24;2;4;0;0;4;4;4;3;7;1;0;0;2;4;8;
Brandon Knight;PG;38;9;15;3;4;3;4;2;3;5;6;1;0;3;0;24;
Khris Middleton;SG;24;2;7;1;3;1;2;0;2;2;4;3;0;2;2;6;
Ersan Ilyasova;;18;3;6;1;2;1;2;2;2;4;1;1;1;1;3;8;
Giannis Antetokounmpo;;13;2;3;0;1;0;1;0;3;3;1;1;1;3;1;4;
John Henson;;16;1;1;0;0;0;0;1;1;2;0;1;0;1;3;2;
Zaza Pachulia;;14;1;3;0;0;0;0;1;1;2;1;0;0;3;1;2;
Kendall Marshall;;6;1;2;1;2;0;0;0;0;0;1;0;0;2;1;3;
Jerryd Bayless;;21;5;10;2;2;8;8;0;3;3;2;2;0;4;4;20;
O.J. Mayo;;19;1;7;0;2;1;1;1;1;2;1;1;0;1;5;3;
WSH
Nene Hilario;PF;33;10;12;0;1;2;3;2;4;6;4;3;0;1;3;22;
Paul Pierce;SF;17;0;3;0;1;2;2;1;2;3;4;1;0;1;2;2;
Marcin Gortat;C;38;9;14;0;0;2;4;1;8;9;2;1;3;4;4;20;
John Wall;PG;38;6;14;1;4;6;9;0;6;6;10;5;1;4;3;19;
Garrett Temple;SG;38;6;9;2;4;4;5;0;1;1;1;3;0;2;2;18;
Kris Humphries;;7;0;2;0;0;0;0;1;0;1;2;1;0;1;1;0;
Drew Gooden;;14;1;5;0;0;0;0;1;2;3;1;1;1;2;2;2;
Otto Porter Jr.;;37;7;11;1;2;6;7;0;5;5;1;2;0;1;2;21;
DeJuan Blair;;4;0;0;0;0;0;0;0;0;0;1;1;0;0;1;0;
Andre Miller;;10;0;0;0;0;0;0;0;0;0;2;0;0;3;0;0;
Glen Rice Jr.;;5;1;3;0;1;2;3;0;0;0;0;0;0;0;1;4;
