11-05;MIA-CHA;89-96;
17-24;27-22;18-26;27-24;
MIA
Luol Deng;SF;28;3;9;0;2;3;5;1;2;3;0;2;0;0;1;9;
Shawne Williams;SF;30;3;5;3;4;0;0;0;5;5;1;0;3;0;4;9;
Chris Bosh;C;38;7;18;1;6;8;8;2;11;13;1;1;0;2;1;23;
Norris Cole;PG;22;1;6;0;2;0;0;0;4;4;1;0;0;0;2;2;
Dwyane Wade;SG;33;9;18;0;2;7;8;2;2;4;7;1;1;3;3;25;
Josh McRoberts;;8;1;1;0;0;0;0;0;1;1;1;0;0;1;1;2;
James Ennis;;6;0;2;0;1;0;0;0;2;2;1;0;0;0;1;0;
Justin Hamilton;;18;2;3;0;1;2;2;1;0;1;1;0;0;0;3;6;
Mario Chalmers;;32;2;8;0;2;2;4;0;1;1;3;1;0;2;4;6;
Shabazz Napier;;26;2;7;0;2;3;4;0;2;2;3;1;0;0;5;7;
CHA
Marvin Williams;PF;30;3;6;0;1;0;0;1;4;5;1;0;0;3;2;6;
Al Jefferson;C;32;13;25;0;0;2;5;5;5;10;1;0;3;1;1;28;
Kemba Walker;PG;34;5;6;2;2;6;6;0;4;4;7;2;0;1;4;18;
Gerald Henderson;SG;18;2;4;0;1;0;0;0;3;3;3;1;0;0;1;4;
Lance Stephenson;SG;36;3;12;0;1;2;4;3;10;13;4;0;1;3;4;8;
Jason Maxiell;;16;2;5;0;0;0;0;0;1;1;0;1;1;0;2;4;
Cody Zeller;;18;4;6;0;0;5;6;3;5;8;1;0;1;2;5;13;
Brian Roberts;;14;0;2;0;2;4;4;0;0;0;2;0;0;0;1;4;
P.J. Hairston;;16;2;9;2;8;1;2;0;2;2;2;0;3;0;1;7;
Gary Neal;;25;1;7;1;3;1;2;1;2;3;2;0;0;2;3;4;
