01-31;LAC-SA;105-85;
29-25;27-17;28-27;21-16;
LAC
Blake Griffin;PF;35;12;21;0;0;7;7;1;12;13;5;0;1;2;1;31;
Matt Barnes;SF;30;0;6;0;3;2;2;2;4;6;5;2;0;0;6;2;
DeAndre Jordan;C;31;3;5;0;0;2;2;7;12;19;1;1;4;1;4;8;
Chris Paul;PG;31;9;16;2;3;0;0;1;2;3;6;1;0;5;3;20;
J.J. Redick;SG;28;4;7;1;2;0;0;0;4;4;1;0;0;1;0;9;
Ekpe Udoh;;2;0;0;0;0;0;0;1;0;1;0;0;0;0;1;0;
Glen Davis;;4;0;1;0;0;0;0;0;0;0;0;0;0;0;0;0;
Spencer Hawes;;24;4;8;3;5;0;0;1;2;3;1;3;0;2;3;11;
Hedo Turkoglu;;12;2;4;1;3;0;0;0;3;3;1;0;0;2;2;5;
Austin Rivers;;18;4;11;1;4;2;3;2;0;2;0;1;0;0;2;11;
C.J. Wilcox;;2;0;1;0;0;0;0;0;0;0;0;0;0;0;0;0;
Dahntay Jones;;2;0;1;0;0;0;0;0;0;0;0;1;0;0;0;0;
Jamal Crawford;;21;2;10;0;2;4;4;1;1;2;0;3;2;2;1;8;
SA
Tim Duncan;PF;26;2;5;0;0;0;0;1;7;8;1;1;0;1;2;4;
Kawhi Leonard;SF;34;8;18;4;8;4;5;1;4;5;0;3;0;0;3;24;
Tiago Splitter;C;17;3;3;0;0;2;2;0;1;1;1;1;0;3;1;8;
Tony Parker;PG;30;2;10;0;2;1;2;0;6;6;8;0;0;3;2;5;
Danny Green;SG;30;5;11;5;8;1;1;0;2;2;0;3;3;1;0;16;
Jeff Ayres;;5;1;1;0;0;1;2;0;1;1;1;0;0;0;0;3;
Reggie Williams;;5;0;3;0;3;2;2;0;0;0;0;0;0;0;1;2;
Aron Baynes;;13;0;1;0;0;1;2;0;1;1;1;0;0;2;0;1;
Matt Bonner;;8;0;2;0;1;0;0;0;1;1;0;0;0;0;1;0;
Boris Diaw;;27;4;10;1;5;0;0;1;6;7;4;0;0;1;3;9;
Patty Mills;;13;1;4;0;0;0;0;0;0;0;0;1;0;1;2;2;
Cory Joseph;;9;0;0;0;0;2;2;1;1;2;0;0;0;1;1;2;
Manu Ginobili;;22;2;7;0;3;5;10;0;2;2;2;2;0;4;1;9;
