01-07;UTAH-CHI;97-77;
22-16;14-16;27-19;34-26;
UTAH
Derrick Favors;PF;32;8;15;0;0;4;4;2;9;11;2;2;0;1;4;20;
Gordon Hayward;SF;34;6;14;0;4;6;7;0;4;4;5;2;1;2;2;18;
Joe Ingles;SF;27;3;8;1;3;0;0;1;3;4;3;1;0;2;3;7;
Rudy Gobert;C;36;5;8;0;0;1;2;6;8;14;0;2;5;2;2;11;
Trey Burke;PG;33;6;13;2;4;3;4;1;2;3;4;0;0;3;3;17;
Trevor Booker;;23;5;10;1;1;4;5;4;4;8;1;0;1;0;0;15;
Steve Novak;;2;0;1;0;0;0;0;0;0;0;1;0;0;0;0;0;
Jeremy Evans;;3;0;0;0;0;0;0;0;2;2;1;0;0;0;0;0;
Dante Exum;;24;1;3;0;2;0;0;0;0;0;3;0;0;0;1;2;
Elliot Williams;;2;2;2;1;1;0;0;0;0;0;0;0;0;0;0;5;
Elijah Millsap;;21;1;3;0;1;0;2;0;2;2;1;1;1;4;4;2;
Ian Clark;;3;0;1;0;0;0;0;0;0;0;0;0;0;1;1;0;
CHI
Pau Gasol;PF;26;5;13;1;1;2;2;2;4;6;2;0;0;1;2;13;
Joakim Noah;C;27;0;3;0;0;1;2;2;5;7;3;0;3;3;3;1;
Derrick Rose;PG;30;3;15;0;1;1;2;2;2;4;2;0;0;3;2;7;
Kirk Hinrich;SG;24;0;5;0;3;0;0;0;1;1;1;0;1;0;4;0;
Jimmy Butler;SG;34;5;13;2;4;4;5;3;8;11;3;2;0;2;2;16;
Nikola Mirotic;;23;1;7;0;4;0;0;0;1;1;1;0;1;2;2;2;
Cameron Bairstow;;3;1;1;0;0;0;0;0;0;0;0;1;0;0;0;2;
Taj Gibson;;30;6;10;0;0;3;4;5;1;6;1;1;0;1;1;15;
Tony Snell;;12;2;3;1;1;0;0;2;1;3;1;1;0;1;1;5;
Nazr Mohammed;;3;1;1;0;0;0;1;0;0;0;0;0;0;0;0;2;
Aaron Brooks;;24;3;11;2;5;4;4;0;4;4;2;0;0;2;3;12;
E'Twaun Moore;;3;1;2;0;1;0;0;0;0;0;1;0;0;0;0;2;
