11-04;WSH-NY;98-83;
17-23;23-22;32-15;26-23;
WSH
Nene Hilario;PF;24;3;10;0;0;0;1;2;5;7;2;2;1;2;3;6;
Paul Pierce;SF;28;5;10;3;5;4;5;0;5;5;3;2;2;0;3;17;
Marcin Gortat;C;22;3;6;0;0;0;0;2;5;7;2;0;0;2;4;6;
John Wall;PG;30;5;11;0;0;1;4;0;1;1;7;2;0;3;1;11;
Garrett Temple;SG;30;5;10;4;7;3;4;1;4;5;2;1;1;2;3;17;
Drew Gooden;;22;4;6;1;2;1;2;1;3;4;2;0;0;0;2;10;
Otto Porter Jr.;;28;2;5;0;1;0;0;3;4;7;4;0;0;0;1;4;
DeJuan Blair;;2;0;0;0;0;0;0;0;0;0;0;0;0;0;1;0;
Kevin Seraphin;;22;6;7;0;0;3;3;1;1;2;0;0;0;2;1;15;
Andre Miller;;17;6;10;0;0;0;0;0;2;2;3;1;0;1;1;12;
Glen Rice Jr.;;15;0;5;0;3;0;0;0;1;1;1;0;0;0;5;0;
NY
Carmelo Anthony;SF;37;8;23;1;2;1;2;4;2;6;3;1;0;7;2;18;
Samuel Dalembert;C;20;1;5;0;0;0;0;3;5;8;3;0;2;2;2;2;
Amar'e Stoudemire;C;28;3;7;0;0;0;1;3;9;12;2;2;0;3;3;6;
Shane Larkin;PG;26;2;5;0;1;2;3;0;2;2;1;0;0;1;4;6;
Iman Shumpert;SG;31;6;11;4;4;3;4;0;4;4;0;0;1;2;2;19;
Jason Smith;;23;3;7;0;0;3;3;2;1;3;2;1;0;1;2;9;
Travis Wear;;3;0;1;0;0;0;0;0;0;0;0;0;0;0;0;0;
Cole Aldrich;;15;1;6;0;0;2;2;2;3;5;1;1;0;1;4;4;
Pablo Prigioni;;22;2;3;2;3;0;0;1;0;1;0;0;0;0;2;6;
Tim Hardaway Jr.;;11;2;7;1;3;2;2;0;0;0;0;0;0;0;0;7;
J.R. Smith;;24;2;6;0;2;2;2;0;2;2;4;0;1;1;2;6;
