01-31;DAL-ORL;108-93;
34-17;32-24;22-29;20-23;
DAL
Dirk Nowitzki;PF;27;4;7;1;1;2;3;1;3;4;4;1;0;3;1;11;
Richard Jefferson;SF;28;4;5;3;3;3;4;0;3;3;1;1;1;1;2;14;
Tyson Chandler;C;31;9;12;0;0;2;2;0;9;9;2;0;1;0;0;20;
Rajon Rondo;PG;2;0;0;0;0;0;0;0;0;0;0;0;0;0;0;0;
Monta Ellis;SG;37;11;20;1;3;2;2;0;2;2;13;3;1;3;4;25;
Charlie Villanueva;;20;2;6;2;4;0;4;0;5;5;0;0;1;0;3;6;
Greg Smith;;11;2;3;0;0;0;0;0;4;4;0;0;0;0;2;4;
Al-Farouq Aminu;;27;2;5;0;1;2;3;2;6;8;1;2;0;0;2;6;
Raymond Felton;;9;0;1;0;1;0;0;0;0;0;0;1;0;1;1;0;
J.J. Barea;;18;4;7;1;2;1;2;0;0;0;0;1;0;2;1;10;
Devin Harris;;30;4;8;3;6;1;2;0;1;1;5;0;0;2;4;12;
ORL
Aaron Gordon;PF;30;3;8;2;3;3;4;2;3;5;0;0;0;1;5;11;
Tobias Harris;SF;30;2;8;0;3;4;6;1;2;3;5;1;0;2;2;8;
Nikola Vucevic;C;31;8;13;0;0;1;1;3;13;16;2;0;1;0;2;17;
Elfrid Payton;PG;20;1;6;0;0;2;2;3;2;5;5;1;0;3;2;4;
Evan Fournier;SG;37;6;10;1;2;2;2;0;3;3;1;2;0;0;2;15;
Channing Frye;;20;4;12;2;7;0;0;1;2;3;2;0;0;1;4;10;
Maurice Harkless;;24;0;2;0;2;5;6;0;2;2;1;1;2;1;1;5;
Dewayne Dedmon;;6;1;2;0;0;0;0;0;0;0;0;1;0;0;4;2;
Willie Green;;28;6;12;1;4;2;3;1;2;3;4;2;0;2;0;15;
Ben Gordon;;14;2;5;2;3;0;0;0;2;2;1;1;0;5;2;6;
