01-04;DAL-CLE;109-90;
28-25;29-22;32-24;20-19;
DAL
Dirk Nowitzki;PF;25;7;12;1;2;0;0;0;5;5;3;0;2;0;0;15;
Chandler Parsons;SF;26;5;11;2;7;2;2;1;3;4;3;1;0;1;1;14;
Tyson Chandler;C;29;6;7;0;0;2;2;1;7;8;3;0;1;1;2;14;
Rajon Rondo;PG;28;2;6;0;1;0;0;0;4;4;8;2;1;1;2;4;
Monta Ellis;SG;26;8;15;1;4;3;4;0;1;1;2;1;1;1;2;20;
Greg Smith;;10;0;0;0;0;0;0;0;0;0;0;0;0;0;2;0;
Dwight Powell;;3;1;1;0;0;0;0;0;1;1;0;0;0;0;0;2;
Charlie Villanueva;;3;1;1;1;1;0;0;0;1;1;0;0;0;1;0;3;
Al-Farouq Aminu;;25;2;4;0;0;0;1;2;4;6;1;1;0;1;4;4;
Richard Jefferson;;24;3;5;3;3;2;2;0;3;3;3;0;1;1;2;11;
J.J. Barea;;21;6;7;2;3;0;0;0;2;2;4;0;0;2;4;14;
Raymond Felton;;3;0;1;0;0;0;0;0;0;0;1;1;0;0;0;0;
Devin Harris;;18;3;8;2;5;0;0;0;1;1;2;1;2;1;1;8;
CLE
Kevin Love;PF;32;11;21;3;7;5;6;6;4;10;3;1;1;2;1;30;
Tristan Thompson;C;39;3;5;0;0;2;6;3;8;11;2;2;1;1;4;8;
Kyrie Irving;PG;25;2;9;0;2;2;2;0;2;2;3;1;0;1;1;6;
Mike Miller;SG;22;1;2;1;2;0;0;0;2;2;3;0;0;0;1;3;
Matthew Dellavedova;SG;32;4;10;2;3;0;0;1;2;3;7;0;0;3;3;10;
Lou Amundson;;4;0;1;0;0;0;0;0;0;0;0;0;0;1;0;0;
James Jones;;13;1;3;1;3;3;3;0;2;2;0;0;1;1;0;6;
Alex Kirk;;6;0;1;0;0;0;0;0;0;0;0;0;0;0;0;0;
A.J. Price;;14;3;6;0;1;0;0;0;2;2;3;1;0;0;0;6;
Joe Harris;;11;0;3;0;2;0;0;0;0;0;0;1;0;0;0;0;
Shawn Marion;;21;6;11;1;1;0;0;1;3;4;1;0;0;1;2;13;
Dion Waiters;;22;4;14;0;4;0;0;1;1;2;4;0;0;2;2;8;
