02-03;BOS-NY;108-97;
26-19;31-25;23-28;28-25;
BOS
Brandon Bass;PF;30;5;9;0;1;2;2;1;3;4;0;0;0;1;0;12;
Jared Sullinger;PF;36;11;19;0;3;0;0;2;7;9;6;0;0;1;2;22;
Avery Bradley;PG;33;11;14;3;5;1;1;0;1;1;4;1;0;1;2;26;
Marcus Smart;PG;37;3;9;2;7;5;6;0;4;4;3;2;0;3;0;13;
Evan Turner;SG;33;1;5;0;1;3;4;2;6;8;5;0;0;5;4;5;
Jae Crowder;;29;5;8;1;2;2;3;2;2;4;1;0;0;2;0;13;
Tyler Zeller;;11;3;3;0;0;3;4;4;1;5;1;0;0;1;3;9;
James Young;;17;2;7;0;3;1;2;0;3;3;2;1;0;1;0;5;
Marcus Thornton;;15;1;3;0;2;1;1;0;1;1;1;2;0;0;0;3;
NY
Lou Amundson;PF;36;3;6;0;0;0;0;2;4;6;1;1;1;4;3;6;
Jason Smith;PF;31;6;8;0;0;0;0;3;4;7;5;0;0;0;2;12;
Carmelo Anthony;SF;33;9;23;1;5;2;2;2;4;6;3;2;0;0;4;21;
Jose Calderon;PG;31;7;12;3;4;0;0;0;2;2;2;0;0;4;2;17;
Langston Galloway;PG;30;2;8;0;5;0;0;3;2;5;5;0;1;1;3;4;
Cleanthony Early;;3;0;0;0;0;0;0;0;1;1;0;0;0;1;0;0;
Lance Thomas;;25;4;7;0;0;3;4;2;0;2;2;1;0;2;2;11;
Quincy Acy;;13;2;4;0;1;0;1;0;2;2;0;1;0;0;0;4;
Shane Larkin;;16;3;4;1;2;1;2;0;2;2;2;2;0;1;1;8;
Tim Hardaway Jr.;;23;5;11;2;3;2;2;0;2;2;2;0;0;0;1;14;
