02-04;CHI-HOU;90-101;
27-27;21-30;22-18;20-26;
CHI
Pau Gasol;PF;34;5;10;0;0;6;7;3;9;12;3;0;2;2;3;16;
Joakim Noah;C;32;0;8;0;1;1;1;6;13;19;3;0;1;2;4;1;
Derrick Rose;PG;38;9;22;2;9;3;4;0;4;4;2;0;0;3;1;23;
Kirk Hinrich;SG;31;1;6;1;5;0;0;2;2;4;4;0;1;2;2;3;
Jimmy Butler;SG;41;9;18;3;5;6;8;3;3;6;1;2;0;0;2;27;
Nikola Mirotic;;12;1;8;1;2;0;0;1;2;3;1;0;0;0;0;3;
Taj Gibson;;30;4;9;0;0;4;6;3;7;10;1;1;1;1;4;12;
Aaron Brooks;;15;2;7;1;3;0;0;0;2;2;1;0;0;2;1;5;
E'Twaun Moore;;7;0;1;0;0;0;0;0;0;0;0;0;0;0;0;0;
HOU
Donatas Motiejunas;PF;31;7;15;0;3;1;2;3;7;10;1;0;0;1;2;15;
Trevor Ariza;SF;34;7;10;3;5;3;3;0;5;5;1;2;0;1;4;20;
Joey Dorsey;C;20;2;6;0;0;0;0;3;6;9;0;0;1;0;3;4;
Patrick Beverley;PG;29;4;10;0;2;0;0;1;4;5;3;0;1;1;1;8;
James Harden;SG;36;9;20;3;5;6;6;1;2;3;4;1;2;2;2;27;
Terrence Jones;;14;2;5;0;0;0;2;0;0;0;1;1;2;0;0;4;
Josh Smith;;30;3;11;1;4;2;5;2;11;13;4;2;2;0;4;9;
Corey Brewer;;27;2;11;0;5;5;5;1;0;1;2;0;0;1;3;9;
Jason Terry;;19;2;4;1;3;0;0;0;1;1;2;0;0;0;0;5;
