11-19;SA-CLE;92-90;
23-20;21-27;28-22;20-21;
SA
Tim Duncan;PF;35;7;17;0;0;5;7;4;6;10;3;2;2;6;4;19;
Kawhi Leonard;SF;37;4;11;0;4;4;6;1;9;10;4;4;0;2;1;12;
Boris Diaw;C;39;8;14;1;2;2;2;1;5;6;7;3;1;2;1;19;
Tony Parker;PG;34;2;7;0;1;4;6;0;1;1;3;1;0;2;3;8;
Danny Green;SG;25;3;6;2;4;0;0;0;4;4;1;1;0;1;1;8;
Austin Daye;;9;1;3;1;3;0;0;0;2;2;0;0;0;1;2;3;
Aron Baynes;;13;3;4;0;0;0;0;2;1;3;0;0;1;1;4;6;
Cory Joseph;;18;4;5;1;1;1;2;2;1;3;3;0;0;0;2;10;
Manu Ginobili;;31;3;7;0;1;1;2;0;3;3;5;0;0;0;2;7;
CLE
Kevin Love;PF;35;4;12;0;2;2;2;4;7;11;4;1;1;2;3;10;
LeBron James;SF;34;6;17;2;3;1;1;3;3;6;9;1;1;5;3;15;
Anderson Varejao;C;37;11;16;0;1;1;3;1;10;11;0;0;2;3;0;23;
Kyrie Irving;PG;37;7;15;3;4;3;4;1;3;4;3;3;0;2;5;20;
Shawn Marion;SG;29;2;6;1;4;0;0;1;3;4;1;0;0;0;1;5;
Tristan Thompson;;17;3;5;0;0;0;0;0;2;2;1;0;0;0;1;6;
Will Cherry;;2;0;0;0;0;0;0;0;0;0;1;0;0;1;1;0;
Dion Waiters;;21;2;7;0;1;2;2;0;0;0;3;2;1;1;3;6;
Joe Harris;;27;2;5;1;3;0;1;0;0;0;1;0;0;2;4;5;
