03-04;CLE-TOR;120-112;
28-25;29-18;27-31;36-38;
CLE
Kevin Love;PF;34;6;10;4;7;6;9;3;7;10;1;1;0;0;1;22;
LeBron James;SF;37;9;16;3;6;8;13;1;5;6;14;0;0;3;2;29;
Timofey Mozgov;C;23;4;9;0;0;2;2;1;4;5;0;1;1;2;1;10;
Kyrie Irving;PG;41;9;17;1;5;7;7;0;2;2;8;0;0;2;0;26;
J.R. Smith;SG;37;6;12;3;8;0;0;2;6;8;1;1;2;0;3;15;
James Jones;;21;4;7;4;7;2;3;0;1;1;0;1;0;0;1;14;
Kendrick Perkins;;0;0;0;0;0;0;0;0;0;0;0;0;0;0;0;0;
Tristan Thompson;;19;0;1;0;0;0;0;0;1;1;2;2;0;2;4;0;
Iman Shumpert;;21;1;4;0;2;0;0;2;0;2;1;1;0;0;3;2;
Matthew Dellavedova;;9;1;2;0;1;0;0;0;0;0;0;0;0;0;1;2;
TOR
Amir Johnson;PF;31;1;6;0;1;2;2;2;6;8;3;1;0;0;3;4;
James Johnson;PF;19;5;9;1;2;0;0;0;2;2;0;0;1;0;4;11;
Jonas Valanciunas;C;31;12;17;0;0;2;2;4;7;11;1;0;2;1;3;26;
Greivis Vasquez;PG;40;2;7;1;3;1;2;0;3;3;13;2;0;1;4;6;
DeMar DeRozan;SG;39;10;19;2;3;3;3;0;1;1;0;1;0;2;2;25;
Patrick Patterson;;19;0;3;0;3;0;0;0;2;2;0;0;0;1;3;0;
Tyler Hansbrough;;6;1;1;0;0;0;0;1;1;2;0;0;0;0;0;2;
Terrence Ross;;26;5;9;2;5;0;0;0;3;3;1;1;0;1;1;12;
Louis Williams;;29;7;8;4;4;8;8;0;2;2;6;0;0;2;4;26;
