03-19;NO-PHX;72-74;
15-21;19-22;19-12;19-19;
NO
Dante Cunningham;PF;35;3;7;0;1;0;0;2;7;9;2;1;0;1;2;6;
Omer Asik;C;18;3;6;0;0;0;0;3;11;14;1;0;0;0;0;6;
Eric Gordon;SG;40;6;16;2;6;0;2;0;2;2;5;0;0;2;1;14;
Tyreke Evans;SG;35;4;16;0;4;1;2;1;4;5;3;1;2;3;3;9;
Quincy Pondexter;SG;30;2;5;0;2;2;4;0;7;7;0;0;0;1;3;6;
Luke Babbitt;;18;2;5;1;2;0;0;0;0;0;0;0;0;0;3;5;
Jeff Withey;;4;0;0;0;0;2;2;0;0;0;0;0;1;0;0;2;
Alexis Ajinca;;26;5;13;0;0;0;0;3;4;7;4;0;1;2;2;10;
Norris Cole;;25;5;13;2;3;0;0;0;0;0;4;1;0;0;1;12;
Elliot Williams;;10;1;2;0;0;0;0;0;1;1;0;1;0;0;3;2;
PHX
Markieff Morris;PF;37;5;15;0;1;7;9;2;6;8;3;1;1;3;4;17;
Marcus Morris;PF;40;1;11;0;7;0;2;1;12;13;4;0;0;0;2;2;
Brandan Wright;PF;38;8;10;0;1;0;0;4;4;8;0;0;7;0;2;16;
P.J. Tucker;SF;37;5;13;1;6;1;2;5;7;12;1;0;0;2;2;12;
Eric Bledsoe;PG;37;2;15;0;4;1;2;0;11;11;2;4;0;3;2;5;
Earl Barron;;6;0;1;0;0;0;0;0;1;1;0;0;0;0;2;0;
T.J. Warren;;18;3;6;0;0;0;0;1;2;3;0;0;0;2;1;6;
Gerald Green;;11;1;4;1;3;3;4;0;0;0;1;0;0;1;0;6;
Archie Goodwin;;15;4;8;0;0;2;2;1;0;1;0;0;0;1;0;10;
