11-26;UTAH-OKC;82-97;
29-31;19-25;14-18;20-23;
UTAH
Derrick Favors;PF;36;5;9;0;0;1;1;1;5;6;0;1;1;0;2;11;
Gordon Hayward;SF;36;8;15;1;4;7;14;1;7;8;3;4;0;8;2;24;
Enes Kanter;C;33;6;13;0;1;4;5;3;4;7;0;2;0;3;5;16;
Alec Burks;PG;35;6;14;0;2;4;4;0;3;3;4;2;0;1;1;16;
Trey Burke;PG;31;5;10;2;5;0;0;1;1;2;4;0;0;0;2;12;
Trevor Booker;;15;0;3;0;0;0;2;0;2;2;0;0;0;3;0;0;
Joe Ingles;;25;0;2;0;2;0;0;0;3;3;0;0;0;1;1;0;
Rudy Gobert;;13;0;0;0;0;0;0;2;4;6;0;0;1;2;1;0;
Dante Exum;;17;1;4;0;2;1;2;0;1;1;0;0;0;1;2;3;
OKC
Serge Ibaka;PF;35;9;19;2;4;0;1;1;7;8;3;1;4;0;3;20;
Lance Thomas;SF;17;0;1;0;0;0;0;0;3;3;1;0;0;0;1;0;
Steven Adams;C;24;3;9;0;0;0;0;5;6;11;2;0;0;1;2;6;
Reggie Jackson;PG;33;10;18;2;4;0;0;2;2;4;8;1;0;5;1;22;
Andre Roberson;SG;25;2;4;0;2;1;2;0;0;0;0;2;0;0;3;5;
Nick Collison;;12;1;4;0;1;0;0;1;2;3;1;1;1;2;5;2;
Kendrick Perkins;;24;2;5;0;0;0;2;3;4;7;2;0;1;3;3;4;
Sebastian Telfair;;13;2;4;1;3;0;0;0;0;0;1;0;0;1;0;5;
Ish Smith;;2;0;0;0;0;0;0;0;2;2;0;0;0;0;0;0;
Jeremy Lamb;;24;7;8;3;3;4;5;0;4;4;2;3;1;3;6;21;
Anthony Morrow;;32;4;11;4;9;0;0;0;3;3;1;1;0;1;2;12;
