11-24;LAC-CHA;113-92;
31-23;25-30;22-17;35-22;
LAC
Blake Griffin;PF;38;10;23;0;0;2;3;5;11;16;9;0;0;2;3;22;
DeAndre Jordan;C;39;4;5;0;0;3;4;2;10;12;0;1;1;2;2;11;
Chris Paul;PG;38;10;16;2;5;0;0;0;5;5;15;0;1;1;3;22;
J.J. Redick;SG;35;5;12;4;9;3;3;0;1;1;1;0;0;0;4;17;
Reggie Bullock;SG;19;1;3;1;3;0;0;0;2;2;0;0;0;0;1;3;
Glen Davis;;10;2;4;0;0;0;0;0;2;2;1;1;0;1;2;4;
Spencer Hawes;;9;0;2;0;2;0;0;0;0;0;1;0;0;0;4;0;
Hedo Turkoglu;;14;4;8;2;3;0;0;1;0;1;0;0;0;0;3;10;
Jordan Farmar;;12;1;2;1;2;0;0;0;1;1;0;0;0;1;1;3;
Jamal Crawford;;26;8;13;5;8;0;0;0;3;3;1;0;0;1;1;21;
CHA
Marvin Williams;PF;19;2;5;1;4;2;2;1;3;4;1;1;0;0;4;7;
Al Jefferson;C;32;7;14;0;0;2;4;1;8;9;2;0;1;0;3;16;
Kemba Walker;PG;41;4;11;0;4;7;8;0;5;5;6;3;1;1;1;15;
Gerald Henderson;SG;32;3;11;0;3;2;2;0;0;0;3;0;0;1;1;8;
Lance Stephenson;SG;28;1;8;0;1;1;2;0;3;3;6;0;0;1;2;3;
Cody Zeller;;29;5;7;0;0;7;8;0;1;1;1;1;1;2;5;17;
Bismack Biyombo;;16;1;1;0;0;3;4;2;7;9;0;0;1;0;0;5;
Jannero Pargo;;2;1;2;0;1;0;0;0;0;0;0;0;0;0;0;2;
Brian Roberts;;27;5;9;1;5;0;0;1;0;1;2;1;0;0;1;11;
Gary Neal;;14;2;7;0;2;4;5;0;1;1;0;0;0;0;0;8;
