02-06;LAC-TOR;107-123;
34-19;25-38;20-38;28-28;
LAC
Blake Griffin;PF;36;9;15;0;0;8;9;2;4;6;9;1;1;1;1;26;
Matt Barnes;SF;29;3;8;1;5;2;4;1;6;7;0;0;0;0;5;9;
DeAndre Jordan;C;36;4;6;0;0;1;2;3;4;7;0;0;1;1;3;9;
Chris Paul;PG;40;8;16;2;5;4;4;0;6;6;9;2;0;3;2;22;
Austin Rivers;SG;33;6;11;0;3;0;1;0;0;0;2;4;0;1;4;12;
Glen Davis;;5;0;2;0;0;0;0;0;1;1;1;0;0;0;0;0;
Spencer Hawes;;16;4;5;1;2;0;0;1;1;2;0;0;0;1;5;9;
C.J. Wilcox;;3;0;0;0;0;0;0;0;0;0;0;0;0;0;0;0;
Dahntay Jones;;7;0;2;0;1;0;0;0;1;1;0;0;0;0;1;0;
Jamal Crawford;;35;4;13;2;7;10;11;0;0;0;0;1;2;1;0;20;
TOR
Amir Johnson;PF;26;5;7;0;1;1;2;3;2;5;0;2;0;1;2;11;
Jonas Valanciunas;C;20;2;4;0;0;0;0;2;4;6;0;0;1;3;2;4;
Kyle Lowry;PG;38;6;9;3;6;6;6;0;1;1;1;1;0;1;2;21;
Greivis Vasquez;PG;23;6;9;4;7;1;1;1;2;3;3;0;0;2;4;17;
DeMar DeRozan;SG;32;6;16;0;1;12;13;1;8;9;8;2;0;0;1;24;
Tyler Hansbrough;;2;0;0;0;0;0;0;0;1;1;0;0;0;0;0;0;
James Johnson;;19;7;7;0;0;2;2;1;4;5;3;2;0;1;0;16;
Patrick Patterson;;28;4;9;3;6;0;0;2;3;5;1;0;0;0;3;11;
Terrence Ross;;21;0;4;0;3;1;4;0;4;4;4;0;0;2;4;1;
Greg Stiemsma;;2;0;0;0;0;0;0;0;0;0;0;0;0;0;0;0;
Louis Williams;;28;4;9;3;6;7;9;0;3;3;5;0;0;1;1;18;
Landry Fields;;2;0;1;0;0;0;0;0;0;0;0;0;0;0;0;0;
