02-25;MEM-SAC;90-102;
25-32;27-30;25-14;13-26;
MEM
Zach Randolph;PF;30;7;10;1;1;5;6;0;5;5;1;0;0;3;4;20;
Jeff Green;SF;30;4;9;0;1;3;3;3;0;3;2;0;0;1;3;11;
Marc Gasol;C;36;4;10;0;0;6;9;1;6;7;6;0;3;3;3;14;
Mike Conley;PG;36;4;14;1;4;3;3;1;2;3;7;3;0;5;1;12;
Courtney Lee;SG;32;4;11;1;6;0;0;1;3;4;3;2;0;2;2;9;
Jon Leuer;;12;3;5;0;1;0;0;0;0;0;0;0;0;1;1;6;
JaMychal Green;;1;0;0;0;0;0;0;0;0;0;0;0;0;0;0;0;
Tony Allen;;26;4;9;0;0;1;2;4;1;5;0;3;0;2;3;9;
Kosta Koufos;;17;0;5;0;0;0;0;4;5;9;1;1;2;0;1;0;
Beno Udrih;;6;1;4;0;1;0;0;0;0;0;0;0;0;0;1;2;
Nick Calathes;;13;3;7;1;2;0;0;0;2;2;2;3;0;0;2;7;
Jordan Adams;;1;0;0;0;0;0;0;0;0;0;0;0;0;0;0;0;
SAC
Jason Thompson;PF;33;3;9;0;0;4;6;5;6;11;1;1;4;2;3;10;
Rudy Gay;SF;35;12;20;1;5;3;5;2;3;5;6;1;0;2;3;28;
DeMarcus Cousins;C;24;6;13;0;0;4;6;2;7;9;6;1;1;2;6;16;
Ray McCallum;PG;23;3;7;1;2;3;4;1;0;1;3;3;0;2;0;10;
Ben McLemore;SG;32;7;15;2;5;0;0;0;0;0;0;2;1;4;1;16;
Derrick Williams;;15;3;5;2;3;0;0;0;1;1;0;0;0;2;1;8;
Carl Landry;;3;0;0;0;0;2;2;0;0;0;0;0;0;0;1;2;
Omri Casspi;;22;2;6;0;1;2;2;1;2;3;0;0;0;2;0;6;
Reggie Evans;;27;1;1;0;0;0;0;2;9;11;1;2;0;2;3;2;
Andre Miller;;26;2;4;0;0;0;0;0;6;6;7;0;0;2;0;4;
