01-25;IND-ORL;106-99;
24-27;27-22;24-33;31-17;
IND
David West;PF;34;8;15;0;1;4;4;0;4;4;3;2;0;2;4;20;
Solomon Hill;SF;30;1;4;0;1;0;0;0;3;3;3;1;0;2;2;2;
Roy Hibbert;C;24;5;12;0;0;1;2;3;10;13;0;0;1;0;3;11;
Rodney Stuckey;PG;28;6;10;1;1;2;2;0;1;1;6;1;0;5;3;15;
C.J. Watson;PG;36;3;7;2;4;3;4;0;4;4;8;1;1;2;2;11;
Luis Scola;;14;2;5;0;0;0;3;2;1;3;1;1;0;1;3;4;
Damjan Rudez;;29;7;10;4;7;0;0;1;2;3;1;1;0;1;1;18;
Ian Mahinmi;;24;4;5;0;0;0;0;2;8;10;2;0;2;1;4;8;
George Hill;;20;7;15;1;6;2;3;1;5;6;3;1;1;0;1;17;
ORL
Channing Frye;PF;32;3;10;2;5;1;1;0;4;4;2;2;0;2;3;9;
Aaron Gordon;PF;21;3;5;1;2;2;2;0;4;4;0;0;1;0;0;9;
Nikola Vucevic;C;34;11;17;0;0;5;5;0;7;7;0;0;0;0;3;27;
Elfrid Payton;PG;31;4;8;0;0;2;5;1;2;3;8;1;0;1;4;10;
Victor Oladipo;SG;34;8;17;1;4;1;1;0;2;2;3;1;0;3;2;18;
Kyle O'Quinn;;14;2;2;0;0;0;0;0;2;2;2;0;2;0;0;4;
Devyn Marble;;10;1;3;0;2;0;0;0;1;1;0;0;1;0;1;2;
Tobias Harris;;30;2;5;1;1;6;9;1;6;7;2;1;0;2;4;11;
Evan Fournier;;17;2;7;1;2;0;0;1;1;2;1;1;0;1;1;5;
Willie Green;;17;2;4;0;1;0;0;0;1;1;4;1;1;3;3;4;
