03-12;NY-LAL;101-94;
25-28;35-26;20-20;21-20;
NY
Lou Amundson;PF;20;2;6;0;0;0;0;1;3;4;5;1;2;0;1;4;
Lance Thomas;SF;17;3;6;0;0;0;0;0;2;2;0;1;0;0;2;6;
Andrea Bargnani;C;33;4;10;0;1;8;11;0;2;2;2;0;0;0;1;16;
Alexey Shved;PG;33;5;13;1;5;3;4;1;10;11;6;0;0;1;2;14;
Langston Galloway;PG;26;5;7;2;3;0;0;1;1;2;4;2;1;3;2;12;
Jason Smith;;24;2;7;0;1;4;4;1;2;3;2;0;1;0;3;8;
Cleanthony Early;;24;4;6;1;1;2;2;0;3;3;0;0;2;1;4;11;
Cole Aldrich;;20;2;4;0;0;1;2;0;2;2;2;1;2;1;1;5;
Shane Larkin;;14;1;4;0;0;1;2;0;1;1;4;0;1;1;2;3;
Tim Hardaway Jr.;;31;8;14;5;7;1;1;0;3;3;2;0;0;1;1;22;
LAL
Tarik Black;PF;25;5;6;0;0;0;0;3;8;11;1;0;0;1;6;10;
Wesley Johnson;SF;33;2;10;0;5;0;0;1;2;3;0;2;2;2;4;4;
Jordan Hill;C;29;8;14;1;1;2;3;3;7;10;1;0;1;2;3;19;
Jordan Clarkson;PG;28;4;12;2;4;1;2;1;3;4;1;0;0;2;2;11;
Wayne Ellington;SG;28;4;13;2;5;1;2;0;2;2;2;0;0;0;0;11;
Carlos Boozer;;19;5;12;0;0;1;1;0;7;7;2;1;0;2;2;11;
Ed Davis;;23;3;7;0;0;1;3;5;5;10;1;3;0;0;4;7;
Ryan Kelly;;15;0;1;0;0;0;0;0;0;0;2;0;0;0;3;0;
Jeremy Lin;;22;4;9;0;1;6;6;2;0;2;7;0;1;3;1;14;
Jabari Brown;;18;3;6;0;2;1;4;0;2;2;1;0;0;1;1;7;
