03-27;CLE-BKN;98-106;
27-29;29-28;23-22;19-27;
CLE
Kevin Love;PF;31;6;11;2;4;4;4;1;6;7;1;0;0;3;6;18;
LeBron James;SF;38;8;15;2;5;6;8;0;5;5;9;5;1;3;4;24;
Timofey Mozgov;C;17;1;3;0;0;0;0;0;5;5;0;0;1;3;0;2;
Kyrie Irving;PG;38;10;22;1;5;5;5;0;2;2;3;1;2;1;1;26;
J.R. Smith;SG;37;3;10;2;9;0;0;0;5;5;1;2;0;2;4;8;
James Jones;;10;1;4;1;3;0;0;0;0;0;1;0;0;1;1;3;
Tristan Thompson;;23;4;6;0;0;0;2;2;7;9;0;1;0;0;0;8;
Kendrick Perkins;;5;0;0;0;0;0;0;0;0;0;0;0;0;2;1;0;
Iman Shumpert;;30;4;9;0;3;1;1;2;4;6;1;1;0;1;2;9;
Matthew Dellavedova;;10;0;1;0;1;0;0;1;0;1;1;0;0;0;0;0;
BKN
Joe Johnson;SF;38;7;14;3;7;3;3;0;5;5;9;0;0;1;2;20;
Brook Lopez;C;38;7;16;0;0;6;6;5;4;9;0;1;0;4;4;20;
Mason Plumlee;C;24;1;3;0;0;0;0;2;6;8;0;0;1;2;2;2;
Deron Williams;PG;22;2;6;1;2;0;0;1;4;5;5;1;0;5;1;5;
Markel Brown;SG;16;2;5;1;2;0;0;0;4;4;0;0;0;1;1;5;
Cory Jefferson;;2;0;1;0;0;0;0;0;1;1;0;0;0;0;0;0;
Earl Clark;;11;3;5;1;3;0;0;0;1;1;1;1;0;0;2;7;
Jarrett Jack;;26;6;13;0;0;4;6;0;4;4;5;2;0;2;2;16;
Bojan Bogdanovic;;32;7;12;2;5;2;2;1;3;4;0;0;0;0;0;18;
Alan Anderson;;30;5;11;1;4;2;2;1;4;5;1;1;0;0;4;13;
