01-26;ORL-MEM;94-103;
29-34;19-33;25-22;21-14;
ORL
Channing Frye;PF;13;2;4;2;4;0;0;0;1;1;0;0;0;0;0;6;
Aaron Gordon;PF;21;3;7;0;1;1;2;1;1;2;1;0;0;0;3;7;
Nikola Vucevic;C;39;6;13;0;0;6;7;3;9;12;0;2;1;4;2;18;
Elfrid Payton;PG;36;5;14;0;0;2;4;1;1;2;6;2;0;2;3;12;
Victor Oladipo;SG;33;6;11;1;3;5;6;1;6;7;2;2;0;3;2;18;
Kyle O'Quinn;;13;2;3;0;1;0;0;0;1;1;3;0;1;1;2;4;
Tobias Harris;;20;4;10;0;0;0;0;1;1;2;0;1;0;2;0;8;
Dewayne Dedmon;;30;4;5;0;0;2;6;4;6;10;0;0;1;1;4;10;
Evan Fournier;;17;2;6;1;2;0;0;1;1;2;0;0;0;2;3;5;
Willie Green;;20;3;5;0;1;0;0;1;4;5;2;1;0;2;3;6;
MEM
Zach Randolph;PF;34;8;13;0;2;8;8;3;7;10;6;1;1;3;3;24;
Jeff Green;SF;26;4;6;2;2;2;2;0;6;6;2;1;1;1;3;12;
Marc Gasol;C;34;5;13;0;1;6;7;3;7;10;4;1;1;3;3;16;
Mike Conley;PG;22;2;8;1;4;0;0;0;1;1;0;1;0;2;0;5;
Courtney Lee;SG;33;2;6;2;4;5;5;0;2;2;2;0;0;0;1;11;
Jon Leuer;;14;4;7;0;0;1;2;0;2;2;1;0;0;0;1;9;
Kosta Koufos;;14;0;3;0;0;0;0;0;3;3;0;0;1;2;3;0;
Beno Udrih;;26;6;8;1;2;2;2;1;1;2;5;4;0;1;1;15;
Vince Carter;;22;2;6;1;3;0;0;0;2;2;1;2;2;2;2;5;
Nick Calathes;;15;3;6;0;0;0;0;0;1;1;4;1;0;1;0;6;
