03-04;CHA-BKN;115-91;
35-15;21-29;32-22;27-25;
CHA
Marvin Williams;PF;26;5;8;4;5;4;4;1;6;7;1;0;1;0;1;18;
Michael Kidd-Gilchrist;SF;34;4;7;0;0;2;2;5;8;13;0;0;0;4;1;10;
Al Jefferson;C;25;8;16;0;0;3;4;0;6;6;1;3;0;2;0;19;
Mo Williams;PG;31;6;13;2;6;0;1;0;3;3;14;0;0;1;3;14;
Gerald Henderson;SG;31;7;11;1;2;4;6;0;2;2;2;1;0;0;2;19;
Jason Maxiell;;6;1;2;0;0;0;0;0;1;1;0;0;0;1;0;2;
Cody Zeller;;16;5;9;0;0;3;3;2;2;4;1;0;0;0;4;13;
Noah Vonleh;;5;0;0;0;0;0;0;0;0;0;0;0;0;0;0;0;
Jeff Taylor;;6;0;2;0;2;0;0;0;1;1;1;0;0;0;1;0;
Bismack Biyombo;;18;1;1;0;0;5;6;4;4;8;1;0;1;1;3;7;
Brian Roberts;;15;2;9;0;2;0;0;0;1;1;2;1;0;0;2;4;
Troy Daniels;;5;1;2;1;2;0;0;0;0;0;0;0;0;1;1;3;
Lance Stephenson;;21;2;5;0;0;2;2;0;3;3;1;0;0;1;2;6;
BKN
Joe Johnson;SF;24;1;6;0;1;0;0;0;2;2;0;0;0;0;2;2;
Mason Plumlee;C;20;5;9;0;0;1;2;3;4;7;1;0;0;2;4;11;
Deron Williams;PG;27;3;9;1;4;5;6;0;1;1;6;0;0;2;4;12;
Alan Anderson;SG;22;1;5;0;1;0;0;0;0;0;0;1;0;1;3;2;
Markel Brown;SG;24;4;11;0;3;1;2;2;1;3;0;0;0;1;2;9;
Cory Jefferson;;14;3;6;0;0;0;0;3;1;4;0;0;0;0;4;6;
Thaddeus Young;;24;3;5;1;1;1;2;1;2;3;0;3;0;2;0;8;
Brook Lopez;;19;2;7;0;0;4;4;0;3;3;1;0;1;1;3;8;
Jerome Jordan;;9;2;6;0;0;2;2;2;2;4;0;0;0;0;1;6;
Jarrett Jack;;21;4;13;0;2;1;1;0;4;4;3;2;0;0;1;9;
Darius Morris;;6;0;1;0;0;0;0;0;0;0;2;0;0;0;0;0;
Sergey Karasev;;6;3;3;1;1;0;0;0;2;2;2;0;0;0;0;7;
Bojan Bogdanovic;;24;4;7;0;3;3;5;1;4;5;0;0;0;0;0;11;
