04-12;SAC-DEN;111-122;
28-37;31-23;25-34;27-28;
SAC
Jason Thompson;PF;25;4;8;0;0;1;2;1;4;5;3;3;0;3;5;9;
Derrick Williams;PF;29;4;11;0;3;5;5;1;2;3;2;3;0;1;1;13;
Omri Casspi;SF;35;8;13;1;3;5;8;0;7;7;7;1;0;4;4;22;
Ray McCallum;PG;29;6;10;1;2;1;2;1;2;3;3;1;0;4;1;14;
Ben McLemore;SG;38;6;12;2;5;6;8;1;4;5;7;4;0;4;3;20;
Carl Landry;;17;1;1;0;0;5;5;0;2;2;0;1;0;1;0;7;
Ryan Hollins;;19;4;6;0;0;2;4;2;3;5;0;0;0;0;3;10;
David Stockton;;7;0;1;0;0;2;4;0;0;0;1;0;0;0;0;2;
Andre Miller;;20;3;4;0;0;3;4;0;0;0;3;0;0;1;2;9;
Nik Stauskas;;21;2;8;1;5;0;0;0;2;2;2;0;0;2;2;5;
DEN
Kenneth Faried;PF;31;12;14;0;0;6;8;3;4;7;1;3;0;3;4;30;
Wilson Chandler;SF;30;8;15;3;6;2;2;1;8;9;4;3;0;0;5;21;
Danilo Gallinari;SF;34;4;8;2;3;4;4;0;6;6;6;1;0;2;3;14;
Ty Lawson;PG;37;4;7;0;1;2;4;0;0;0;11;1;0;2;1;10;
Randy Foye;SG;29;3;11;3;9;7;8;0;1;1;3;2;0;4;3;16;
J.J. Hickson;;15;4;4;0;0;1;1;2;1;3;0;2;0;0;1;9;
Joffrey Lauvergne;;7;3;4;0;0;0;0;1;2;3;1;0;0;0;4;6;
Jusuf Nurkic;;11;1;4;0;1;0;2;3;5;8;1;1;1;2;2;2;
Erick Green;;9;1;4;0;1;0;0;0;1;1;0;0;0;1;2;2;
Will Barton;;18;4;8;1;3;1;1;0;3;3;2;2;0;1;2;10;
Ian Clark;;4;0;1;0;1;0;0;0;0;0;0;0;0;1;1;0;
Jamaal Franklin;;3;0;0;0;0;0;0;0;1;1;1;0;0;0;1;0;
Gary Harris;;13;1;2;0;1;0;0;0;0;0;2;0;0;2;0;2;
