03-16;CHA-UTAH;66-94;
16-30;14-31;16-24;20-9;
CHA
Marvin Williams;PF;23;1;5;1;3;0;0;0;4;4;0;1;0;0;0;3;
Michael Kidd-Gilchrist;SF;30;2;7;0;0;3;4;1;1;2;1;0;1;0;2;7;
Al Jefferson;C;24;5;11;0;0;0;0;1;6;7;0;2;0;1;4;10;
Mo Williams;PG;24;3;12;1;8;0;0;0;3;3;3;0;0;0;2;7;
Gerald Henderson;SG;22;1;6;0;1;2;2;0;1;1;1;0;0;0;0;4;
Jason Maxiell;;17;1;3;0;0;0;0;0;4;4;0;0;1;1;0;2;
Noah Vonleh;;6;0;1;0;0;2;2;3;2;5;0;0;1;1;0;2;
Jeff Taylor;;12;0;6;0;1;0;0;0;2;2;0;1;0;0;0;0;
Bismack Biyombo;;24;0;0;0;0;1;2;1;3;4;0;0;1;0;3;1;
Brian Roberts;;6;1;4;0;1;0;0;0;1;1;1;0;0;0;0;2;
Kemba Walker;;25;1;8;1;2;2;2;0;1;1;3;1;0;2;0;5;
Troy Daniels;;4;2;2;2;2;0;0;0;1;1;0;0;0;0;0;6;
Lance Stephenson;;24;6;13;0;1;5;6;0;1;1;0;0;0;2;0;17;
UTAH
Derrick Favors;PF;25;5;9;0;0;0;0;1;6;7;1;0;1;3;3;10;
Gordon Hayward;SF;27;5;12;3;5;5;6;3;4;7;3;0;1;1;1;18;
Rudy Gobert;C;30;2;4;0;0;5;8;4;16;20;2;0;1;3;2;9;
Rodney Hood;SG;22;9;11;5;5;1;1;0;3;3;3;1;0;0;3;24;
Dante Exum;SG;27;4;8;3;5;0;0;0;1;1;3;0;0;0;1;11;
Trevor Booker;;19;0;5;0;0;0;2;2;4;6;0;0;0;1;1;0;
Joe Ingles;;24;2;3;1;1;0;0;2;1;3;1;0;0;2;3;5;
Jeremy Evans;;6;0;0;0;0;2;2;0;2;2;0;1;0;1;0;2;
Jack Cooley;;10;1;3;0;0;0;0;0;3;3;0;1;0;0;1;2;
Bryce Cotton;;4;0;2;0;0;0;0;0;0;0;0;0;0;0;0;0;
Trey Burke;;22;3;14;2;5;0;0;2;4;6;4;0;1;0;2;8;
Elijah Millsap;;24;2;7;1;3;0;0;0;3;3;2;0;1;2;2;5;
