12-09;SAC-LAL;95-98;
29-24;26-22;26-32;14-20;
SAC
Jason Thompson;PF;28;1;5;0;0;3;4;3;5;8;4;0;0;2;3;5;
Rudy Gay;SF;34;7;18;2;4;7;8;0;5;5;5;0;1;4;3;23;
Reggie Evans;C;30;3;3;0;0;2;2;5;9;14;1;1;0;2;3;8;
Darren Collison;PG;38;11;18;2;3;2;8;1;3;4;6;0;0;0;2;26;
Ben McLemore;SG;25;3;7;3;5;6;7;0;1;1;2;1;1;2;5;15;
Derrick Williams;;21;2;4;0;1;2;6;0;3;3;0;1;0;3;1;6;
Carl Landry;;23;2;3;0;0;0;0;0;3;3;1;0;0;1;3;4;
Ryan Hollins;;14;0;1;0;0;2;2;0;6;6;0;0;0;1;3;2;
Ramon Sessions;;10;1;4;0;0;0;0;0;3;3;1;0;0;0;1;2;
Nik Stauskas;;16;2;7;0;2;0;0;0;1;1;0;0;1;1;1;4;
LAL
Ed Davis;PF;26;5;5;0;0;1;4;2;4;6;2;0;0;0;1;11;
Wesley Johnson;SF;26;3;11;2;5;2;2;2;5;7;1;0;2;0;3;10;
Jordan Hill;C;28;3;8;0;0;0;0;2;4;6;5;2;1;1;4;6;
Ronnie Price;PG;20;1;5;0;3;0;0;0;2;2;6;2;0;0;3;2;
Kobe Bryant;SG;36;11;27;2;6;8;8;3;0;3;6;2;0;3;2;32;
Carlos Boozer;;28;6;13;0;0;3;6;0;9;9;1;1;0;0;1;15;
Nick Young;;22;5;13;1;5;1;1;2;2;4;1;1;1;0;4;12;
Robert Sacre;;14;2;3;0;0;0;0;3;1;4;1;0;1;0;2;4;
Jeremy Lin;;22;1;5;0;3;1;2;0;1;1;4;1;0;1;3;3;
Wayne Ellington;;18;1;6;0;3;1;2;0;3;3;0;0;1;0;0;3;
