11-07;NY-BKN;99-110;
20-30;22-25;26-31;31-24;
NY
Jason Smith;PF;15;3;4;0;0;0;0;0;1;1;2;0;0;0;4;6;
Carmelo Anthony;SF;36;5;20;1;4;8;9;3;1;4;4;1;0;1;2;19;
Samuel Dalembert;C;5;1;3;0;0;0;0;0;1;1;0;0;0;1;2;2;
Iman Shumpert;SG;30;4;8;1;4;2;2;1;3;4;5;1;0;1;4;11;
Tim Hardaway Jr.;SG;28;5;12;3;5;3;4;0;3;3;3;0;0;0;1;16;
Cleanthony Early;;16;4;8;3;5;1;1;1;2;3;1;1;0;0;1;12;
Quincy Acy;;22;3;7;0;0;1;2;6;3;9;0;0;0;3;3;7;
Travis Wear;;13;0;4;0;1;0;0;0;1;1;1;0;0;1;1;0;
Cole Aldrich;;6;2;2;0;0;0;0;0;2;2;0;0;0;0;1;4;
Amar'e Stoudemire;;25;6;12;0;0;2;3;3;4;7;1;1;2;2;3;14;
Shane Larkin;;19;0;4;0;0;0;0;1;3;4;0;1;0;1;0;0;
J.R. Smith;;24;4;6;0;0;0;0;0;4;4;5;2;0;4;2;8;
BKN
Kevin Garnett;PF;13;2;3;0;0;0;0;0;5;5;1;0;1;2;3;4;
Joe Johnson;SF;32;6;13;4;6;2;2;0;7;7;2;1;0;2;3;18;
Brook Lopez;C;31;6;10;0;0;8;10;3;6;9;1;1;2;0;4;20;
Deron Williams;PG;33;10;15;2;3;7;10;0;1;1;6;1;0;3;2;29;
Bojan Bogdanovic;SG;32;3;7;2;5;0;0;0;4;4;2;0;0;4;1;8;
Mirza Teletovic;;27;6;10;4;6;2;2;0;3;3;0;0;0;0;2;18;
Andrei Kirilenko;;2;0;0;0;0;0;0;0;1;1;0;0;0;0;0;0;
Jerome Jordan;;2;0;0;0;0;0;0;0;0;0;0;1;0;2;1;0;
Mason Plumlee;;21;0;4;0;0;1;2;1;4;5;1;0;3;0;4;1;
Jarrett Jack;;19;2;5;0;0;0;0;0;1;1;5;1;0;2;2;4;
Alan Anderson;;22;3;7;2;4;0;0;3;3;6;0;0;0;0;2;8;
Sergey Karasev;;6;0;0;0;0;0;0;0;0;0;0;1;0;1;0;0;
