11-08;BOS-CHI;106-101;
20-25;36-16;27-26;23-34;
BOS
Jared Sullinger;PF;27;5;10;0;1;0;0;1;7;8;4;0;0;1;3;10;
Jeff Green;SF;35;5;12;2;4;2;2;0;4;4;4;2;0;1;0;14;
Kelly Olynyk;C;33;6;9;2;4;4;6;2;9;11;1;0;1;4;3;18;
Avery Bradley;PG;33;6;10;0;1;1;1;0;3;3;2;2;1;2;0;13;
Evan Turner;SG;32;7;14;1;2;4;4;2;3;5;6;0;0;2;2;19;
Brandon Bass;;15;3;5;0;0;1;2;0;2;2;0;1;0;1;3;7;
Gerald Wallace;;13;0;0;0;0;1;2;0;1;1;0;0;0;0;0;1;
Tyler Zeller;;21;4;5;0;0;2;2;1;6;7;4;0;0;1;4;10;
Phil Pressey;;16;1;7;1;6;0;0;0;3;3;4;1;1;0;2;3;
Marcus Thornton;;15;5;9;1;1;0;1;1;0;1;0;0;0;0;0;11;
CHI
Pau Gasol;PF;31;8;17;0;1;3;5;2;7;9;3;0;0;2;1;19;
Mike Dunleavy;SF;28;5;10;3;7;0;0;1;3;4;1;1;0;0;1;13;
Joakim Noah;C;31;6;13;0;0;1;2;5;6;11;6;1;0;3;2;13;
Kirk Hinrich;SG;28;0;7;0;0;0;0;0;1;1;5;1;0;0;0;0;
Jimmy Butler;SG;38;7;16;1;3;1;1;1;4;5;2;2;0;0;1;16;
Taj Gibson;;28;4;9;0;0;0;2;2;2;4;1;0;2;0;2;8;
Nikola Mirotic;;5;0;0;0;0;0;0;0;0;0;0;0;0;0;2;0;
Tony Snell;;7;0;1;0;0;0;0;0;1;1;0;0;0;0;0;0;
Doug McDermott;;15;3;4;0;0;0;1;0;3;3;0;0;0;1;1;6;
Aaron Brooks;;28;9;15;4;7;4;4;0;0;0;8;0;0;2;6;26;
