12-19;MIN-BOS;98-114;
24-27;24-26;29-30;21-31;
MIN
Thaddeus Young;SF;30;6;19;0;1;1;2;0;2;2;6;1;0;2;2;13;
Shabazz Muhammad;SF;38;11;15;2;2;2;2;2;3;5;5;0;0;2;1;26;
Andrew Wiggins;SF;26;2;10;0;0;1;1;1;3;4;2;1;2;0;1;5;
Gorgui Dieng;C;33;4;10;0;0;1;1;4;0;4;1;1;2;2;3;9;
Zach LaVine;PG;23;3;7;1;2;0;0;1;1;2;3;3;0;3;1;7;
Anthony Bennett;;16;3;8;0;1;1;2;4;3;7;1;0;0;0;2;7;
Chase Budinger;;28;8;12;3;5;0;1;1;3;4;0;1;1;1;2;19;
Jeff Adrien;;15;1;2;0;0;1;4;2;5;7;1;0;0;2;1;3;
Robbie Hummel;;4;0;0;0;0;1;2;0;0;0;0;1;0;0;0;1;
Mo Williams;;25;4;9;0;1;0;1;0;2;2;4;0;0;0;0;8;
Glenn Robinson III;;2;0;1;0;0;0;0;0;0;0;0;0;0;1;0;0;
BOS
Jared Sullinger;PF;29;7;9;0;1;0;0;3;7;10;3;1;2;1;1;14;
Jeff Green;SF;36;6;13;2;4;4;4;1;6;7;3;0;0;1;2;18;
Tyler Zeller;C;24;7;9;0;0;0;0;0;4;4;3;0;1;3;3;14;
Avery Bradley;PG;32;6;14;0;3;2;2;2;3;5;7;3;1;0;2;14;
Evan Turner;SG;27;5;9;0;2;0;0;0;3;3;4;1;1;2;1;10;
Brandon Bass;;17;4;7;0;1;1;2;1;1;2;0;1;0;2;2;9;
Gerald Wallace;;7;0;0;0;0;0;0;0;1;1;0;1;0;0;0;0;
Kelly Olynyk;;25;8;13;2;4;3;6;2;6;8;3;0;1;0;5;21;
Phil Pressey;;16;2;5;2;4;0;0;2;0;2;2;1;0;1;1;6;
Marcus Smart;;27;3;6;2;4;0;0;1;0;1;4;1;0;3;3;8;
