02-06;DEN-DET;88-98;
21-28;21-28;20-24;26-18;
DEN
Kenneth Faried;PF;25;4;9;0;0;2;4;4;2;6;2;3;2;1;5;10;
Wilson Chandler;SF;22;5;11;1;4;0;0;0;5;5;1;0;1;1;3;11;
Jusuf Nurkic;C;26;1;10;0;0;4;6;4;9;13;1;1;1;0;1;6;
Ty Lawson;PG;39;6;12;1;2;7;8;0;3;3;9;0;0;4;4;20;
Arron Afflalo;SG;23;3;7;0;2;0;0;0;1;1;1;0;1;1;2;6;
Darrell Arthur;;18;4;9;0;0;2;2;0;0;0;0;2;0;1;3;10;
J.J. Hickson;;15;3;5;0;0;0;0;1;4;5;1;0;0;1;0;6;
Alonzo Gee;;9;1;3;0;1;0;0;0;2;2;0;1;0;0;0;2;
Danilo Gallinari;;30;4;10;2;6;2;2;1;5;6;3;0;0;1;1;12;
Erick Green;;9;0;1;0;0;0;0;1;0;1;1;0;0;1;0;0;
Gary Harris;;11;1;4;0;3;0;0;0;1;1;2;0;0;0;1;2;
Randy Foye;;14;1;4;1;4;0;0;0;0;0;1;0;0;2;4;3;
DET
Greg Monroe;PF;36;7;13;0;0;7;9;4;17;21;3;2;2;4;0;21;
Kyle Singler;SF;28;1;7;0;5;0;0;0;3;3;2;0;0;0;1;2;
Andre Drummond;C;32;6;13;0;0;1;4;3;10;13;0;0;2;0;3;13;
D.J. Augustin;PG;34;6;10;2;3;8;8;0;2;2;11;0;0;5;1;22;
Kentavious Caldwell-Pope;SG;23;3;8;1;2;2;3;1;1;2;1;0;0;2;0;9;
Jonas Jerebko;;9;1;3;0;1;0;0;1;0;1;0;0;0;0;1;2;
Anthony Tolliver;;16;1;4;0;3;0;0;0;5;5;0;1;0;1;5;2;
Caron Butler;;20;2;7;1;6;0;0;1;0;1;1;1;0;2;1;5;
Joel Anthony;;3;0;1;0;0;0;0;1;0;1;0;0;0;0;1;0;
John Lucas III;;14;2;4;0;0;0;0;0;0;0;5;0;0;0;2;4;
Jodie Meeks;;25;8;12;0;4;2;2;0;2;2;0;0;0;2;1;18;
