04-12;PHX-SA;91-107;
18-20;21-31;26-25;26-31;
PHX
Markieff Morris;PF;27;4;10;1;3;3;4;1;4;5;1;1;1;1;4;12;
Marcus Morris;PF;29;4;11;0;2;0;0;3;5;8;2;0;0;2;4;8;
P.J. Tucker;SF;39;3;8;1;2;1;2;0;8;8;1;3;0;2;2;8;
Eric Bledsoe;PG;41;7;13;0;3;6;6;1;3;4;10;0;0;1;1;20;
Archie Goodwin;SG;29;5;15;0;3;1;2;3;1;4;0;0;1;3;2;11;
Earl Barron;;20;2;7;0;0;1;2;4;2;6;1;1;0;0;2;5;
T.J. Warren;;27;2;4;0;0;0;0;1;1;2;0;1;1;0;6;4;
Jerel McNeal;;2;0;1;0;0;0;0;0;0;0;0;0;0;0;0;0;
Gerald Green;;26;8;16;2;3;5;7;0;4;4;2;0;0;1;2;23;
SA
Tim Duncan;PF;26;7;11;0;0;8;9;3;7;10;4;2;2;1;1;22;
Kawhi Leonard;SF;34;6;12;1;2;5;5;1;8;9;1;1;0;1;1;18;
Boris Diaw;C;24;2;5;0;0;2;2;1;4;5;0;0;0;3;1;6;
Tony Parker;PG;26;5;10;0;1;0;0;0;0;0;5;1;0;1;1;10;
Danny Green;SG;31;3;7;3;6;3;3;0;2;2;3;1;1;2;3;12;
Jeff Ayres;;4;0;0;0;0;0;0;0;1;1;0;0;0;2;1;0;
Kyle Anderson;;7;0;1;0;0;0;0;0;2;2;0;1;0;0;2;0;
Reggie Williams;;4;0;2;0;0;0;0;0;0;0;0;0;0;0;1;0;
Marco Belinelli;;24;4;8;2;5;3;3;0;4;4;1;0;0;2;1;13;
Aron Baynes;;17;2;2;0;0;0;0;0;2;2;0;0;1;0;3;4;
Patty Mills;;6;0;1;0;0;0;0;0;1;1;0;0;0;1;0;0;
Cory Joseph;;19;5;7;1;3;2;2;0;4;4;4;0;0;1;3;13;
Manu Ginobili;;18;1;3;1;2;6;10;1;2;3;4;1;2;1;4;9;
