04-07;PHX-ATL;69-96;
17-24;26-28;13-17;13-27;
PHX
Brandan Wright;PF;28;4;5;0;0;0;0;1;5;6;0;0;2;2;0;8;
Markieff Morris;PF;28;3;8;0;0;2;3;1;5;6;5;1;1;0;2;8;
Marcus Morris;PF;24;3;10;1;3;1;2;1;3;4;1;1;0;0;0;8;
P.J. Tucker;SF;28;2;10;0;3;1;1;1;3;4;1;1;0;0;2;5;
Eric Bledsoe;PG;26;4;9;0;2;1;2;0;2;2;5;0;0;5;1;9;
Earl Barron;;15;0;5;0;0;1;2;2;1;3;1;0;0;1;1;1;
T.J. Warren;;15;1;7;0;0;0;0;2;1;3;1;2;1;2;2;2;
Reggie Bullock;;18;0;3;0;1;0;0;1;3;4;0;0;0;1;1;0;
Archie Goodwin;;25;1;5;0;1;6;6;0;2;2;1;0;2;2;0;8;
Marcus Thornton;;6;2;4;1;3;0;0;0;2;2;0;0;0;0;0;5;
Jerel McNeal;;4;0;1;0;0;0;0;0;1;1;0;0;0;1;0;0;
Gerald Green;;22;6;16;2;7;1;2;0;0;0;1;0;0;1;0;15;
ATL
Mike Muscala;PF;26;7;8;0;0;2;2;1;6;7;0;4;1;0;4;16;
DeMarre Carroll;SF;24;8;9;0;1;0;0;1;5;6;2;1;1;2;0;16;
Al Horford;C;26;7;10;0;0;0;2;0;5;5;3;1;0;2;1;14;
Jeff Teague;PG;25;6;13;1;4;3;4;1;3;4;2;1;0;1;1;16;
Kyle Korver;SG;27;2;9;1;6;0;0;0;3;3;3;0;2;0;2;5;
Pero Antic;;12;2;4;1;2;2;2;2;3;5;1;0;0;2;3;7;
Mike Scott;;26;3;10;1;5;0;0;0;6;6;1;1;0;2;2;7;
Elton Brand;;6;1;2;0;1;0;0;0;1;1;0;0;0;0;1;2;
Thabo Sefolosha;;20;1;4;0;0;0;0;1;4;5;1;0;0;0;1;2;
Dennis Schroder;;15;2;6;0;2;2;2;1;1;2;4;0;0;3;1;6;
Shelvin Mack;;14;2;5;0;1;0;0;0;1;1;4;0;0;0;0;4;
Kent Bazemore;;19;0;3;0;3;1;2;1;8;9;0;1;0;3;1;1;
