03-07;POR-MIN;113-121;
30-29;25-22;22-30;36-40;
POR
LaMarcus Aldridge;PF;39;10;20;0;1;1;1;1;7;8;0;0;0;1;1;21;
Nicolas Batum;SF;38;7;12;3;5;0;0;1;6;7;3;0;0;2;4;17;
Robin Lopez;C;28;2;3;0;0;3;4;3;2;5;0;0;3;0;1;7;
Damian Lillard;PG;38;11;23;4;8;6;6;1;6;7;8;1;0;2;3;32;
Arron Afflalo;SG;32;5;12;3;5;1;2;0;0;0;1;0;0;1;6;14;
Alonzo Gee;;5;0;0;0;0;0;2;0;2;2;0;1;0;0;1;0;
Dorell Wright;;11;3;7;2;5;0;0;0;1;1;0;0;0;0;2;8;
Chris Kaman;;19;3;5;0;0;2;2;3;3;6;1;1;0;4;1;8;
Steve Blake;;13;1;1;1;1;0;0;0;0;0;5;0;0;0;2;3;
C.J. McCollum;;18;1;5;1;2;0;0;0;0;0;0;0;0;0;2;3;
MIN
Kevin Garnett;PF;21;2;4;0;0;0;0;1;5;6;2;0;0;1;1;4;
Andrew Wiggins;SF;41;8;15;1;1;1;2;2;2;4;2;3;1;0;1;18;
Nikola Pekovic;C;26;5;11;0;0;1;1;6;2;8;0;0;1;0;1;11;
Ricky Rubio;PG;39;5;12;1;3;2;2;0;8;8;15;0;0;1;4;13;
Kevin Martin;SG;32;11;21;1;1;6;6;0;6;6;2;1;0;0;1;29;
Adreian Payne;;21;2;2;0;0;1;3;0;4;4;0;1;0;0;1;5;
Gorgui Dieng;;27;2;3;0;0;2;2;1;4;5;4;1;1;2;4;6;
Zach LaVine;;12;3;6;0;1;2;2;0;0;0;0;1;0;2;0;8;
Lorenzo Brown;;0;0;0;0;0;0;0;0;0;0;0;0;0;0;1;0;
Gary Neal;;21;8;11;1;1;10;13;0;4;4;1;0;0;0;1;27;
