03-31;IND-BKN;106-111;
15-33;39-24;25-27;27-27;
IND
David West;PF;27;4;10;0;0;6;7;1;5;6;6;0;1;1;2;14;
Solomon Hill;SF;34;3;7;3;5;0;0;0;2;2;3;0;0;1;3;9;
Roy Hibbert;C;20;3;11;0;1;1;1;2;1;3;0;1;3;1;1;7;
George Hill;PG;32;10;17;4;8;4;5;0;6;6;3;0;0;0;1;28;
C.J. Miles;SG;6;0;0;0;0;0;0;0;0;0;0;0;0;1;1;0;
Luis Scola;;21;4;10;0;1;5;5;1;8;9;1;0;0;1;2;13;
Lavoy Allen;;15;2;7;0;0;0;0;1;1;2;1;0;0;0;0;4;
Damjan Rudez;;19;5;6;2;2;0;0;0;0;0;2;0;0;1;2;12;
Ian Mahinmi;;13;1;1;0;0;0;0;0;1;1;0;0;1;0;4;2;
Rodney Stuckey;;25;1;8;1;3;1;2;1;1;2;1;0;0;2;3;4;
C.J. Watson;;28;4;5;2;3;3;4;0;6;6;6;2;1;2;3;13;
BKN
Thaddeus Young;SF;39;4;11;0;3;0;0;2;5;7;4;1;0;0;2;8;
Joe Johnson;SF;35;6;13;3;6;6;6;1;5;6;4;0;0;1;0;21;
Brook Lopez;C;40;11;17;0;0;2;2;2;9;11;2;0;2;0;3;24;
Deron Williams;PG;30;4;6;1;1;2;3;0;6;6;8;2;0;0;5;11;
Markel Brown;SG;31;3;8;2;4;2;4;0;5;5;1;1;0;0;0;10;
Earl Clark;;2;0;1;0;0;0;0;0;0;0;0;0;0;1;1;0;
Mason Plumlee;;12;1;2;0;0;2;4;1;2;3;1;0;1;1;5;4;
Jarrett Jack;;19;4;11;0;0;5;6;0;1;1;4;0;0;2;3;13;
Bojan Bogdanovic;;8;0;0;0;0;0;0;0;0;0;0;1;0;2;0;0;
Alan Anderson;;24;7;11;3;4;3;3;0;2;2;1;0;0;0;4;20;
