12-29;CHI-IND;92-90;
22-17;25-18;34-30;11-25;
CHI
Pau Gasol;PF;35;7;14;0;0;6;6;3;3;6;3;0;1;0;3;20;
Mike Dunleavy;SF;24;3;5;1;2;1;1;0;10;10;1;0;2;0;3;8;
Joakim Noah;C;29;2;7;0;0;2;2;3;4;7;3;3;1;0;2;6;
Derrick Rose;PG;35;5;20;1;7;6;6;0;3;3;6;0;2;3;0;17;
Jimmy Butler;SG;44;8;20;2;2;9;12;5;4;9;1;4;1;1;1;27;
Nikola Mirotic;;11;2;4;1;1;0;0;2;1;3;1;0;0;0;2;5;
Taj Gibson;;22;2;6;0;0;3;4;1;5;6;0;0;0;2;2;7;
Tony Snell;;2;0;0;0;0;0;0;0;0;0;0;0;0;0;0;0;
Aaron Brooks;;22;0;4;0;0;2;2;0;1;1;2;1;0;4;1;2;
E'Twaun Moore;;16;0;4;0;1;0;0;0;1;1;0;0;0;0;2;0;
IND
David West;PF;25;5;8;0;0;0;0;0;7;7;2;1;2;2;2;10;
Solomon Hill;SF;30;3;7;1;3;3;6;1;1;2;3;1;0;1;1;10;
Roy Hibbert;C;16;3;8;0;0;0;1;1;2;3;0;0;0;1;4;6;
Rodney Stuckey;PG;22;2;5;0;0;1;1;1;1;2;1;2;0;3;2;5;
George Hill;PG;24;4;11;1;3;2;2;0;4;4;1;1;0;0;3;11;
Luis Scola;;23;4;8;0;0;2;4;0;8;8;1;0;0;2;5;10;
Lavoy Allen;;32;3;8;0;0;0;1;3;5;8;6;0;4;0;2;6;
Chris Copeland;;18;7;10;1;1;2;2;1;4;5;1;0;1;3;3;17;
C.J. Watson;;27;1;7;0;3;2;2;0;2;2;2;0;1;1;1;4;
C.J. Miles;;24;4;11;2;3;1;2;0;3;3;1;0;0;0;2;11;
