12-31;PHX-OKC;134-137;
29-30;33-34;32-36;34-28;6-9;
PHX
Markieff Morris;PF;34;10;17;3;5;2;3;0;4;4;0;1;0;3;4;25;
P.J. Tucker;SF;35;4;9;2;4;3;4;2;3;5;2;4;0;0;3;13;
Alex Len;C;21;1;2;0;0;0;0;0;6;6;0;0;1;2;5;2;
Eric Bledsoe;PG;42;10;19;2;4;7;7;0;2;2;8;1;1;3;6;29;
Goran Dragic;SG;44;7;12;2;5;5;6;2;6;8;3;0;0;1;4;21;
Marcus Morris;;31;7;11;2;3;2;2;1;4;5;1;1;1;0;6;18;
Miles Plumlee;;16;3;4;0;0;0;0;1;3;4;0;0;0;0;1;6;
Isaiah Thomas;;16;1;5;0;2;4;4;0;1;1;2;0;0;3;3;6;
Gerald Green;;26;3;11;2;4;6;9;1;3;4;1;0;0;1;3;14;
OKC
Serge Ibaka;PF;38;5;12;3;6;2;2;2;5;7;1;0;1;4;4;15;
Kevin Durant;SF;40;13;23;6;11;12;12;0;10;10;7;0;1;5;3;44;
Steven Adams;C;28;3;7;0;0;3;3;3;4;7;1;1;0;0;5;9;
Russell Westbrook;PG;17;5;13;1;2;9;10;2;2;4;4;1;0;1;1;20;
Andre Roberson;SG;18;1;4;0;1;1;2;4;2;6;1;1;0;0;3;3;
Perry Jones;;24;4;6;0;0;0;0;1;3;4;2;2;0;0;4;8;
Kendrick Perkins;;20;2;4;0;0;5;5;4;1;5;0;0;2;2;3;9;
Ish Smith;;11;3;5;0;1;2;2;2;0;2;1;0;0;0;0;8;
Reggie Jackson;;41;4;18;0;8;2;4;0;2;2;4;1;0;0;3;10;
Anthony Morrow;;29;1;7;1;6;8;9;1;2;3;1;0;0;0;1;11;
