12-09;POR-DET;98-86;
33-22;22-24;21-16;22-24;
POR
LaMarcus Aldridge;PF;37;8;21;1;1;6;6;3;8;11;1;1;2;3;2;23;
Nicolas Batum;SF;35;3;7;2;6;0;0;0;5;5;1;0;0;2;1;8;
Robin Lopez;C;27;3;9;0;0;0;0;6;5;11;0;0;2;2;0;6;
Damian Lillard;PG;35;6;14;1;5;1;2;0;5;5;7;2;0;2;2;14;
Wesley Matthews;SG;35;8;12;3;6;0;0;0;5;5;5;1;0;1;1;19;
Allen Crabbe;;20;4;5;1;2;0;0;0;1;1;2;0;1;1;2;9;
Joel Freeland;;11;0;3;0;0;0;0;0;4;4;1;0;0;0;1;0;
Chris Kaman;;21;7;10;0;0;0;0;1;2;3;2;0;2;1;3;14;
Steve Blake;;19;2;3;1;1;0;0;0;2;2;6;0;0;1;0;5;
DET
Josh Smith;SF;21;4;10;0;0;2;2;0;5;5;2;0;2;0;1;10;
Kyle Singler;SF;19;3;7;2;4;0;0;0;2;2;0;0;0;0;1;8;
Andre Drummond;C;30;3;12;0;0;4;7;9;6;15;1;1;0;0;1;10;
Brandon Jennings;PG;20;0;5;0;2;1;1;1;2;3;6;0;0;3;1;1;
Kentavious Caldwell-Pope;SG;25;4;7;1;2;2;2;0;0;0;0;2;0;3;2;11;
Jonas Jerebko;;12;1;4;1;2;0;0;2;0;2;1;0;0;0;0;3;
Greg Monroe;;33;10;22;0;0;2;2;3;7;10;1;2;0;0;1;22;
Cartier Martin;;9;0;2;0;1;0;0;0;0;0;1;0;0;0;0;0;
Caron Butler;;29;6;14;0;4;1;1;2;5;7;2;2;0;0;1;13;
Spencer Dinwiddie;;14;1;6;0;4;1;1;0;1;1;3;0;0;0;0;3;
D.J. Augustin;;27;2;8;1;3;0;0;0;2;2;6;0;0;0;0;5;
