04-15;UTAH-HOU;91-117;
20-31;15-34;25-28;31-24;
UTAH
Derrick Favors;PF;9;2;6;0;1;0;1;3;1;4;1;0;0;2;2;4;
Joe Ingles;SF;17;0;6;0;3;0;0;0;2;2;2;1;0;2;2;0;
Rudy Gobert;C;24;3;6;0;0;2;2;3;5;8;0;1;3;2;0;8;
Rodney Hood;SG;22;4;12;2;3;0;0;0;2;2;2;1;1;2;3;10;
Dante Exum;SG;17;2;6;0;3;0;0;0;2;2;0;0;1;2;1;4;
Grant Jerrett;;13;3;6;0;1;1;1;0;3;3;1;1;0;0;3;7;
Jeremy Evans;;22;4;9;0;1;2;3;4;2;6;3;2;0;0;1;10;
Chris Johnson;;30;6;10;1;4;0;0;0;2;2;0;1;0;1;1;13;
Jack Cooley;;17;3;7;0;0;2;5;3;3;6;0;1;1;0;4;8;
Bryce Cotton;;25;7;14;0;2;0;0;0;3;3;3;0;0;2;1;14;
Trey Burke;;19;1;11;1;5;1;2;1;1;2;4;2;0;1;1;4;
Elijah Millsap;;25;3;8;1;4;2;4;0;4;4;7;2;0;0;2;9;
HOU
Terrence Jones;PF;20;6;6;1;1;2;4;0;2;2;3;0;3;1;2;15;
Trevor Ariza;SF;23;2;8;1;5;1;2;1;2;3;3;1;0;0;0;6;
Dwight Howard;C;21;6;7;0;0;2;4;2;6;8;0;0;2;2;0;14;
Jason Terry;SG;22;3;6;3;4;0;0;0;2;2;2;2;1;0;2;9;
James Harden;SG;27;3;8;2;5;8;8;0;11;11;10;1;1;6;2;16;
Kostas Papanikolaou;;12;0;2;0;2;0;0;0;1;1;1;0;0;2;2;0;
Josh Smith;;18;4;9;3;5;2;4;0;2;2;2;1;3;1;1;13;
Clint Capela;;17;3;4;0;0;2;4;0;6;6;1;0;2;0;5;8;
Joey Dorsey;;14;1;1;0;0;1;2;0;3;3;1;0;0;1;0;3;
Pablo Prigioni;;20;3;3;2;2;0;0;1;4;5;2;1;0;1;2;8;
K.J. McDaniels;;9;2;4;0;1;1;2;0;2;2;0;0;0;0;1;5;
Nick Johnson;;14;2;3;0;0;2;2;0;1;1;0;0;0;3;2;6;
Corey Brewer;;23;6;15;0;3;2;2;0;3;3;3;3;1;1;0;14;
