10-30;UTAH-DAL;102-120;
20-36;24-33;29-24;29-27;
UTAH
Derrick Favors;PF;35;7;12;0;0;3;4;3;8;11;2;1;0;1;3;17;
Gordon Hayward;SF;36;4;9;2;7;6;6;1;3;4;6;1;0;2;3;16;
Enes Kanter;C;20;4;10;1;2;2;3;2;2;4;0;0;0;0;0;11;
Trey Burke;PG;34;6;15;2;6;2;2;3;0;3;7;2;0;4;0;16;
Alec Burks;PG;26;5;11;3;5;2;2;0;1;1;2;2;0;2;4;15;
Trevor Booker;;19;3;6;3;4;0;0;1;4;5;0;0;0;1;2;9;
Steve Novak;;8;2;3;2;3;0;0;0;1;1;0;0;0;0;1;6;
Joe Ingles;;11;1;2;0;1;0;0;0;1;1;2;0;0;1;1;2;
Rudy Gobert;;13;2;3;0;0;1;1;5;3;8;1;0;0;3;2;5;
Ian Clark;;4;1;1;1;1;0;0;0;0;0;0;0;0;0;0;3;
Rodney Hood;;17;0;7;0;3;0;0;0;2;2;2;0;0;0;4;0;
Dante Exum;;19;1;4;0;3;0;0;0;0;0;0;0;0;2;1;2;
DAL
Dirk Nowitzki;PF;24;9;13;2;4;1;2;0;3;3;1;1;1;1;2;21;
Chandler Parsons;SF;29;8;16;1;3;4;4;4;3;7;2;0;0;2;1;21;
Tyson Chandler;C;25;5;5;0;0;3;4;2;4;6;2;1;1;0;2;13;
Jameer Nelson;PG;21;2;4;1;2;0;0;0;1;1;5;2;0;1;3;5;
Monta Ellis;SG;29;6;13;0;1;2;3;0;3;3;6;0;0;1;1;14;
Greg Smith;;3;0;1;0;0;0;0;2;1;3;0;0;0;0;0;0;
Charlie Villanueva;;2;0;0;0;0;0;0;0;1;1;0;0;0;0;2;0;
Brandan Wright;;20;6;7;0;0;2;2;3;0;3;1;1;2;0;0;14;
Jae Crowder;;9;0;4;0;2;0;0;0;0;0;0;0;1;0;0;0;
Al-Farouq Aminu;;20;6;7;1;1;3;4;2;8;10;1;1;0;1;2;16;
Richard Jefferson;;16;0;1;0;1;0;0;0;2;2;1;1;0;1;2;0;
J.J. Barea;;19;2;5;0;0;0;0;0;4;4;3;0;0;1;0;4;
Devin Harris;;24;3;9;3;7;3;4;0;1;1;3;1;0;1;0;12;
