03-04;LAL-MIA;94-100;
25-28;26-18;22-30;21-24;
LAL
Carlos Boozer;PF;19;5;11;0;0;3;4;0;2;2;0;2;0;0;1;13;
Ryan Kelly;PF;23;1;2;1;1;1;2;0;3;3;3;1;0;1;4;4;
Robert Sacre;C;17;1;3;0;0;0;0;0;1;1;1;1;0;2;4;2;
Jordan Clarkson;PG;28;3;11;1;4;3;4;1;6;7;5;0;0;4;5;10;
Wayne Ellington;SG;42;6;15;2;4;0;0;1;0;1;3;0;0;0;4;14;
Ed Davis;;28;7;10;0;0;0;1;2;10;12;0;3;1;0;2;14;
Wesley Johnson;;25;5;10;2;4;0;0;1;3;4;1;0;0;3;2;12;
Jordan Hill;;29;5;14;0;1;3;4;2;8;10;1;0;0;3;3;13;
Jeremy Lin;;29;5;12;1;4;1;2;0;2;2;9;4;0;1;1;12;
MIA
Udonis Haslem;PF;15;1;4;0;0;0;0;0;4;4;1;0;0;1;0;2;
Luol Deng;SF;35;5;11;0;4;5;6;1;5;6;0;0;0;0;2;15;
Hassan Whiteside;C;33;6;10;0;0;6;13;6;19;25;0;0;5;4;4;18;
Dwyane Wade;SG;31;7;17;0;0;11;12;2;3;5;6;2;1;1;0;25;
Goran Dragic;SG;36;6;10;1;2;8;8;2;2;4;6;3;0;4;2;21;
Chris Andersen;;15;2;8;0;1;0;0;2;4;6;0;1;1;0;0;4;
Henry Walker;;25;3;10;2;6;0;0;0;1;1;1;1;0;1;1;8;
Michael Beasley;;20;1;6;0;2;2;2;0;4;4;0;0;0;2;4;4;
Mario Chalmers;;22;1;3;0;1;0;0;0;0;0;1;1;0;2;2;2;
Tyler Johnson;;6;0;0;0;0;1;2;0;0;0;1;0;0;0;0;1;
