02-08;MIN-DET;112-101;
32-24;29-27;20-22;31-28;
MIN
Thaddeus Young;SF;40;6;7;2;2;2;2;2;2;4;4;0;0;3;5;16;
Andrew Wiggins;SF;39;6;12;1;1;5;7;1;7;8;5;0;1;2;3;18;
Nikola Pekovic;C;33;9;16;0;0;11;12;1;2;3;1;2;0;0;1;29;
Mo Williams;PG;34;2;7;2;3;5;6;1;3;4;9;0;0;3;3;11;
Kevin Martin;SG;42;9;21;0;6;6;7;1;8;9;2;3;0;1;3;24;
Anthony Bennett;;17;1;2;0;0;0;0;1;4;5;1;0;0;1;0;2;
Gorgui Dieng;;15;1;4;0;0;0;0;1;2;3;1;1;0;3;4;2;
Zach LaVine;;18;5;6;0;0;0;0;1;2;3;3;0;0;2;1;10;
Lorenzo Brown;;2;0;1;0;0;0;0;0;1;1;0;0;0;0;0;0;
DET
Greg Monroe;PF;32;5;11;0;0;5;6;2;7;9;0;1;0;4;5;15;
Kyle Singler;SF;32;2;5;1;2;0;0;0;3;3;3;0;2;1;3;5;
Andre Drummond;C;29;8;8;0;0;1;4;8;6;14;1;2;2;5;6;17;
D.J. Augustin;PG;35;7;16;2;5;4;4;1;1;2;8;0;0;1;3;20;
Kentavious Caldwell-Pope;SG;30;6;15;2;8;1;2;0;1;1;0;4;0;0;2;15;
Anthony Tolliver;;34;4;8;3;7;4;4;1;3;4;1;0;0;0;2;15;
Caron Butler;;16;1;4;0;3;0;0;0;1;1;2;0;0;1;0;2;
Joel Anthony;;1;0;0;0;0;0;0;0;0;0;0;0;0;1;1;0;
John Lucas III;;13;1;5;1;2;0;0;0;0;0;3;1;0;2;1;3;
Jodie Meeks;;18;3;7;1;4;2;2;0;1;1;0;0;0;0;2;9;
