11-04;OKC-TOR;88-100;
30-23;22-28;18-22;18-27;
OKC
Serge Ibaka;PF;46;11;14;3;6;0;0;0;11;11;2;0;1;3;5;25;
Lance Thomas;SF;33;6;11;0;0;2;3;1;4;5;1;1;0;2;0;14;
Perry Jones;SF;18;2;4;0;1;0;0;0;1;1;0;0;0;1;3;4;
Steven Adams;C;31;3;4;0;0;4;6;0;6;6;2;1;0;2;5;10;
Reggie Jackson;PG;42;4;14;0;6;5;8;1;3;4;14;0;0;4;5;13;
Nick Collison;;27;4;7;2;4;1;2;2;6;8;1;0;1;2;3;11;
Kendrick Perkins;;17;0;3;0;0;0;2;1;1;2;0;0;1;2;2;0;
Sebastian Telfair;;27;4;8;1;4;2;4;1;3;4;3;2;0;3;4;11;
TOR
Patrick Patterson;PF;36;5;9;2;2;2;2;2;6;8;2;2;1;1;2;14;
Terrence Ross;SF;25;4;10;1;6;0;0;0;3;3;1;0;0;2;2;9;
Jonas Valanciunas;C;13;2;5;0;0;2;2;2;0;2;1;0;1;0;2;6;
Kyle Lowry;PG;31;2;7;0;4;5;5;0;3;3;5;0;0;0;3;9;
DeMar DeRozan;SG;31;4;12;1;3;7;9;0;3;3;3;0;0;2;1;16;
Tyler Hansbrough;;27;2;6;0;2;8;10;3;4;7;1;1;0;0;3;12;
James Johnson;;21;3;7;1;2;1;2;2;2;4;5;0;1;1;3;8;
Chuck Hayes;;7;0;2;0;0;0;0;0;1;1;0;0;0;0;1;0;
Greg Stiemsma;;13;2;2;0;0;0;0;3;0;3;1;1;0;1;5;4;
Greivis Vasquez;;18;4;12;1;7;1;1;0;3;3;4;0;0;2;2;10;
Louis Williams;;19;4;9;2;5;2;2;0;2;2;0;2;0;1;0;12;
