02-03;UTAH-POR;102-103;
23-27;24-17;23-28;32-31;
UTAH
Derrick Favors;PF;34;8;18;0;0;4;7;1;3;4;3;1;1;0;2;20;
Gordon Hayward;SF;36;10;16;3;4;4;7;3;2;5;5;1;1;1;4;27;
Joe Ingles;SF;36;1;5;1;2;2;2;0;3;3;2;1;0;2;3;5;
Enes Kanter;C;23;6;12;0;0;4;5;4;3;7;0;0;0;1;0;16;
Dante Exum;SG;20;0;3;0;0;0;0;1;2;3;1;2;0;1;5;0;
Trevor Booker;;7;3;4;0;0;0;0;0;0;0;0;0;0;1;1;6;
Rudy Gobert;;33;3;5;0;0;1;2;5;10;15;1;1;2;1;4;7;
Trey Burke;;34;7;17;1;5;3;3;0;2;2;6;1;0;3;1;18;
Elijah Millsap;;18;1;5;1;2;0;0;0;2;2;0;1;0;0;3;3;
POR
LaMarcus Aldridge;PF;37;8;16;0;2;6;9;4;7;11;0;1;1;2;2;22;
Nicolas Batum;SF;35;2;7;1;2;5;6;0;8;8;6;1;2;2;1;10;
Robin Lopez;C;25;5;9;0;0;1;3;3;3;6;0;0;2;2;3;11;
Damian Lillard;PG;37;10;17;0;6;5;7;0;4;4;6;2;0;1;3;25;
Wesley Matthews;SG;35;6;10;3;5;6;7;1;2;3;2;3;0;3;2;21;
Allen Crabbe;;6;0;1;0;1;0;0;0;1;1;0;0;0;0;1;0;
Meyers Leonard;;12;2;5;0;2;0;0;2;2;4;0;0;0;2;3;4;
Chris Kaman;;21;0;3;0;0;0;0;1;4;5;2;0;1;0;2;0;
Steve Blake;;22;2;4;2;3;1;2;0;1;1;2;1;0;2;2;7;
C.J. McCollum;;9;1;4;1;2;0;0;1;1;2;0;0;0;0;1;3;
