11-15;DET-MEM;88-95;
16-25;34-26;14-18;24-26;
DET
Greg Monroe;PF;32;8;13;0;0;0;2;3;8;11;1;0;0;2;3;16;
Josh Smith;SF;33;5;13;1;1;0;0;1;6;7;3;1;4;2;3;11;
Andre Drummond;C;20;2;4;0;0;2;4;2;8;10;0;0;1;1;5;6;
Brandon Jennings;PG;33;6;16;1;6;1;2;0;2;2;4;1;0;2;1;14;
Kentavious Caldwell-Pope;SG;26;1;11;0;4;0;0;1;2;3;1;0;0;0;1;2;
Jonas Jerebko;;19;2;2;1;1;0;0;0;1;1;0;0;0;0;0;5;
Caron Butler;;27;1;3;1;3;1;2;0;4;4;1;0;0;1;2;4;
Kyle Singler;;27;5;8;5;7;6;6;1;3;4;0;2;1;0;5;21;
Joel Anthony;;3;1;2;0;0;0;1;1;0;1;0;0;0;0;1;2;
D.J. Augustin;;20;3;10;1;4;0;0;0;0;0;5;0;0;1;1;7;
MEM
Zach Randolph;PF;37;7;22;0;0;3;6;13;9;22;4;0;0;1;2;17;
Tayshaun Prince;SF;15;1;4;1;2;0;0;0;2;2;0;1;0;0;0;3;
Tony Allen;SF;27;1;3;0;0;0;0;2;3;5;1;0;0;0;5;2;
Marc Gasol;C;38;6;16;0;1;11;12;0;8;8;3;1;2;1;3;23;
Mike Conley;PG;33;5;10;2;2;6;6;0;2;2;4;0;0;3;3;18;
Jon Leuer;;7;1;1;0;0;1;2;0;1;1;0;0;0;0;0;3;
Kosta Koufos;;14;3;5;0;0;1;2;0;4;4;0;1;2;0;1;7;
Beno Udrih;;19;3;5;0;1;2;2;0;1;1;1;1;0;3;2;8;
Vince Carter;;19;1;10;0;6;0;0;2;2;4;3;1;0;0;1;2;
Courtney Lee;;31;4;10;1;3;3;3;1;3;4;2;0;0;0;1;12;
