12-23;DEN-BKN;96-102;
27-30;27-28;23-18;19-26;
DEN
Kenneth Faried;PF;32;8;11;0;0;4;5;5;9;14;2;1;1;3;3;20;
Wilson Chandler;SF;38;5;17;1;9;0;0;0;5;5;1;1;0;2;3;11;
Timofey Mozgov;C;28;1;7;0;0;3;4;3;5;8;0;2;2;1;1;5;
Ty Lawson;PG;42;10;20;4;8;5;6;0;4;4;9;0;0;4;1;29;
Arron Afflalo;SG;41;4;10;2;6;1;2;2;7;9;3;0;0;3;0;11;
J.J. Hickson;;12;4;7;0;0;2;2;2;1;3;0;0;0;1;1;10;
Alonzo Gee;;17;0;1;0;0;2;2;0;3;3;0;0;0;2;1;2;
Jusuf Nurkic;;13;3;5;0;0;0;1;2;3;5;0;0;1;2;3;6;
Nate Robinson;;18;1;4;0;2;0;0;0;0;0;0;0;0;0;2;2;
BKN
Kevin Garnett;PF;13;1;5;0;0;0;0;0;3;3;1;3;0;1;2;2;
Joe Johnson;SF;33;11;19;4;5;1;2;0;2;2;3;1;0;1;2;27;
Mason Plumlee;C;40;9;14;0;0;1;3;5;8;13;2;2;3;2;2;19;
Jarrett Jack;PG;38;7;13;0;2;3;3;0;1;1;8;1;0;3;1;17;
Sergey Karasev;SG;32;4;8;0;3;4;4;2;3;5;3;1;0;0;2;12;
Cory Jefferson;;7;1;2;0;1;1;2;1;1;2;0;0;0;0;1;3;
Brandon Davies;;2;1;3;0;0;0;0;1;0;1;0;0;0;0;1;2;
Mirza Teletovic;;16;1;7;1;4;0;0;0;3;3;0;0;0;1;4;3;
Brook Lopez;;8;3;5;0;0;0;0;1;3;4;0;0;0;0;0;6;
Darius Morris;;11;2;4;0;1;0;0;0;0;0;2;1;0;0;1;4;
Bojan Bogdanovic;;13;2;7;1;4;0;0;0;0;0;0;0;0;0;1;5;
Alan Anderson;;26;1;4;0;3;0;0;2;3;5;2;1;0;1;2;2;
