12-05;SA-MEM;107-101;
25-14;33-32;20-22;29-33;
SA
Tim Duncan;PF;36;6;12;0;0;2;3;4;6;10;10;0;2;2;2;14;
Kawhi Leonard;SF;31;3;10;1;2;2;2;1;5;6;3;1;1;1;3;9;
Matt Bonner;C;21;3;7;3;6;0;0;1;2;3;0;1;0;1;1;9;
Tony Parker;PG;23;6;11;0;1;2;2;0;1;1;2;0;1;2;1;14;
Danny Green;SG;26;6;10;3;5;1;1;0;3;3;1;0;1;3;4;16;
Marco Belinelli;;16;2;9;2;5;0;0;2;1;3;0;0;0;0;2;6;
Aron Baynes;;12;2;4;0;0;0;0;2;3;5;0;0;2;0;1;4;
Boris Diaw;;24;2;3;0;0;2;2;0;4;4;2;0;0;1;2;6;
Cory Joseph;;23;5;8;0;1;2;2;1;2;3;0;1;0;1;3;12;
Manu Ginobili;;28;5;10;5;5;2;4;1;5;6;7;2;1;3;3;17;
MEM
Zach Randolph;PF;30;4;11;0;0;2;2;2;6;8;0;1;0;3;3;10;
Tony Allen;SF;17;2;4;0;1;0;0;1;2;3;0;2;1;1;4;4;
Marc Gasol;C;40;9;20;0;0;10;11;1;11;12;2;0;4;1;1;28;
Mike Conley;PG;38;7;15;1;3;8;9;0;1;1;10;1;0;0;1;23;
Courtney Lee;SG;38;4;9;0;1;0;0;0;3;3;1;0;0;2;6;8;
Tayshaun Prince;;33;8;11;4;4;0;0;2;3;5;2;0;1;0;1;20;
Kosta Koufos;;8;1;2;0;0;0;2;1;3;4;0;0;0;2;1;2;
Beno Udrih;;19;2;3;0;0;2;2;0;1;1;3;0;0;0;0;6;
Vince Carter;;16;0;5;0;3;0;0;0;0;0;1;0;1;1;2;0;
Quincy Pondexter;;1;0;0;0;0;0;0;0;0;0;0;0;0;0;0;0;
