03-15;NY-PHX;89-102;
29-23;19-24;18-28;23-27;
NY
Lou Amundson;PF;17;1;3;0;0;0;0;1;3;4;2;1;0;1;4;2;
Lance Thomas;SF;29;4;8;0;0;6;10;1;3;4;1;2;0;0;0;14;
Andrea Bargnani;C;37;7;16;0;3;4;5;0;1;1;3;0;0;3;2;18;
Alexey Shved;PG;32;6;15;2;6;4;8;1;3;4;3;2;0;2;1;18;
Langston Galloway;PG;26;2;7;1;3;2;2;0;2;2;4;0;0;2;5;7;
Jason Smith;;21;2;3;1;1;2;2;1;2;3;3;1;1;2;3;7;
Cleanthony Early;;6;0;0;0;0;0;0;0;0;0;0;0;0;1;2;0;
Travis Wear;;22;3;7;1;1;0;0;0;3;3;0;0;0;0;0;7;
Cole Aldrich;;22;2;8;0;0;0;0;1;9;10;3;1;1;0;2;4;
Shane Larkin;;25;4;5;0;0;0;1;1;3;4;3;2;0;2;3;8;
Tim Hardaway Jr.;;2;1;1;0;0;2;2;0;0;0;0;1;0;0;0;4;
PHX
Markieff Morris;PF;26;5;11;1;1;3;4;0;5;5;2;3;0;2;5;14;
Marcus Morris;PF;39;9;14;2;3;0;4;1;3;4;2;0;0;2;2;20;
Brandan Wright;PF;37;7;8;0;0;4;5;3;8;11;1;1;0;0;1;18;
P.J. Tucker;SF;40;2;9;1;4;0;0;2;7;9;2;0;0;0;3;5;
Eric Bledsoe;PG;37;8;15;1;3;4;6;0;9;9;11;2;0;3;2;21;
Earl Barron;;9;3;5;0;1;0;0;3;1;4;0;0;0;2;3;6;
T.J. Warren;;16;2;3;0;0;2;2;3;0;3;0;0;1;1;0;6;
Gerald Green;;6;2;6;1;4;0;0;0;0;0;0;0;0;0;1;5;
Seth Curry;;7;0;2;0;0;0;0;0;2;2;1;0;0;0;2;0;
Archie Goodwin;;23;3;10;0;2;1;2;1;3;4;5;3;0;2;3;7;
