12-15;MIL-PHX;96-94;
14-26;30-27;23-19;29-22;
MIL
Giannis Antetokounmpo;SF;24;2;7;0;0;2;3;1;7;8;0;0;0;2;4;6;
Jabari Parker;SF;15;3;7;0;0;2;2;1;2;3;1;1;0;0;3;8;
Larry Sanders;C;13;0;2;0;0;0;0;0;1;1;0;1;0;0;4;0;
Brandon Knight;PG;39;7;18;0;3;6;6;0;7;7;4;1;0;7;2;20;
O.J. Mayo;SG;25;3;4;2;3;4;4;1;3;4;0;0;0;6;3;12;
Jared Dudley;;31;3;7;3;5;1;2;1;1;2;5;2;0;1;1;10;
Zaza Pachulia;;29;6;9;0;0;1;3;1;2;3;5;2;0;1;1;13;
Jerryd Bayless;;26;4;8;1;1;2;2;0;4;4;4;2;1;1;4;11;
Kendall Marshall;;9;1;2;0;1;0;0;0;0;0;1;0;0;2;1;2;
Khris Middleton;;29;6;9;2;3;0;0;0;1;1;3;1;0;1;4;14;
PHX
Markieff Morris;PF;37;9;13;2;3;5;5;1;6;7;3;0;0;6;2;25;
P.J. Tucker;SF;36;2;6;2;4;0;0;3;2;5;4;3;0;1;1;6;
Alex Len;C;19;2;7;0;0;2;3;4;2;6;0;1;3;1;6;6;
Eric Bledsoe;PG;36;4;9;0;2;3;4;1;5;6;4;3;0;5;3;11;
Gerald Green;SG;40;3;18;2;15;4;4;4;4;8;3;3;1;2;1;12;
Marcus Morris;;14;2;6;1;4;0;0;2;4;6;0;1;0;2;2;5;
Anthony Tolliver;;10;1;3;1;3;0;0;0;0;0;1;0;0;0;3;3;
T.J. Warren;;4;0;0;0;0;2;2;0;0;0;0;0;1;0;2;2;
Miles Plumlee;;19;1;1;0;0;2;4;1;2;3;0;0;0;0;1;4;
Isaiah Thomas;;26;6;12;4;7;4;5;0;1;1;2;1;0;3;3;20;
