11-11;OKC-MIL;78-85;
22-15;16-26;26-28;14-16;
OKC
Serge Ibaka;PF;35;4;13;2;5;4;4;1;6;7;2;0;1;3;4;14;
Lance Thomas;SF;27;2;10;0;0;1;2;2;1;3;0;1;0;2;1;5;
Steven Adams;C;25;0;4;0;0;2;4;4;6;10;0;0;1;1;2;2;
Reggie Jackson;PG;43;12;21;2;6;3;3;0;4;4;4;2;1;3;3;29;
Jeremy Lamb;SG;34;2;13;0;2;2;2;2;6;8;3;2;0;3;3;6;
Nick Collison;;15;0;3;0;1;0;0;0;0;0;3;0;0;0;2;0;
Kendrick Perkins;;21;3;4;0;0;1;2;2;7;9;2;0;2;1;2;7;
Sebastian Telfair;;16;1;6;0;2;0;0;0;1;1;1;0;0;0;1;2;
Ish Smith;;9;1;6;1;3;0;0;2;2;4;0;1;0;1;1;3;
Anthony Morrow;;14;4;7;1;1;1;2;0;0;0;0;0;0;1;3;10;
MIL
Ersan Ilyasova;PF;23;0;2;0;1;2;2;1;4;5;1;1;0;1;4;2;
Jared Dudley;SF;19;2;6;0;1;0;0;1;1;2;2;0;0;0;0;4;
Jabari Parker;SF;21;3;7;0;0;0;1;2;2;4;3;0;0;1;1;6;
Larry Sanders;C;22;2;6;0;0;0;2;3;3;6;1;0;1;3;5;4;
Brandon Knight;PG;34;6;15;1;5;3;4;0;4;4;4;1;0;6;2;16;
Giannis Antetokounmpo;;26;6;13;0;0;2;4;2;7;9;1;0;2;1;2;14;
Zaza Pachulia;;22;3;7;0;0;2;2;4;6;10;4;2;1;2;4;8;
John Henson;;5;0;0;0;0;0;0;0;1;1;0;0;2;0;1;0;
Nate Wolters;;18;3;7;0;1;0;0;0;2;2;1;0;0;1;0;6;
Jerryd Bayless;;21;2;3;0;0;2;2;0;4;4;0;1;0;1;1;6;
O.J. Mayo;;29;6;15;2;7;5;7;1;3;4;1;0;0;0;2;19;
