03-11;SAC-CHA;113-106;
24-21;27-25;27-32;35-28;
SAC
Carl Landry;PF;19;3;4;0;0;4;4;2;1;3;1;0;0;0;1;10;
Rudy Gay;SF;39;9;17;2;3;6;8;0;3;3;1;0;1;2;3;26;
DeMarcus Cousins;C;34;8;17;0;2;4;5;0;14;14;1;2;0;4;4;20;
Ray McCallum;PG;25;1;7;0;2;4;5;0;4;4;9;0;0;0;1;6;
Ben McLemore;SG;41;10;16;3;4;4;4;0;2;2;2;1;0;1;3;27;
Derrick Williams;;23;1;5;1;5;0;0;0;1;1;1;1;0;1;2;3;
Jason Thompson;;14;3;4;0;0;1;2;3;4;7;1;0;1;0;3;7;
Omri Casspi;;19;2;6;1;1;2;2;1;6;7;2;0;1;0;2;7;
Andre Miller;;26;3;9;1;3;0;0;1;1;2;7;0;0;4;2;7;
CHA
Marvin Williams;PF;32;4;12;3;8;2;2;1;6;7;1;0;3;1;4;13;
Michael Kidd-Gilchrist;SF;32;9;12;0;0;5;8;1;8;9;2;1;2;1;5;23;
Al Jefferson;C;24;4;9;0;0;1;2;1;5;6;1;1;2;2;1;9;
Mo Williams;PG;38;8;20;1;3;3;3;0;2;2;8;0;1;2;2;20;
Gerald Henderson;SG;34;7;16;0;2;3;4;1;5;6;11;0;0;1;1;17;
Jason Maxiell;;14;0;2;0;0;0;2;3;1;4;0;0;0;1;2;0;
Bismack Biyombo;;23;3;3;0;0;1;2;3;3;6;0;2;3;0;4;7;
Kemba Walker;;16;2;9;2;4;0;2;0;1;1;2;0;1;1;2;6;
Lance Stephenson;;25;5;10;0;1;1;1;0;3;3;3;1;0;2;3;11;
