12-28;OKC-DAL;107-112;
26-33;32-31;30-17;19-31;
OKC
Serge Ibaka;PF;37;11;14;3;4;1;2;4;6;10;0;0;0;2;3;26;
Perry Jones;SF;27;5;11;0;2;0;0;0;2;2;0;0;0;0;1;10;
Steven Adams;C;25;4;8;0;0;3;5;2;4;6;2;0;1;0;4;11;
Russell Westbrook;PG;36;6;23;0;1;6;9;3;6;9;9;5;0;5;5;18;
Andre Roberson;SG;20;0;0;0;0;1;2;0;4;4;1;0;1;1;2;1;
Nick Collison;;11;1;2;0;1;0;2;2;3;5;2;0;0;1;1;2;
Lance Thomas;;1;0;0;0;0;0;0;0;1;1;0;0;0;0;0;0;
Kendrick Perkins;;13;1;4;0;0;1;1;2;4;6;2;0;0;2;3;3;
Ish Smith;;12;3;5;0;1;0;0;0;3;3;2;0;0;1;3;6;
Reggie Jackson;;35;10;17;1;3;0;0;0;4;4;3;2;0;6;1;21;
Anthony Morrow;;22;4;6;1;2;0;0;1;2;3;0;1;0;0;2;9;
DAL
Dirk Nowitzki;PF;29;8;13;2;3;12;12;0;5;5;2;1;2;1;5;30;
Chandler Parsons;SF;35;10;16;5;9;1;1;1;4;5;3;2;0;0;2;26;
Rajon Rondo;PG;34;7;17;0;1;1;4;2;4;6;7;2;0;2;1;15;
J.J. Barea;PG;23;3;5;1;2;2;2;1;3;4;2;1;0;2;3;9;
Monta Ellis;SG;33;6;20;1;6;5;5;1;3;4;5;0;0;3;2;18;
Greg Smith;;25;1;1;0;0;2;2;2;6;8;0;1;2;3;0;4;
Charlie Villanueva;;15;3;11;1;7;0;0;0;3;3;0;0;2;0;1;7;
Richard Jefferson;;22;1;1;0;0;0;0;0;2;2;1;0;0;0;1;2;
Raymond Felton;;1;0;0;0;0;0;0;0;0;0;0;0;0;0;0;0;
Devin Harris;;24;0;4;0;3;1;2;0;0;0;6;1;0;1;1;1;
