01-05;CLE-PHI;92-95;
20-19;30-18;18-23;24-35;
CLE
Kevin Love;PF;37;8;18;1;6;11;13;4;15;19;2;2;0;3;1;28;
Tristan Thompson;C;41;8;17;0;0;2;5;6;3;9;2;2;0;3;3;18;
Mike Miller;SG;24;2;7;2;4;0;0;0;4;4;2;1;0;0;0;6;
Matthew Dellavedova;SG;39;1;7;1;2;0;2;1;1;2;8;1;0;2;2;3;
Joe Harris;SG;32;6;12;4;8;0;0;0;1;1;4;1;0;1;4;16;
James Jones;;27;3;7;3;6;0;0;0;2;2;1;0;0;1;2;9;
Brendan Haywood;;4;0;0;0;0;0;0;0;0;0;0;0;0;0;0;0;
A.J. Price;;14;3;10;0;3;0;0;1;1;2;3;0;0;1;0;6;
Shawn Marion;;22;2;7;0;1;2;2;1;3;4;1;1;1;0;1;6;
PHI
Robert Covington;SF;39;4;9;4;7;4;5;1;5;6;1;1;0;0;3;16;
Henry Sims;C;24;6;9;0;0;0;0;0;7;7;2;0;0;4;3;12;
Nerlens Noel;C;26;2;9;0;0;2;2;1;5;6;0;0;2;2;2;6;
Michael Carter-Williams;PG;42;8;19;1;6;1;1;2;4;6;13;2;1;1;3;18;
K.J. McDaniels;SG;32;5;8;2;3;0;0;0;3;3;4;0;2;3;5;12;
Malcolm Thomas;;11;1;3;0;1;0;0;1;1;2;0;1;0;0;0;2;
Furkan Aldemir;;19;0;0;0;0;0;0;2;8;10;1;0;1;0;3;0;
Jerami Grant;;19;3;3;0;0;1;1;0;1;1;2;1;2;2;3;7;
JaKarr Sampson;;2;1;1;0;0;0;0;0;1;1;0;0;0;0;1;2;
Tony Wroten;;28;8;18;0;6;4;6;1;0;1;8;0;0;5;1;20;
