03-17;CHA-LAC;92-99;
20-28;21-31;33-18;18-22;
CHA
Marvin Williams;PF;30;4;10;1;3;1;2;1;10;11;1;1;0;1;4;10;
Michael Kidd-Gilchrist;SF;37;3;9;0;0;4;4;4;3;7;1;0;1;1;4;10;
Al Jefferson;C;34;9;19;0;0;3;5;1;5;6;2;0;1;1;3;21;
Mo Williams;PG;35;8;15;2;5;0;0;0;4;4;8;1;0;1;4;18;
Gerald Henderson;SG;37;5;13;0;1;6;8;0;1;1;4;2;0;3;3;16;
Jason Maxiell;;18;0;1;0;0;0;0;1;0;1;1;0;0;2;0;0;
Bismack Biyombo;;14;0;1;0;0;2;2;2;6;8;0;0;2;0;1;2;
Kemba Walker;;24;3;8;2;4;7;8;0;3;3;2;1;0;3;4;15;
Lance Stephenson;;10;0;3;0;1;0;0;0;2;2;1;1;0;1;0;0;
LAC
Blake Griffin;PF;36;8;12;0;0;3;3;1;10;11;4;3;0;2;1;19;
Hedo Turkoglu;SF;21;2;6;2;5;0;0;0;2;2;1;0;1;2;3;6;
DeAndre Jordan;C;34;3;6;0;0;6;12;4;10;14;3;1;1;1;4;12;
Chris Paul;PG;35;6;16;4;7;5;6;0;3;3;8;2;0;2;2;21;
J.J. Redick;SG;39;10;17;0;4;3;3;1;2;3;3;0;0;1;2;23;
Glen Davis;;14;1;1;0;0;0;0;0;2;2;3;1;2;1;4;2;
Spencer Hawes;;11;1;3;1;2;0;0;0;5;5;0;0;0;0;4;3;
Nate Robinson;;21;4;10;2;5;2;2;0;1;1;2;0;0;1;2;12;
Austin Rivers;;18;0;5;0;1;0;0;1;0;1;0;0;0;2;2;0;
Dahntay Jones;;8;0;1;0;0;1;2;0;2;2;0;0;0;0;2;1;
