12-21;PHX-WSH;104-92;
22-23;28-27;29-21;25-21;
PHX
Markieff Morris;PF;36;7;14;1;3;2;2;0;2;2;1;0;0;2;2;17;
P.J. Tucker;SF;19;2;3;0;1;2;2;1;4;5;0;0;0;2;2;6;
Alex Len;C;24;3;3;0;0;2;6;4;4;8;1;0;4;2;5;8;
Eric Bledsoe;PG;29;6;15;0;3;5;6;2;7;9;3;1;1;2;3;17;
Goran Dragic;SG;31;6;11;2;5;2;2;1;5;6;4;1;0;3;2;16;
Marcus Morris;;29;5;9;1;2;0;2;0;0;0;1;0;0;1;2;11;
Shavlik Randolph;;10;0;2;0;0;2;2;0;2;2;0;0;1;0;1;2;
Miles Plumlee;;21;2;2;0;0;0;0;2;4;6;0;1;2;1;2;4;
Isaiah Thomas;;24;4;12;0;0;2;2;1;2;3;3;0;0;1;1;10;
Gerald Green;;18;5;7;2;3;1;1;1;3;4;0;0;0;3;4;13;
WSH
Kris Humphries;PF;20;2;4;0;0;0;0;0;2;2;0;0;0;0;3;4;
Paul Pierce;SF;27;4;13;1;5;3;4;1;2;3;0;1;0;2;3;12;
Marcin Gortat;C;20;3;4;0;0;3;4;1;6;7;0;0;2;1;2;9;
John Wall;PG;38;5;15;0;2;4;5;2;3;5;8;3;0;3;4;14;
Bradley Beal;SG;27;4;11;1;2;5;7;1;6;7;0;3;0;3;5;14;
Drew Gooden;;1;0;0;0;0;0;0;0;1;1;0;0;0;0;0;0;
Nene Hilario;;22;1;8;0;0;0;0;1;4;5;2;1;0;1;1;2;
Otto Porter Jr.;;15;2;4;0;1;0;0;1;0;1;0;1;0;0;0;4;
Rasual Butler;;32;6;11;1;4;4;5;3;3;6;1;1;0;0;2;17;
Kevin Seraphin;;28;7;12;0;0;2;4;5;0;5;0;0;2;0;3;16;
Andre Miller;;9;0;1;0;0;0;0;0;0;0;0;0;0;1;0;0;
Garrett Temple;;2;0;0;0;0;0;0;0;0;0;0;1;0;0;0;0;
