11-04;PHX-LAL;112-106;
26-24;32-22;21-29;33-31;
PHX
Markieff Morris;PF;31;9;18;1;3;4;4;3;7;10;5;1;0;3;4;23;
Marcus Morris;PF;34;4;10;1;3;3;4;0;6;6;4;0;0;3;5;12;
Miles Plumlee;C;21;1;4;0;0;0;0;3;4;7;0;2;2;0;2;2;
Eric Bledsoe;PG;21;2;4;0;0;2;3;0;0;0;1;0;1;1;3;6;
Goran Dragic;SG;29;5;12;0;1;6;7;3;4;7;4;0;0;2;2;16;
Anthony Tolliver;;9;0;3;0;1;0;0;0;2;2;1;0;1;0;0;0;
P.J. Tucker;;20;1;5;1;3;0;0;1;4;5;2;0;0;1;2;3;
Alex Len;;20;0;0;0;0;2;2;2;7;9;1;0;3;2;3;2;
Isaiah Thomas;;31;8;16;1;3;5;8;0;3;3;9;3;0;0;3;22;
Gerald Green;;23;11;19;2;4;2;3;1;2;3;1;0;0;1;5;26;
LAL
Carlos Boozer;PF;29;6;13;0;0;1;2;1;5;6;4;0;0;1;4;13;
Wesley Johnson;SF;34;1;4;0;1;2;2;1;3;4;2;1;1;1;3;4;
Jordan Hill;C;34;4;10;0;0;7;9;9;6;15;2;1;3;2;3;15;
Jeremy Lin;PG;27;4;8;1;2;9;10;0;1;1;3;0;0;2;5;18;
Kobe Bryant;SG;44;14;37;3;7;8;12;3;6;9;1;1;1;3;0;39;
Ryan Kelly;;7;1;2;0;0;0;0;0;0;0;0;0;0;0;1;2;
Ed Davis;;18;1;3;0;0;2;4;4;5;9;0;2;3;2;4;4;
Jordan Clarkson;;4;0;0;0;0;0;0;0;0;0;0;0;0;0;0;0;
Ronnie Price;;21;1;4;1;4;0;0;0;1;1;3;1;0;0;4;3;
Wayne Ellington;;21;3;7;1;2;1;2;0;4;4;1;1;0;1;1;8;
