12-17;MIL-POR;97-104;
25-18;16-25;29-25;27-36;
MIL
Jared Dudley;SF;27;1;5;0;2;1;2;1;1;2;5;1;0;1;4;3;
Giannis Antetokounmpo;SF;18;4;7;0;0;2;2;0;6;6;0;1;0;0;1;10;
Larry Sanders;C;21;4;4;0;0;1;3;1;3;4;0;1;0;1;4;9;
Brandon Knight;PG;33;10;19;2;6;2;2;0;3;3;2;0;0;4;1;24;
O.J. Mayo;SG;36;4;12;0;2;4;6;0;1;1;2;2;0;3;5;12;
Johnny O'Bryant III;;5;1;1;0;0;0;0;0;0;0;0;0;0;0;1;2;
Zaza Pachulia;;26;1;3;0;0;3;4;3;5;8;3;0;0;1;1;5;
Jerryd Bayless;;22;5;8;0;1;0;0;0;2;2;3;0;0;2;1;10;
Kendall Marshall;;17;2;6;1;2;0;0;0;3;3;1;0;0;1;2;5;
Nate Wolters;;2;0;0;0;0;0;0;0;0;0;0;0;0;0;0;0;
Khris Middleton;;33;5;12;4;6;3;3;0;3;3;0;3;0;0;5;17;
POR
LaMarcus Aldridge;PF;35;10;19;0;1;3;4;6;9;15;2;0;1;2;3;23;
Thomas Robinson;PF;29;5;8;0;0;5;15;4;12;16;1;1;1;4;2;15;
Nicolas Batum;SF;36;3;11;1;6;1;1;2;4;6;6;1;0;2;1;8;
Damian Lillard;PG;37;10;18;4;7;5;6;0;3;3;7;2;0;4;3;29;
Wesley Matthews;SG;32;5;8;1;4;0;0;0;3;3;1;0;0;1;2;11;
Allen Crabbe;;8;0;0;0;0;0;0;0;0;0;1;0;0;0;1;0;
Joel Freeland;;13;3;4;0;0;0;1;3;3;6;0;0;0;1;3;6;
Chris Kaman;;18;3;12;0;0;0;0;1;2;3;0;0;0;0;2;6;
Steve Blake;;19;1;5;1;4;0;0;0;0;0;4;0;1;0;1;3;
C.J. McCollum;;14;1;2;0;1;1;2;0;0;0;3;0;0;0;1;3;
