12-26;CLE-ORL;98-89;
27-32;22-21;22-22;27-14;
CLE
Kevin Love;PF;33;7;17;3;8;5;5;1;6;7;2;0;0;2;1;22;
LeBron James;SF;37;10;20;0;5;9;11;0;5;5;8;2;2;4;1;29;
Tristan Thompson;C;40;3;8;0;0;3;3;6;7;13;0;1;1;0;3;9;
Mike Miller;SG;38;3;8;3;8;0;0;0;5;5;5;2;0;0;4;9;
Matthew Dellavedova;SG;36;2;7;2;7;2;2;0;1;1;3;1;0;3;3;8;
A.J. Price;;6;0;0;0;0;0;0;0;0;0;0;0;0;0;0;0;
Joe Harris;;0;0;0;0;0;0;0;0;0;0;0;0;0;0;0;0;
Shawn Marion;;15;2;6;0;1;0;0;1;2;3;0;1;1;0;0;4;
Dion Waiters;;33;6;14;0;1;5;5;0;3;3;1;3;1;0;2;17;
ORL
Kyle O'Quinn;PF;16;0;3;0;1;0;0;0;0;0;1;0;1;0;4;0;
Tobias Harris;SF;38;7;16;2;6;0;0;0;4;4;1;1;1;4;2;16;
Nikola Vucevic;C;35;6;10;0;0;0;0;0;8;8;7;0;0;1;3;12;
Elfrid Payton;PG;25;3;5;0;0;0;0;0;5;5;3;2;0;5;2;6;
Victor Oladipo;SG;37;5;14;0;1;3;4;1;3;4;8;3;0;5;6;13;
Channing Frye;;17;3;6;3;6;0;0;0;3;3;1;0;0;0;1;9;
Dewayne Dedmon;;19;3;3;0;0;2;4;3;3;6;0;0;1;0;3;8;
Evan Fournier;;34;5;10;2;3;3;3;1;3;4;2;2;1;1;3;15;
Ben Gordon;;19;4;6;2;4;0;1;0;2;2;2;0;0;0;1;10;
