03-28;ATL-CHA;100-115;
23-27;29-30;24-33;24-25;
ATL
Elton Brand;PF;28;4;8;0;0;1;2;1;5;6;1;0;2;1;2;9;
Mike Muscala;PF;34;7;13;2;2;2;2;3;7;10;4;1;2;2;0;18;
Dennis Schroder;PG;25;5;12;3;3;4;4;2;2;4;11;0;0;2;2;17;
John Jenkins;SG;34;6;12;3;6;1;2;0;1;1;3;2;0;0;2;16;
Kent Bazemore;SG;33;7;14;3;7;3;4;0;5;5;2;1;0;2;3;20;
Pero Antic;;21;1;3;1;2;0;0;0;2;2;0;2;0;0;2;3;
Thabo Sefolosha;;23;1;7;1;3;0;0;1;4;5;2;0;0;2;2;3;
Austin Daye;;16;4;7;1;3;0;0;0;2;2;1;0;0;0;4;9;
Shelvin Mack;;26;2;10;1;4;0;0;0;1;1;8;0;0;1;0;5;
CHA
Marvin Williams;PF;36;6;14;3;9;2;2;1;4;5;3;2;0;0;0;17;
Jeff Taylor;SF;27;3;6;0;3;3;4;0;2;2;2;0;0;0;1;9;
Al Jefferson;C;17;1;5;0;0;0;0;2;4;6;2;0;2;0;0;2;
Kemba Walker;PG;34;7;19;1;4;6;7;1;4;5;6;0;0;1;2;21;
Gerald Henderson;SG;30;9;10;2;2;0;0;0;5;5;4;0;0;1;2;20;
Jason Maxiell;;12;1;2;0;0;0;0;1;2;3;4;0;1;1;3;2;
Bismack Biyombo;;31;3;6;0;0;3;3;2;9;11;1;0;3;1;2;9;
Mo Williams;;22;6;9;4;5;2;2;0;1;1;4;0;0;4;3;18;
Brian Roberts;;4;0;0;0;0;0;0;0;0;0;1;0;0;0;2;0;
P.J. Hairston;;20;4;4;2;2;2;2;0;2;2;0;2;0;0;0;12;
Lance Stephenson;;8;2;5;0;1;1;2;0;2;2;1;0;0;0;1;5;
