12-17;UTAH-MIA;105-87;
33-16;22-25;22-18;28-28;
UTAH
Derrick Favors;PF;33;3;8;0;0;5;7;2;4;6;1;1;1;2;2;11;
Gordon Hayward;SF;38;9;13;4;5;7;7;0;6;6;7;0;1;3;3;29;
Enes Kanter;C;31;7;12;1;2;3;4;2;4;6;1;1;0;3;4;18;
Trey Burke;PG;29;3;10;3;8;0;0;0;1;1;2;1;0;1;1;9;
Alec Burks;PG;30;3;7;2;3;4;4;0;2;2;4;0;0;2;4;12;
Trevor Booker;;12;2;4;0;0;0;0;0;4;4;0;0;0;1;2;4;
Joe Ingles;;14;0;2;0;2;0;0;0;2;2;3;0;1;1;0;0;
Rudy Gobert;;19;2;2;0;0;2;2;2;7;9;1;1;2;1;2;6;
Rodney Hood;;8;2;3;2;2;0;0;0;0;0;1;0;0;1;5;6;
Dante Exum;;24;4;5;2;3;0;0;0;2;2;3;0;0;3;3;10;
MIA
Chris Andersen;PF;26;3;6;0;0;0;0;2;7;9;0;1;0;1;2;6;
Luol Deng;SF;31;3;6;0;1;2;2;1;3;4;2;1;0;1;3;8;
Justin Hamilton;C;12;1;3;0;1;0;0;0;1;1;0;1;0;0;2;2;
Norris Cole;PG;17;0;4;0;1;1;2;0;0;0;2;0;0;0;1;1;
Dwyane Wade;SG;34;12;19;2;3;16;21;1;3;4;3;0;0;6;5;42;
Udonis Haslem;;22;1;4;0;0;1;3;1;1;2;0;1;0;0;3;3;
James Ennis;;22;2;4;0;0;5;5;1;1;2;0;1;0;0;2;9;
Shawne Williams;;29;2;7;1;4;0;0;1;3;4;1;1;0;1;4;5;
Shabazz Napier;;14;0;4;0;2;0;2;1;3;4;2;2;0;1;0;0;
Mario Chalmers;;32;3;13;1;5;4;5;0;1;1;0;2;0;1;2;11;
