01-28;DET-PHI;69-89;
16-28;21-20;18-20;14-21;
DET
Greg Monroe;PF;33;8;15;0;0;4;5;5;6;11;1;1;0;1;0;20;
Kyle Singler;SF;19;0;2;0;2;0;0;0;1;1;2;1;0;2;1;0;
Andre Drummond;C;19;3;7;0;0;0;0;4;3;7;0;1;1;3;4;6;
D.J. Augustin;PG;34;0;7;0;4;2;2;0;1;1;4;2;0;3;0;2;
Kentavious Caldwell-Pope;SG;23;2;9;0;2;0;0;0;2;2;1;0;0;3;2;4;
Anthony Tolliver;;19;0;3;0;3;0;0;2;2;4;2;1;0;1;1;0;
Jonas Jerebko;;19;4;6;1;1;1;1;1;2;3;0;1;2;1;2;10;
Caron Butler;;20;1;4;0;2;0;0;2;5;7;0;2;0;1;2;2;
Joel Anthony;;6;0;0;0;0;0;0;0;0;0;0;0;1;0;1;0;
Spencer Dinwiddie;;14;1;6;0;2;4;4;0;1;1;2;1;1;1;2;6;
Jodie Meeks;;34;4;16;1;4;10;11;0;1;1;3;2;0;1;1;19;
PHI
Luc Richard Mbah a Moute;PF;31;6;14;0;1;0;0;2;4;6;4;2;0;2;0;12;
Robert Covington;SF;25;7;11;4;5;1;1;3;2;5;3;1;0;1;5;19;
Nerlens Noel;C;29;2;5;0;0;1;2;2;2;4;5;4;2;1;1;5;
Michael Carter-Williams;PG;35;5;10;1;2;3;5;0;9;9;10;0;2;5;1;14;
JaKarr Sampson;SG;24;5;6;2;2;1;2;0;8;8;0;2;0;2;2;13;
Jerami Grant;;21;2;6;0;1;0;0;3;1;4;2;1;2;3;1;4;
Henry Sims;;18;5;7;0;0;0;0;2;4;6;1;0;2;4;3;10;
K.J. McDaniels;;24;4;7;0;1;2;2;0;4;4;0;1;1;1;2;10;
Hollis Thompson;;20;1;9;0;6;0;0;1;0;1;1;0;1;0;2;2;
Larry Drew II;;13;0;3;0;3;0;0;0;1;1;1;0;0;0;2;0;
