03-06;LAL-MEM;90-97;
16-24;30-19;25-24;19-30;
LAL
Carlos Boozer;PF;28;3;8;0;0;1;2;0;9;9;3;2;0;0;3;7;
Ryan Kelly;PF;17;0;5;0;2;0;0;0;1;1;1;0;1;1;1;0;
Robert Sacre;C;15;0;3;0;0;0;0;1;1;2;2;0;1;0;2;0;
Jordan Clarkson;PG;36;12;18;1;3;0;0;0;4;4;6;0;0;2;2;25;
Wayne Ellington;SG;34;6;13;2;2;0;0;0;3;3;4;1;0;1;2;14;
Tarik Black;;9;1;1;0;0;1;1;1;2;3;0;0;2;0;0;3;
Ed Davis;;20;5;5;0;0;0;0;1;4;5;1;0;2;1;4;10;
Wesley Johnson;;30;5;11;2;4;2;2;0;5;5;1;1;0;1;6;14;
Jordan Hill;;24;6;15;0;0;1;2;2;6;8;1;0;0;3;4;13;
Jeremy Lin;;27;1;5;0;1;2;2;0;4;4;3;2;3;0;2;4;
MEM
Zach Randolph;PF;37;10;16;0;1;4;4;3;10;13;3;1;0;3;3;24;
Jeff Green;SF;32;3;12;0;2;10;10;1;4;5;1;1;0;1;2;16;
Marc Gasol;C;36;5;11;0;0;8;9;1;5;6;2;1;0;1;2;18;
Mike Conley;PG;34;4;9;1;3;3;6;0;4;4;6;1;1;2;2;12;
Courtney Lee;SG;27;1;6;0;2;0;0;0;1;1;4;0;0;0;0;2;
Tony Allen;;29;7;8;0;0;1;2;2;3;5;1;0;0;1;2;15;
Kosta Koufos;;17;1;5;0;0;0;0;0;5;5;1;0;0;0;0;2;
Beno Udrih;;9;0;2;0;0;0;0;0;0;0;0;0;0;0;0;0;
Vince Carter;;6;0;3;0;3;0;0;0;2;2;0;0;0;0;0;0;
Nick Calathes;;13;3;5;0;0;2;2;0;1;1;0;3;0;0;1;8;
