04-08;MIN-POR;91-116;
19-29;17-26;26-29;29-32;
MIN
Adreian Payne;PF;28;3;7;0;0;0;0;1;2;3;1;1;1;2;5;6;
Andrew Wiggins;SF;41;9;22;0;1;11;15;0;5;5;4;0;0;0;2;29;
Justin Hamilton;C;27;3;9;0;0;0;0;6;3;9;0;1;0;0;3;6;
Zach LaVine;PG;38;6;12;0;1;6;7;1;4;5;6;2;0;4;2;18;
Kevin Martin;SG;34;5;15;1;3;6;6;1;2;3;2;1;0;2;1;17;
Chase Budinger;;30;5;12;2;4;0;0;0;1;1;0;5;0;3;1;12;
Robbie Hummel;;14;1;5;0;1;1;1;0;3;3;0;1;0;0;1;3;
Arinze Onuaku;;10;0;1;0;0;0;0;0;2;2;0;0;0;0;0;0;
Lorenzo Brown;;18;0;2;0;1;0;0;1;3;4;3;1;1;0;2;0;
POR
LaMarcus Aldridge;PF;29;10;16;1;4;3;4;2;11;13;1;0;0;0;1;24;
Nicolas Batum;SF;29;4;7;3;4;0;0;1;5;6;5;3;0;4;3;11;
Robin Lopez;C;25;7;8;0;0;4;4;3;3;6;2;0;0;3;3;18;
Damian Lillard;PG;29;4;13;3;8;6;6;0;2;2;6;0;1;1;2;17;
Arron Afflalo;SG;29;1;7;0;4;2;2;0;3;3;1;0;0;0;3;4;
Allen Crabbe;;7;2;3;2;3;0;0;0;1;1;1;0;0;0;2;6;
Alonzo Gee;;5;1;2;1;1;3;4;1;0;1;1;1;0;1;2;6;
Meyers Leonard;;19;2;5;1;1;1;1;2;8;10;2;0;0;1;1;6;
Joel Freeland;;7;1;2;0;0;0;0;0;1;1;0;0;0;0;0;2;
Chris Kaman;;16;3;4;0;0;0;0;3;4;7;1;1;1;2;2;6;
Tim Frazier;;5;1;2;0;1;1;2;0;0;0;0;0;0;0;1;3;
Steve Blake;;14;0;4;0;2;0;0;0;0;0;4;1;0;1;1;0;
C.J. McCollum;;25;6;12;1;5;0;0;0;3;3;1;2;0;2;2;13;
