01-07;NO-CHA;94-98;
27-20;21-21;22-26;24-31;
NO
Anthony Davis;PF;42;15;24;0;0;2;2;2;10;12;1;0;4;1;3;32;
Omer Asik;C;21;1;3;0;0;4;6;3;4;7;0;0;0;0;3;6;
Jrue Holiday;PG;38;6;13;2;4;2;4;2;4;6;9;2;2;3;4;16;
Eric Gordon;SG;39;5;13;3;7;1;2;0;2;2;4;1;2;2;3;14;
Tyreke Evans;SG;35;4;11;0;3;2;4;1;6;7;3;1;0;5;2;10;
Dante Cunningham;;21;1;3;0;0;0;0;0;3;3;0;0;0;0;2;2;
Ryan Anderson;;29;2;8;0;2;2;2;0;3;3;0;1;0;0;2;6;
Alexis Ajinca;;4;1;1;0;0;1;2;0;1;1;0;0;0;0;0;3;
Jimmer Fredette;;10;1;4;1;2;2;2;1;1;2;2;1;0;3;1;5;
CHA
Cody Zeller;PF;28;4;9;0;0;0;0;1;2;3;2;3;1;1;2;8;
Michael Kidd-Gilchrist;SF;36;4;10;0;0;5;5;2;10;12;3;1;1;1;2;13;
Bismack Biyombo;C;28;1;1;0;0;1;2;2;5;7;0;0;0;1;5;3;
Kemba Walker;PG;36;12;24;1;3;6;8;1;3;4;4;1;0;2;2;31;
Gerald Henderson;SG;36;7;17;0;0;2;2;0;7;7;6;0;1;2;1;16;
Jason Maxiell;;15;3;5;0;0;3;5;3;1;4;0;0;1;0;1;9;
Marvin Williams;;25;1;5;0;2;1;2;0;1;1;2;4;0;0;2;3;
Brian Roberts;;12;3;5;2;3;2;2;0;2;2;0;0;0;1;2;10;
P.J. Hairston;;8;0;2;0;2;0;0;0;2;2;0;0;0;1;0;0;
Gary Neal;;17;2;8;1;4;0;0;0;1;1;1;0;0;1;1;5;
