03-12;HOU-UTAH;91-109;
23-28;20-25;22-29;26-27;
HOU
Donatas Motiejunas;PF;24;6;12;1;4;0;2;2;1;3;1;0;0;0;2;13;
Terrence Jones;PF;23;4;9;1;1;2;2;2;8;10;0;2;0;1;1;11;
Trevor Ariza;SF;31;1;4;1;3;1;2;1;2;3;1;1;0;2;4;4;
Patrick Beverley;PG;23;4;8;1;4;0;0;1;0;1;1;0;0;0;4;9;
James Harden;SG;34;3;13;0;5;9;13;2;2;4;7;3;0;3;1;15;
Josh Smith;;15;3;8;1;5;0;0;0;2;2;1;0;1;0;1;7;
Joey Dorsey;;16;2;3;0;0;0;0;0;4;4;0;0;1;0;4;4;
Pablo Prigioni;;12;0;1;0;1;0;0;0;1;1;4;0;0;0;1;0;
K.J. McDaniels;;5;0;1;0;0;0;0;0;1;1;0;0;0;0;0;0;
Nick Johnson;;5;0;1;0;1;0;0;0;2;2;1;1;0;0;0;0;
Corey Brewer;;32;10;15;1;4;4;5;0;5;5;0;1;0;3;2;25;
Jason Terry;;19;1;4;1;4;0;0;0;1;1;3;0;0;0;2;3;
UTAH
Derrick Favors;PF;29;5;10;0;1;0;1;2;6;8;4;0;4;1;4;10;
Gordon Hayward;SF;31;10;17;3;4;6;10;0;4;4;7;1;1;3;2;29;
Rudy Gobert;C;36;8;11;0;0;3;3;12;10;22;2;0;4;1;2;19;
Rodney Hood;SG;33;8;16;3;8;1;2;0;1;1;2;1;0;1;1;20;
Dante Exum;SG;34;4;12;2;9;0;0;2;3;5;1;0;1;2;1;10;
Trevor Booker;;17;4;5;1;2;0;1;3;4;7;2;1;0;0;1;9;
Jerrelle Benimon;;0;0;0;0;0;0;0;0;0;0;0;0;0;0;0;0;
Joe Ingles;;25;4;8;2;4;0;0;1;5;6;0;1;0;1;1;10;
Jeremy Evans;;1;0;0;0;0;0;0;0;0;0;0;0;0;0;0;0;
Bryce Cotton;;0;0;0;0;0;0;0;0;0;0;0;0;0;0;0;0;
Trey Burke;;22;0;8;0;3;0;0;1;1;2;3;0;0;2;1;0;
Elijah Millsap;;12;1;5;0;2;0;0;1;1;2;2;1;0;1;5;2;
