12-22;LAC-SA;118-125;
33-35;27-37;30-23;28-30;
LAC
Blake Griffin;PF;38;10;20;0;0;2;4;0;6;6;6;1;1;4;3;22;
Matt Barnes;SF;24;2;4;0;1;0;0;1;3;4;1;1;0;1;4;4;
DeAndre Jordan;C;36;4;4;0;0;1;3;5;6;11;1;1;1;1;3;9;
Chris Paul;PG;34;8;17;3;6;6;7;1;3;4;9;2;2;3;1;25;
J.J. Redick;SG;35;6;13;5;8;4;6;1;0;1;1;0;0;1;4;21;
Glen Davis;;12;4;5;0;0;1;1;1;0;1;0;4;0;0;1;9;
Hedo Turkoglu;;10;0;1;0;1;0;0;0;1;1;0;0;0;0;2;0;
Jordan Farmar;;14;2;6;1;2;2;2;2;1;3;4;0;0;0;0;7;
Reggie Bullock;;11;1;1;1;1;0;0;0;2;2;0;0;1;0;1;3;
Jamal Crawford;;28;6;15;0;5;6;6;0;3;3;1;1;0;0;3;18;
SA
Tim Duncan;PF;35;9;16;0;0;3;4;0;12;12;1;2;0;1;2;21;
Kyle Anderson;SF;10;2;4;1;2;0;0;0;3;3;1;0;0;0;1;5;
Tiago Splitter;C;18;3;4;0;0;0;0;1;1;2;4;0;0;1;4;6;
Tony Parker;PG;34;11;18;1;2;3;4;0;0;0;4;2;0;3;2;26;
Danny Green;SG;29;3;5;3;5;2;2;0;1;1;5;1;1;1;1;11;
Jeff Ayres;;3;0;0;0;0;0;0;0;2;2;0;0;0;0;0;0;
Austin Daye;;0;0;0;0;0;0;0;0;0;0;0;0;0;0;0;0;
Marco Belinelli;;28;3;4;3;4;0;0;0;3;3;5;0;0;0;3;9;
Aron Baynes;;9;0;1;0;0;0;0;0;1;1;1;0;0;2;2;0;
Matt Bonner;;3;1;2;0;1;0;0;0;0;0;0;0;0;0;0;2;
Boris Diaw;;25;9;11;2;3;3;8;1;5;6;3;0;0;0;3;23;
Cory Joseph;;18;1;1;1;1;0;0;0;1;1;3;1;1;0;1;3;
Manu Ginobili;;27;7;11;2;5;3;4;0;2;2;10;0;0;3;0;19;
