03-14;MIL-MEM;83-96;
20-22;22-27;19-29;22-18;
MIL
Ersan Ilyasova;PF;23;4;10;2;4;2;4;1;4;5;0;1;0;0;5;12;
Giannis Antetokounmpo;SF;39;7;10;0;1;5;6;1;5;6;2;0;0;2;3;19;
Zaza Pachulia;C;27;5;8;0;0;4;4;1;3;4;1;0;1;2;2;14;
Tyler Ennis;PG;36;3;14;1;5;0;0;1;3;4;11;2;0;3;2;7;
Khris Middleton;SG;37;6;15;1;4;4;5;1;2;3;3;2;0;2;3;17;
Johnny O'Bryant III;;13;1;2;0;0;0;0;1;1;2;0;0;0;1;2;2;
Chris Johnson;;22;2;5;1;4;0;0;0;3;3;0;0;0;0;0;5;
Miles Plumlee;;14;2;4;0;0;0;0;0;5;5;0;0;0;3;0;4;
John Henson;;21;0;1;0;0;3;8;2;3;5;0;1;2;2;1;3;
O.J. Mayo;;7;0;3;0;1;0;0;0;0;0;0;0;0;0;0;0;
MEM
Zach Randolph;PF;34;4;10;0;0;7;8;2;4;6;4;2;1;5;3;15;
Jeff Green;SF;27;5;13;2;4;3;4;3;2;5;2;1;0;3;2;15;
Marc Gasol;C;34;6;12;0;0;0;0;1;6;7;7;1;1;0;3;12;
Beno Udrih;PG;31;6;10;2;2;0;0;0;3;3;2;1;0;2;1;14;
Courtney Lee;SG;29;6;10;2;3;3;3;0;1;1;2;0;0;2;1;17;
JaMychal Green;;2;0;0;0;0;0;0;0;0;0;0;0;0;0;1;0;
Tony Allen;;32;4;12;0;1;1;1;0;3;3;1;4;0;0;2;9;
Kosta Koufos;;18;1;3;0;0;0;0;2;5;7;0;0;1;0;5;2;
Vince Carter;;16;3;5;2;3;0;0;0;1;1;1;0;0;0;1;8;
Nick Calathes;;17;2;3;0;1;0;0;0;3;3;4;1;0;2;2;4;
