11-06;SA-HOU;81-98;
15-18;14-27;26-36;26-17;
SA
Kawhi Leonard;SF;29;2;11;0;2;3;3;0;4;4;5;4;0;1;0;7;
Matt Bonner;C;15;2;4;1;3;0;0;0;1;1;1;0;0;0;1;5;
Aron Baynes;C;31;4;10;0;0;4;5;7;5;12;0;1;0;0;5;12;
Tony Parker;PG;26;3;8;0;0;0;0;1;0;1;1;0;0;2;1;6;
Danny Green;SG;25;3;13;0;6;4;4;0;2;2;2;2;0;1;3;10;
Jeff Ayres;;23;2;7;0;0;2;2;2;4;6;0;0;0;1;3;6;
Kyle Anderson;;31;1;8;0;2;2;3;0;8;8;4;2;0;0;3;4;
Austin Daye;;16;3;13;0;3;0;0;2;1;3;0;3;0;1;2;6;
Boris Diaw;;22;2;5;1;3;2;2;0;3;3;4;0;1;5;5;7;
Cory Joseph;;22;9;11;0;1;0;0;0;1;1;0;0;0;3;1;18;
HOU
Donatas Motiejunas;PF;25;0;1;0;0;0;0;0;3;3;1;0;0;2;2;0;
Trevor Ariza;SF;32;2;10;1;5;2;2;0;3;3;3;2;0;1;1;7;
Dwight Howard;C;33;12;18;0;1;8;13;2;14;16;0;1;2;2;3;32;
Isaiah Canaan;PG;26;5;10;2;4;0;0;1;1;2;1;1;0;0;3;12;
James Harden;SG;33;8;15;1;4;3;6;2;4;6;6;1;3;8;1;20;
Tarik Black;;9;0;0;0;0;0;0;1;2;3;0;0;0;2;3;0;
Kostas Papanikolaou;;26;0;2;0;1;0;0;2;2;4;3;0;0;2;2;0;
Clint Capela;;6;0;0;0;0;0;4;0;3;3;1;0;0;1;1;0;
Joey Dorsey;;3;0;1;0;0;0;0;0;2;2;0;0;0;1;1;0;
Nick Johnson;;3;0;1;0;0;2;2;0;0;0;0;0;0;0;1;2;
Jason Terry;;21;4;5;4;5;4;4;0;0;0;2;2;0;1;0;16;
Troy Daniels;;13;3;7;2;6;0;0;0;1;1;1;0;0;1;1;8;
Francisco Garcia;;9;0;2;0;1;1;2;0;1;1;0;0;1;0;1;1;
