01-21;NY-PHI;98-91;
18-18;31-24;25-20;24-29;
NY
Lou Amundson;PF;24;2;4;0;0;0;0;2;4;6;3;0;1;1;3;4;
Jason Smith;PF;32;4;9;0;0;0;0;1;5;6;2;1;3;2;4;8;
Carmelo Anthony;SF;40;8;24;2;7;9;10;5;6;11;4;3;0;2;2;27;
Jose Calderon;PG;31;5;10;3;6;2;2;1;4;5;7;0;0;2;3;15;
Langston Galloway;PG;34;5;11;1;2;0;1;2;5;7;4;2;1;0;4;11;
Lance Thomas;;24;3;10;0;0;0;0;1;4;5;3;0;0;0;0;6;
Travis Wear;;8;0;1;0;0;0;0;2;0;2;2;0;0;1;0;0;
Amar'e Stoudemire;;16;3;5;0;0;3;3;3;4;7;0;0;0;2;4;9;
Shane Larkin;;11;2;4;1;2;0;0;0;0;0;1;0;0;1;1;5;
Tim Hardaway Jr.;;20;5;13;0;3;3;4;1;2;3;0;0;1;0;1;13;
PHI
Furkan Aldemir;PF;19;0;1;0;0;0;0;2;3;5;0;0;3;0;2;0;
Robert Covington;SF;39;5;11;3;8;4;4;0;3;3;4;1;2;3;4;17;
Henry Sims;C;32;4;12;0;0;3;4;5;7;12;2;0;0;1;2;11;
Michael Carter-Williams;PG;38;10;26;0;1;7;8;3;3;6;7;5;0;3;1;27;
K.J. McDaniels;SG;25;4;13;2;3;2;2;2;3;5;1;0;0;1;2;12;
Malcolm Thomas;;18;1;4;0;2;4;7;2;5;7;0;0;0;1;2;6;
Jerami Grant;;25;1;2;0;1;2;2;0;2;2;1;0;8;1;1;4;
JaKarr Sampson;;12;1;3;0;1;0;0;0;0;0;0;0;0;1;2;2;
Hollis Thompson;;15;2;4;2;4;2;3;1;1;2;1;0;0;1;3;8;
Larry Drew II;;18;1;3;1;3;1;2;0;1;1;4;1;0;2;0;4;
