04-03;TOR-BKN;109-114;
27-34;27-15;25-28;30-37;
TOR
Amir Johnson;PF;16;5;6;0;1;1;1;2;1;3;0;0;0;1;2;11;
Terrence Ross;SF;21;2;6;0;3;0;0;0;0;0;2;0;0;3;4;4;
Jonas Valanciunas;C;36;9;13;0;1;3;5;4;5;9;0;1;1;1;3;21;
Greivis Vasquez;PG;33;3;10;1;5;0;0;0;4;4;4;0;0;1;2;7;
DeMar DeRozan;SG;41;10;20;0;3;7;8;3;5;8;8;1;0;5;2;27;
Tyler Hansbrough;;12;1;3;0;0;0;0;2;1;3;0;1;0;0;3;2;
James Johnson;;19;1;4;0;1;0;0;0;2;2;1;0;0;0;2;2;
Patrick Patterson;;30;3;6;2;4;4;5;2;7;9;6;1;0;2;2;12;
Louis Williams;;33;8;14;5;8;2;4;0;2;2;3;1;0;1;1;23;
BKN
Thaddeus Young;SF;37;12;15;0;2;5;9;3;3;6;0;4;0;1;2;29;
Joe Johnson;SF;36;5;12;0;2;3;4;2;3;5;5;1;0;1;3;13;
Brook Lopez;C;44;13;24;0;0;4;4;10;7;17;2;1;1;1;2;30;
Deron Williams;PG;38;11;18;5;7;4;4;0;1;1;11;0;0;3;3;31;
Markel Brown;SG;20;0;3;0;0;0;0;1;2;3;1;1;0;0;2;0;
Earl Clark;;7;0;2;0;1;0;0;0;1;1;0;1;0;0;0;0;
Mason Plumlee;;4;1;2;0;0;0;0;0;2;2;0;0;0;0;2;2;
Jarrett Jack;;10;0;4;0;1;0;0;0;1;1;1;0;0;1;0;0;
Bojan Bogdanovic;;18;1;4;0;2;1;2;1;2;3;0;1;0;0;1;3;
Alan Anderson;;27;3;4;0;1;0;0;0;2;2;1;1;0;1;3;6;
