03-25;SAC-PHX;108-99;
31-26;27-27;25-17;25-29;
SAC
Rudy Gay;SF;29;3;7;0;3;8;9;0;4;4;5;1;0;3;4;14;
Omri Casspi;SF;28;4;10;2;4;0;0;1;1;2;1;1;0;1;2;10;
DeMarcus Cousins;C;37;11;19;0;0;2;3;1;10;11;3;2;1;5;2;24;
Ray McCallum;PG;31;6;11;0;1;2;2;2;3;5;5;1;1;2;1;14;
Ben McLemore;SG;29;5;9;2;5;0;0;0;2;2;3;2;0;1;5;12;
Derrick Williams;;29;4;8;1;3;3;4;0;4;4;1;0;0;2;4;12;
Jason Thompson;;14;1;5;0;0;0;0;1;4;5;1;0;0;1;2;2;
Reggie Evans;;7;0;0;0;0;0;0;2;2;4;0;0;0;1;0;0;
Andre Miller;;18;1;5;1;2;4;4;1;1;2;7;0;1;2;3;7;
Nik Stauskas;;18;5;7;2;3;1;1;0;4;4;1;1;0;1;1;13;
PHX
Markieff Morris;PF;38;9;16;1;1;5;6;2;5;7;4;2;1;3;1;24;
Marcus Morris;PF;26;7;11;3;6;2;2;0;3;3;0;1;0;1;4;19;
P.J. Tucker;SF;35;1;11;0;6;1;4;2;9;11;4;2;0;2;5;3;
Alex Len;C;25;2;7;0;0;2;2;6;3;9;2;1;4;3;3;6;
Eric Bledsoe;PG;35;7;15;2;6;3;5;0;5;5;1;0;0;3;1;19;
Brandan Wright;;28;2;5;0;0;1;3;3;4;7;1;0;1;3;0;5;
T.J. Warren;;12;2;2;0;0;0;0;1;0;1;0;0;0;1;1;4;
A.J. Price;;4;0;2;0;1;0;0;0;1;1;0;0;0;0;0;0;
Archie Goodwin;;26;6;12;0;2;3;4;0;1;1;3;2;0;1;0;15;
Gerald Green;;10;2;6;0;3;0;0;0;1;1;1;2;0;1;4;4;
