03-17;MIL-NO;84-85;
21-32;23-10;18-28;22-15;
MIL
Ersan Ilyasova;PF;36;6;15;3;9;0;0;2;6;8;2;1;0;0;4;15;
Giannis Antetokounmpo;SF;36;6;9;0;0;3;3;1;8;9;5;0;3;1;2;15;
Zaza Pachulia;C;24;3;9;0;0;5;6;3;8;11;1;2;1;2;4;11;
Michael Carter-Williams;PG;25;2;12;0;0;2;2;1;1;2;4;1;2;0;1;6;
Khris Middleton;SG;35;2;14;0;4;0;0;0;4;4;2;0;1;4;2;4;
Chris Johnson;;3;0;0;0;0;0;0;0;0;0;0;0;0;0;2;0;
John Henson;;24;7;10;0;0;0;4;2;5;7;0;0;4;0;3;14;
Tyler Ennis;;23;2;6;1;3;0;0;0;0;0;1;0;1;1;2;5;
Jerryd Bayless;;34;4;11;0;4;6;6;0;8;8;5;0;0;2;2;14;
NO
Anthony Davis;PF;42;6;18;0;0;8;9;1;11;12;4;1;3;2;4;20;
Omer Asik;C;29;6;8;0;0;4;5;4;7;11;3;1;2;2;4;16;
Eric Gordon;SG;35;3;9;2;6;1;2;0;0;0;7;2;1;2;3;9;
Quincy Pondexter;SG;38;6;13;5;10;1;1;2;5;7;2;0;0;1;1;18;
Tyreke Evans;SG;37;5;18;0;4;2;2;1;8;9;6;1;0;4;1;12;
Dante Cunningham;;14;0;1;0;0;0;0;0;4;4;0;1;0;1;1;0;
Alexis Ajinca;;17;1;7;0;0;1;2;2;4;6;0;0;0;0;4;3;
Norris Cole;;20;2;6;1;3;2;3;0;1;1;3;0;0;1;1;7;
Elliot Williams;;8;0;3;0;2;0;2;0;0;0;1;0;0;0;1;0;
