02-02;LAC-BKN;100-102;
22-22;14-16;36-32;28-32;
LAC
Blake Griffin;PF;35;6;10;0;0;1;4;1;5;6;7;1;0;2;6;13;
Matt Barnes;SF;40;5;10;1;5;1;2;1;3;4;2;1;0;2;3;12;
DeAndre Jordan;C;37;10;13;0;0;2;12;8;12;20;0;0;0;3;2;22;
Chris Paul;PG;38;8;18;2;5;2;4;0;8;8;8;3;0;3;4;20;
J.J. Redick;SG;4;0;1;0;1;0;0;1;0;1;0;0;0;0;0;0;
Glen Davis;;5;2;4;0;0;0;0;1;0;1;0;0;0;0;1;4;
Spencer Hawes;;17;1;3;1;1;0;0;0;2;2;0;0;1;0;1;3;
Hedo Turkoglu;;9;1;3;1;3;0;0;0;4;4;0;1;0;0;2;3;
Austin Rivers;;18;2;4;1;1;0;0;0;1;1;2;0;0;0;0;5;
Dahntay Jones;;1;0;1;0;0;0;0;0;0;0;0;0;0;0;0;0;
Jamal Crawford;;37;7;22;2;7;2;3;3;2;5;4;0;0;2;3;18;
BKN
Kevin Garnett;PF;16;3;7;0;0;0;1;3;8;11;1;0;0;2;4;6;
Joe Johnson;SF;39;8;13;4;6;2;4;0;5;5;6;1;0;1;1;22;
Mason Plumlee;C;22;3;5;0;0;3;10;6;3;9;0;0;0;4;3;9;
Jarrett Jack;PG;40;3;11;0;2;0;0;0;7;7;7;2;0;2;5;6;
Alan Anderson;SG;21;3;8;2;6;1;1;0;0;0;1;0;0;0;1;9;
Cory Jefferson;;9;0;1;0;0;0;0;0;2;2;0;0;0;2;2;0;
Brook Lopez;;37;12;20;0;0;0;0;1;6;7;0;1;0;0;4;24;
Jerome Jordan;;2;0;0;0;0;0;0;0;0;0;0;0;0;0;0;0;
Deron Williams;;29;5;8;3;5;2;2;0;3;3;3;0;0;4;4;15;
Darius Morris;;7;0;1;0;1;0;0;0;1;1;1;0;0;0;0;0;
Markel Brown;;0;0;0;0;0;0;0;0;0;0;0;0;0;0;0;0;
Bojan Bogdanovic;;18;4;9;3;7;0;0;0;0;0;2;0;0;1;3;11;
