12-26;PHI-POR;93-114;
24-27;27-34;23-27;19-26;
PHI
Luc Richard Mbah a Moute;PF;25;3;7;0;2;3;4;1;3;4;1;0;0;2;0;9;
Robert Covington;SF;29;3;10;2;6;0;2;0;3;3;2;1;0;5;2;8;
Nerlens Noel;C;28;4;9;0;0;0;2;1;6;7;2;4;2;1;1;8;
Michael Carter-Williams;PG;37;8;20;0;1;1;4;0;6;6;5;2;0;4;2;17;
JaKarr Sampson;SG;20;4;4;0;0;1;2;1;1;2;1;3;0;3;4;9;
Malcolm Thomas;;3;0;0;0;0;0;0;0;0;0;0;0;0;0;0;0;
Furkan Aldemir;;5;0;0;0;0;0;0;0;2;2;0;0;0;0;1;0;
Jerami Grant;;25;0;4;0;0;0;2;0;2;2;0;1;1;0;1;0;
Henry Sims;;15;4;6;0;0;0;0;4;4;8;1;0;1;0;0;8;
K.J. McDaniels;;25;3;8;0;1;6;8;1;3;4;0;0;3;1;1;12;
Tony Wroten;;27;7;13;1;4;7;9;1;3;4;4;2;0;2;2;22;
POR
Thomas Robinson;PF;20;3;6;0;0;1;2;0;3;3;0;1;2;3;2;7;
Nicolas Batum;SF;29;5;8;1;4;3;3;1;3;4;3;1;0;1;0;14;
Joel Freeland;C;25;3;7;0;0;0;0;4;13;17;1;0;1;2;5;6;
Damian Lillard;PG;33;9;17;3;8;7;7;0;5;5;9;1;0;7;1;28;
Wesley Matthews;SG;28;9;18;7;14;0;0;0;1;1;2;1;0;1;0;25;
Victor Claver;;17;2;4;1;1;0;0;1;2;3;0;1;0;1;5;5;
Allen Crabbe;;16;1;3;1;2;0;0;0;2;2;1;0;2;0;3;3;
Dorell Wright;;19;3;6;2;4;0;0;0;2;2;3;2;2;1;2;8;
Meyers Leonard;;15;1;4;0;1;1;2;2;5;7;0;0;1;1;2;3;
Steve Blake;;19;1;4;1;4;0;0;1;1;2;5;1;0;1;1;3;
Will Barton;;5;2;3;0;1;0;0;0;2;2;0;1;0;0;0;4;
C.J. McCollum;;16;3;8;2;4;0;0;0;0;0;1;1;0;1;1;8;
