01-31;HOU-DET;101-114;
27-32;19-27;23-27;32-28;
HOU
Donatas Motiejunas;PF;29;10;13;1;2;0;0;3;1;4;3;0;0;1;5;21;
Trevor Ariza;SF;39;6;15;3;7;0;0;1;5;6;3;2;0;2;5;15;
Joey Dorsey;C;13;0;1;0;0;1;2;1;1;2;0;1;0;0;2;1;
Patrick Beverley;PG;27;3;8;2;6;2;2;0;3;3;0;2;0;1;3;10;
James Harden;SG;36;10;17;2;4;4;5;0;7;7;9;2;1;4;1;26;
Terrence Jones;;19;1;5;0;0;1;2;0;5;5;1;0;0;1;3;3;
Kostas Papanikolaou;;12;3;5;2;4;0;0;1;1;2;1;2;0;0;1;8;
Josh Smith;;23;3;11;0;1;1;2;3;4;7;3;1;2;1;3;7;
Isaiah Canaan;;8;0;6;0;5;0;0;0;0;0;0;0;0;0;2;0;
Corey Brewer;;28;3;5;1;2;3;6;2;1;3;3;0;0;3;4;10;
Jason Terry;;6;0;1;0;1;0;0;0;0;0;0;0;0;0;0;0;
DET
Greg Monroe;PF;37;7;12;0;0;5;8;1;11;12;2;0;1;1;2;19;
Kyle Singler;SF;36;6;12;2;5;0;0;1;3;4;4;3;0;3;2;14;
Andre Drummond;C;33;5;11;0;0;1;7;8;8;16;0;1;3;0;1;11;
D.J. Augustin;PG;37;8;13;1;2;11;13;0;2;2;12;2;0;5;0;28;
Kentavious Caldwell-Pope;SG;40;10;21;6;11;2;4;1;4;5;4;1;3;0;3;28;
Anthony Tolliver;;25;4;10;1;5;3;3;1;1;2;1;1;1;0;2;12;
Spencer Dinwiddie;;11;1;2;0;1;0;0;0;2;2;2;0;0;2;1;2;
Jodie Meeks;;19;0;1;0;1;0;0;0;1;1;3;0;0;1;0;0;
