02-22;PHI-ORL;98-103;
23-29;24-26;22-21;29-27;
PHI
Robert Covington;SF;33;6;13;3;9;1;1;0;9;9;2;2;0;4;6;16;
Henry Sims;C;19;3;8;0;0;2;2;3;5;8;1;0;0;4;3;8;
Nerlens Noel;C;35;3;7;0;0;4;6;0;3;3;5;2;2;1;3;10;
Isaiah Canaan;PG;29;5;12;4;9;0;0;2;2;4;3;0;1;3;5;14;
Jason Richardson;SG;24;3;9;1;5;0;0;2;3;5;1;0;0;2;3;7;
Furkan Aldemir;;8;0;1;0;0;0;0;3;0;3;0;1;0;1;1;0;
Jerami Grant;;10;2;2;1;1;2;3;0;0;0;1;0;0;0;0;7;
JaVale McGee;;13;1;2;0;0;0;0;0;3;3;0;0;0;2;0;2;
Tim Frazier;;20;2;6;0;2;2;3;0;2;2;6;1;0;1;3;6;
JaKarr Sampson;;21;6;9;2;4;2;2;0;1;1;0;1;1;1;1;16;
Hollis Thompson;;26;5;9;2;4;0;0;1;2;3;2;1;1;2;1;12;
ORL
Channing Frye;PF;21;6;10;3;7;0;0;0;3;3;0;0;1;0;3;15;
Tobias Harris;SF;25;2;6;0;3;0;0;0;1;1;2;0;0;3;2;4;
Nikola Vucevic;C;38;14;24;0;0;3;5;6;8;14;0;2;1;1;2;31;
Elfrid Payton;PG;36;3;7;0;0;4;8;1;7;8;7;1;0;1;1;10;
Victor Oladipo;SG;38;4;11;1;4;8;9;1;4;5;3;1;0;5;3;17;
Aaron Gordon;;10;1;5;0;1;1;1;2;1;3;1;1;0;0;1;3;
Andrew Nicholson;;4;2;4;0;1;1;1;0;0;0;1;1;0;0;1;5;
Dewayne Dedmon;;10;0;1;0;0;0;0;1;1;2;0;0;0;2;4;0;
Luke Ridnour;;12;1;2;0;1;0;0;1;0;1;0;1;0;1;2;2;
Willie Green;;32;6;10;2;5;2;2;0;1;1;2;2;0;1;1;16;
Evan Fournier;;14;0;2;0;1;0;0;0;0;0;3;0;0;1;1;0;
