12-02;ORL-GS;97-98;
25-24;21-32;29-17;22-25;
ORL
Channing Frye;PF;30;1;5;1;3;0;0;0;8;8;1;1;2;0;6;3;
Kyle O'Quinn;PF;27;9;16;0;0;3;3;5;6;11;1;2;1;3;4;21;
Tobias Harris;SF;38;6;14;0;1;5;5;1;6;7;5;0;0;1;1;17;
Victor Oladipo;SG;36;10;14;3;4;4;4;0;4;4;4;3;0;4;0;27;
Evan Fournier;SG;38;4;13;2;6;0;0;0;3;3;2;2;0;1;0;10;
Dewayne Dedmon;;7;2;2;0;0;0;0;0;0;0;0;0;0;0;0;4;
Elfrid Payton;;29;3;10;0;1;1;2;2;3;5;6;3;0;1;3;7;
Willie Green;;19;1;7;0;1;0;0;0;1;1;0;0;0;0;1;2;
Ben Gordon;;16;3;6;0;1;0;0;0;1;1;0;0;0;1;2;6;
GS
Harrison Barnes;SF;33;5;9;1;1;3;5;4;8;12;1;1;0;0;0;14;
Draymond Green;SF;34;4;12;0;5;3;4;1;6;7;6;1;0;4;3;11;
Andrew Bogut;C;32;3;7;0;0;1;2;4;8;12;3;2;5;2;3;7;
Stephen Curry;PG;36;8;17;3;9;3;3;1;3;4;5;0;0;4;2;22;
Klay Thompson;SG;35;8;16;4;8;0;0;0;6;6;5;2;0;1;1;20;
Marreese Speights;;15;5;10;0;0;2;2;1;3;4;2;0;0;2;4;12;
Shaun Livingston;;12;2;2;0;0;0;0;0;1;1;0;0;0;0;2;4;
Leandro Barbosa;;13;0;4;0;3;2;2;2;0;2;0;1;0;1;0;2;
Andre Iguodala;;30;3;5;0;1;0;0;0;1;1;3;1;0;1;0;6;
