11-22;BKN-SA;87-99;
18-25;18-26;28-28;23-20;
BKN
Mirza Teletovic;PF;34;8;14;4;8;2;2;1;7;8;1;0;0;3;1;22;
Joe Johnson;SF;35;5;16;2;7;0;0;2;2;4;5;0;1;1;2;12;
Brook Lopez;C;25;3;8;0;0;0;0;3;1;4;1;0;1;2;3;6;
Deron Williams;PG;37;10;21;2;4;2;2;1;4;5;7;2;2;3;3;24;
Bojan Bogdanovic;SG;24;0;7;0;5;2;2;0;2;2;1;0;0;0;0;2;
Cory Jefferson;;8;1;2;0;0;0;0;0;0;0;1;0;0;0;1;2;
Mason Plumlee;;8;1;4;0;0;1;1;1;0;1;0;0;0;0;1;3;
Jerome Jordan;;13;2;3;0;0;1;1;0;5;5;0;0;0;0;0;5;
Jarrett Jack;;25;2;7;0;0;2;2;1;5;6;5;1;1;2;1;6;
Jorge Gutierrez;;3;0;0;0;0;0;0;0;2;2;1;0;0;0;0;0;
Alan Anderson;;22;1;6;0;1;0;0;4;3;7;0;2;0;0;1;2;
Markel Brown;;3;1;2;1;1;0;0;0;0;0;0;0;0;0;0;3;
Sergey Karasev;;3;0;1;0;1;0;0;0;0;0;2;0;0;0;1;0;
SA
Tim Duncan;PF;25;3;5;0;0;1;2;3;7;10;7;3;4;0;1;7;
Marco Belinelli;SF;10;0;2;0;2;0;0;0;3;3;3;1;0;0;1;0;
Kawhi Leonard;SF;36;9;19;0;2;3;4;1;8;9;1;1;0;4;0;21;
Boris Diaw;C;33;5;9;0;2;0;0;0;3;3;3;0;0;1;2;10;
Tony Parker;PG;39;9;18;1;3;3;3;0;2;2;7;1;0;3;1;22;
Jeff Ayres;;3;0;0;0;0;0;0;0;0;0;0;0;0;0;1;0;
Kyle Anderson;;3;0;0;0;0;0;0;0;0;0;1;0;0;0;0;0;
Austin Daye;;13;1;6;1;4;0;0;0;3;3;0;0;1;1;0;3;
Aron Baynes;;21;4;8;0;0;2;2;2;6;8;1;1;0;1;2;10;
Danny Green;;33;8;10;5;7;0;0;0;7;7;2;0;3;2;1;21;
Manu Ginobili;;24;2;2;1;1;0;0;0;3;3;4;0;1;2;0;5;
