12-05;DEN-WSH;89-119;
28-30;18-35;23-25;20-29;
DEN
Kenneth Faried;PF;18;4;5;0;0;1;2;1;2;3;1;2;0;5;1;9;
Wilson Chandler;SF;25;6;14;3;4;5;5;2;3;5;0;0;1;1;5;20;
Timofey Mozgov;C;21;2;5;0;0;2;2;1;5;6;0;1;2;0;3;6;
Ty Lawson;PG;35;3;10;0;2;8;8;0;4;4;10;3;0;1;2;14;
Arron Afflalo;SG;26;2;9;0;5;0;0;0;0;0;0;0;0;2;0;4;
Darrell Arthur;;15;1;5;0;2;0;0;2;2;4;2;0;1;4;3;2;
J.J. Hickson;;20;3;9;0;0;2;3;3;3;6;1;1;1;2;3;8;
Alonzo Gee;;12;2;3;0;0;3;6;1;1;2;1;0;0;0;0;7;
Danilo Gallinari;;16;3;7;1;4;0;0;0;2;2;0;0;0;0;2;7;
JaVale McGee;;12;1;3;0;0;0;2;0;3;3;0;0;2;1;1;2;
Nate Robinson;;11;2;5;1;3;1;2;0;0;0;0;0;0;1;0;6;
Erick Green;;9;2;3;0;0;0;0;0;0;0;1;0;0;1;0;4;
Gary Harris;;19;0;4;0;2;0;0;0;1;1;0;1;0;1;2;0;
WSH
Kris Humphries;PF;26;7;11;0;0;6;8;3;1;4;0;1;1;1;2;20;
Paul Pierce;SF;20;4;10;0;3;3;4;2;4;6;0;2;0;1;2;11;
Marcin Gortat;C;26;5;9;0;0;5;5;3;2;5;2;0;1;2;3;15;
John Wall;PG;28;3;7;1;3;2;2;0;8;8;12;1;2;4;3;9;
Bradley Beal;SG;25;5;10;4;6;0;0;0;2;2;4;1;0;2;1;14;
Nene Hilario;;18;2;4;0;0;4;6;3;5;8;0;2;1;0;0;8;
Otto Porter Jr.;;23;1;4;0;2;2;2;0;7;7;4;1;2;1;0;4;
Rasual Butler;;28;7;13;2;6;0;0;0;3;3;2;3;2;0;2;16;
Kevin Seraphin;;23;8;12;0;0;0;0;3;1;4;1;0;2;2;4;16;
DeJuan Blair;;4;1;2;0;0;0;0;0;1;1;0;0;0;0;0;2;
Andre Miller;;16;2;2;0;0;0;0;0;3;3;7;0;0;1;2;4;
Garrett Temple;;4;0;1;0;0;0;0;0;1;1;3;1;0;1;1;0;
