03-20;TOR-CHI;92-108;
24-32;24-28;20-26;24-22;
TOR
Amir Johnson;PF;26;3;7;1;2;1;1;1;3;4;5;0;1;1;3;8;
Terrence Ross;SF;32;4;13;1;6;0;0;0;1;1;2;1;0;0;1;9;
Jonas Valanciunas;C;24;0;1;0;0;5;6;1;5;6;0;1;1;1;3;5;
Greivis Vasquez;PG;37;5;15;1;5;0;0;0;4;4;6;1;0;2;1;11;
DeMar DeRozan;SG;37;8;14;3;3;8;10;1;6;7;3;0;0;2;2;27;
Tyler Hansbrough;;19;1;3;0;0;4;4;3;0;3;0;0;1;0;4;6;
James Johnson;;14;1;6;0;1;0;1;2;0;2;1;0;0;0;1;2;
Patrick Patterson;;25;7;11;3;5;0;0;3;2;5;1;2;1;0;2;17;
Landry Fields;;2;0;0;0;0;0;0;0;1;1;0;0;0;0;0;0;
Louis Williams;;25;1;9;1;3;4;4;1;2;3;2;1;0;0;2;7;
CHI
Pau Gasol;PF;28;3;9;0;0;5;5;1;8;9;6;0;1;2;0;11;
Mike Dunleavy;SF;29;8;13;3;6;2;3;2;1;3;2;2;0;1;2;21;
Tony Snell;SF;34;5;8;0;3;0;0;0;2;2;1;0;0;1;4;10;
Joakim Noah;C;32;4;7;0;0;0;0;3;7;10;14;1;1;1;4;8;
Aaron Brooks;PG;33;4;11;1;4;2;2;3;3;6;5;0;0;3;2;11;
Cameron Bairstow;;1;0;0;0;0;0;0;0;0;0;0;0;0;0;0;0;
Taj Gibson;;11;2;2;0;0;2;2;1;2;3;1;1;0;0;1;6;
Nikola Mirotic;;32;11;21;3;11;4;5;2;9;11;1;0;4;2;3;29;
Doug McDermott;;4;1;3;1;3;0;0;1;0;1;0;0;0;1;2;3;
Nazr Mohammed;;1;0;0;0;0;0;0;0;0;0;0;0;0;0;0;0;
Kirk Hinrich;;28;3;3;1;1;0;0;0;1;1;2;0;1;1;2;7;
E'Twaun Moore;;7;1;2;0;0;0;0;0;1;1;0;0;0;0;1;2;
