12-23;DAL-PHX;115-124;
26-25;19-28;29-36;41-35;
DAL
Dirk Nowitzki;PF;29;7;12;2;3;6;7;0;5;5;1;1;0;2;3;22;
Chandler Parsons;SF;25;3;9;1;5;0;0;2;6;8;2;0;0;6;2;7;
Tyson Chandler;C;34;6;8;0;0;10;12;6;8;14;2;0;0;0;2;22;
Rajon Rondo;PG;31;6;14;1;1;0;0;2;4;6;8;1;0;5;6;13;
Monta Ellis;SG;35;5;17;1;4;4;4;0;0;0;6;2;1;3;1;15;
Greg Smith;;13;2;2;0;0;2;2;3;3;6;0;0;0;0;2;6;
Dwight Powell;;1;0;0;0;0;0;0;0;0;0;0;0;0;0;0;0;
Charlie Villanueva;;20;7;13;4;9;0;0;1;3;4;0;0;0;0;3;18;
Richard Jefferson;;23;0;1;0;0;1;2;0;6;6;1;0;0;1;4;1;
J.J. Barea;;13;4;7;0;1;0;0;0;0;0;1;0;0;1;1;8;
Devin Harris;;17;1;5;0;2;1;2;0;0;0;1;0;0;2;3;3;
PHX
Markieff Morris;PF;27;4;9;1;2;0;0;1;3;4;4;4;0;4;3;9;
P.J. Tucker;SF;27;5;8;2;3;3;5;1;4;5;2;2;0;0;3;15;
Alex Len;C;28;6;9;0;0;5;7;3;4;7;0;1;1;0;6;17;
Eric Bledsoe;PG;35;6;19;1;7;3;3;2;8;10;11;3;0;3;2;16;
Goran Dragic;SG;39;10;17;2;6;3;5;1;2;3;4;1;0;1;1;25;
Marcus Morris;;18;2;6;0;1;0;0;2;4;6;0;0;1;0;4;4;
Miles Plumlee;;17;1;4;0;0;2;4;3;5;8;1;0;1;0;2;4;
Isaiah Thomas;;28;3;12;1;5;5;6;0;0;0;7;0;0;1;1;12;
Gerald Green;;23;7;13;6;9;2;2;1;0;1;1;1;0;3;4;22;
