01-16;POR-SA;96-110;
28-35;24-25;27-31;17-19;
POR
LaMarcus Aldridge;PF;35;9;18;0;0;6;6;0;8;8;3;1;1;3;1;24;
Nicolas Batum;SF;30;2;7;1;4;0;0;0;4;4;2;1;1;5;2;5;
Chris Kaman;C;24;2;5;0;0;2;2;2;3;5;2;0;2;1;3;6;
Damian Lillard;PG;36;9;17;0;5;5;6;0;2;2;5;0;0;1;2;23;
Wesley Matthews;SG;29;1;4;0;3;0;0;0;1;1;2;1;0;2;2;2;
Thomas Robinson;;9;1;3;0;0;0;0;0;2;2;0;1;0;0;0;2;
Victor Claver;;5;0;1;0;1;0;0;0;2;2;0;0;0;0;0;0;
Allen Crabbe;;5;1;1;1;1;0;0;0;1;1;0;0;0;0;0;3;
Dorell Wright;;6;0;0;0;0;0;0;0;1;1;1;0;0;0;0;0;
Meyers Leonard;;22;4;4;2;2;2;2;0;3;3;1;0;2;1;3;12;
Steve Blake;;12;0;2;0;1;0;0;0;0;0;3;0;0;1;1;0;
Will Barton;;5;1;2;0;0;0;0;0;1;1;1;1;0;0;0;2;
C.J. McCollum;;20;7;10;2;2;1;4;0;2;2;0;1;0;2;1;17;
SA
Tim Duncan;PF;30;4;7;0;0;3;3;3;9;12;6;1;2;1;2;11;
Kawhi Leonard;SF;31;8;18;1;4;3;4;0;4;4;5;3;0;0;2;20;
Tiago Splitter;C;17;2;4;0;0;0;0;2;2;4;3;0;0;2;5;4;
Tony Parker;PG;28;8;17;1;2;0;0;1;1;2;7;2;0;3;3;17;
Danny Green;SG;34;6;8;4;5;3;3;0;5;5;2;2;0;1;1;19;
Kyle Anderson;;2;0;1;0;0;0;0;1;1;2;0;0;0;0;0;0;
Aron Baynes;;18;1;3;0;0;1;2;5;1;6;0;0;0;1;1;3;
Matt Bonner;;3;0;3;0;3;0;0;0;0;0;0;0;0;0;0;0;
Boris Diaw;;29;2;5;1;2;0;0;1;5;6;4;1;2;1;3;5;
Patty Mills;;22;7;14;3;7;1;1;2;2;4;0;0;0;0;0;18;
Cory Joseph;;5;0;2;0;0;0;0;0;0;0;0;0;0;0;0;0;
Manu Ginobili;;22;4;12;1;6;4;4;0;4;4;7;3;0;3;1;13;
