02-23;BKN-DEN;110-82;
26-23;28-22;31-24;25-13;
BKN
Joe Johnson;SF;28;6;13;0;4;0;0;0;8;8;0;0;3;1;0;12;
Mason Plumlee;C;16;5;6;0;0;4;5;0;5;5;0;0;0;2;3;14;
Deron Williams;PG;33;6;15;0;2;4;4;0;5;5;12;1;0;1;2;16;
Alan Anderson;SG;28;5;9;3;6;0;0;1;3;4;1;1;0;0;3;13;
Markel Brown;SG;45;4;12;0;4;2;2;2;9;11;2;2;4;1;2;10;
Cory Jefferson;;9;3;4;0;0;1;2;1;4;5;1;1;1;0;0;7;
Thaddeus Young;;24;6;11;1;2;2;2;2;3;5;1;2;1;3;3;15;
Brook Lopez;;32;6;17;0;1;7;8;6;3;9;0;0;0;0;3;19;
Darius Morris;;15;2;4;0;1;0;0;2;1;3;4;0;0;1;0;4;
Sergey Karasev;;10;0;1;0;1;0;0;0;2;2;0;0;0;1;1;0;
DEN
Darrell Arthur;PF;23;5;15;0;0;0;0;5;2;7;0;0;0;0;5;10;
Danilo Gallinari;SF;30;7;12;3;5;5;5;0;2;2;1;2;0;0;1;22;
Jusuf Nurkic;C;25;3;10;0;0;1;2;4;6;10;1;1;0;1;5;7;
Ty Lawson;PG;32;3;7;0;2;0;2;0;5;5;10;1;0;4;2;6;
Gary Harris;SG;26;4;12;1;6;1;3;1;1;2;0;0;1;1;3;10;
Kenneth Faried;;13;1;4;0;0;2;4;3;2;5;1;0;1;1;3;4;
Joffrey Lauvergne;;20;0;6;0;2;0;0;3;6;9;2;2;0;3;2;0;
J.J. Hickson;;2;0;0;0;0;0;0;0;0;0;0;0;0;0;0;0;
Erick Green;;15;1;6;1;2;0;0;0;1;1;0;0;0;1;0;3;
Jameer Nelson;;11;0;3;0;2;0;0;0;1;1;1;0;1;1;2;0;
Will Barton;;21;5;11;1;3;4;4;2;2;4;1;0;0;1;0;15;
Randy Foye;;20;2;8;1;5;0;2;1;2;3;1;0;0;0;1;5;
