03-30;LAL-PHI;113-111;
17-28;34-22;25-21;26-31;11-9;
LAL
Ryan Kelly;PF;43;5;9;3;6;3;3;0;7;7;4;0;4;1;3;16;
Tarik Black;PF;14;2;3;0;0;2;2;2;3;5;2;0;1;0;6;6;
Wesley Johnson;SF;44;5;16;0;3;2;4;1;10;11;2;2;3;5;3;12;
Jordan Clarkson;PG;44;9;15;0;2;8;10;3;3;6;11;3;0;3;3;26;
Wayne Ellington;SG;43;7;15;4;6;2;2;0;3;3;3;0;0;3;2;20;
Robert Sacre;;22;3;6;0;0;0;0;2;1;3;0;0;2;1;1;6;
Jordan Hill;;22;2;8;0;0;1;4;4;6;10;2;1;0;3;6;5;
Jabari Brown;;34;7;10;3;4;5;5;0;0;0;3;1;0;1;2;22;
PHI
Furkan Aldemir;PF;20;3;4;0;0;2;4;1;4;5;1;0;0;1;6;8;
Robert Covington;SF;32;4;13;3;10;1;2;2;3;5;4;0;0;5;3;12;
Nerlens Noel;C;36;7;18;0;0;5;10;7;7;14;4;1;1;3;2;19;
Ish Smith;PG;32;8;20;1;3;0;0;1;4;5;3;1;0;0;2;17;
JaKarr Sampson;SG;25;2;4;2;4;1;2;0;1;1;2;2;0;0;1;7;
Thomas Robinson;;24;4;7;0;0;5;7;3;2;5;2;1;0;1;4;13;
Henry Sims;;25;4;9;0;1;0;0;2;5;7;2;1;0;2;0;8;
Isaiah Canaan;;27;4;9;3;7;7;7;0;0;0;3;3;0;3;1;18;
Glenn Robinson III;;25;3;8;1;4;1;4;3;3;6;1;1;0;0;1;8;
Hollis Thompson;;18;0;4;0;1;1;2;1;2;3;5;1;0;0;4;1;
