02-25;LAC-HOU;105-110;
26-27;34-35;25-22;20-26;
LAC
Spencer Hawes;PF;31;1;9;1;5;4;4;1;7;8;1;1;1;4;4;7;
Matt Barnes;SF;32;2;10;2;7;0;0;1;5;6;2;0;0;0;3;6;
DeAndre Jordan;C;38;9;12;0;0;4;8;4;15;19;1;0;2;3;4;22;
Chris Paul;PG;39;8;18;2;4;4;4;1;2;3;14;0;0;2;4;22;
J.J. Redick;SG;30;6;12;3;6;0;0;1;1;2;0;0;0;2;3;15;
Glen Davis;;15;2;4;0;0;0;0;4;2;6;0;0;0;0;2;4;
Hedo Turkoglu;;8;0;1;0;1;0;0;0;0;0;0;0;0;0;1;0;
Austin Rivers;;15;2;8;0;2;1;2;0;3;3;0;0;1;2;1;5;
Jamal Crawford;;33;10;17;3;7;1;1;0;2;2;0;0;0;2;0;24;
HOU
Donatas Motiejunas;PF;34;7;11;3;4;1;2;3;6;9;1;0;1;2;3;18;
Terrence Jones;PF;32;6;13;0;1;2;3;4;4;8;1;0;5;1;3;14;
Trevor Ariza;SF;35;6;11;5;9;0;0;0;4;4;4;0;0;1;3;17;
Jason Terry;SG;32;3;10;2;7;0;0;1;3;4;2;4;0;0;2;8;
James Harden;SG;36;4;13;3;9;10;12;0;4;4;10;0;0;3;1;21;
Josh Smith;;28;2;9;1;4;4;8;2;7;9;4;0;2;1;5;9;
Pablo Prigioni;;16;1;4;1;4;0;0;2;0;2;3;2;0;1;2;3;
Corey Brewer;;27;7;17;2;6;4;5;0;6;6;2;1;1;0;1;20;
