03-29;HOU-WSH;99-91;
28-20;31-26;17-21;23-24;
HOU
Josh Smith;SF;36;6;13;2;4;0;0;4;6;10;3;1;2;4;2;14;
Trevor Ariza;SF;38;3;9;2;8;5;5;1;7;8;2;2;0;4;1;13;
Dwight Howard;C;19;3;6;0;0;5;8;3;7;10;0;0;0;2;4;11;
Jason Terry;SG;19;2;4;1;3;0;0;0;1;1;2;0;0;0;2;5;
James Harden;SG;38;7;20;1;6;9;10;0;3;3;6;2;1;3;3;24;
Joey Dorsey;;24;3;4;0;0;1;4;1;7;8;0;3;0;0;4;7;
Pablo Prigioni;;29;3;7;2;5;2;2;2;4;6;3;3;0;1;4;10;
Nick Johnson;;16;0;3;0;1;0;4;1;1;2;0;0;1;2;2;0;
Corey Brewer;;22;7;14;1;2;0;0;4;1;5;2;1;2;3;3;15;
WSH
Nene Hilario;PF;34;4;8;0;0;2;5;0;7;7;1;3;0;2;1;10;
Paul Pierce;SF;22;1;6;0;3;0;0;1;0;1;1;1;0;2;2;2;
Marcin Gortat;C;29;3;10;0;0;0;0;4;6;10;0;1;2;0;5;6;
John Wall;PG;43;7;17;0;1;11;12;2;6;8;12;4;1;7;4;25;
Bradley Beal;SG;38;4;11;1;4;6;7;0;4;4;0;1;1;3;3;15;
Drew Gooden;;18;2;4;0;1;0;0;0;5;5;1;0;0;0;2;4;
Otto Porter Jr.;;18;4;7;2;2;5;7;3;3;6;0;1;0;1;1;15;
Martell Webster;;8;1;2;1;1;0;0;1;0;1;0;0;0;1;1;3;
Rasual Butler;;14;0;3;0;2;2;2;0;1;1;1;1;0;0;0;2;
Kevin Seraphin;;8;1;4;0;0;1;2;0;0;0;0;0;1;1;3;3;
Ramon Sessions;;9;2;3;0;1;2;2;0;0;0;1;2;0;0;0;6;
