03-25;POR-UTAH;92-89;
12-21;25-18;18-26;37-24;
POR
LaMarcus Aldridge;PF;36;7;18;0;2;5;6;2;7;9;0;0;1;4;1;19;
Allen Crabbe;SF;30;3;6;2;4;0;0;0;5;5;0;0;1;1;4;8;
Robin Lopez;C;22;2;6;0;0;0;0;4;2;6;0;0;1;2;1;4;
Damian Lillard;PG;40;6;16;1;6;10;10;1;7;8;12;1;0;2;2;23;
Arron Afflalo;SG;27;3;8;0;3;1;2;0;1;1;3;1;0;1;4;7;
Dorell Wright;;27;6;14;3;7;0;0;1;4;5;2;1;0;0;2;15;
Joel Freeland;;19;3;3;0;0;0;0;2;3;5;0;0;1;1;3;6;
Steve Blake;;17;1;4;1;4;0;0;0;2;2;2;0;0;1;0;3;
C.J. McCollum;;21;3;6;0;1;1;2;1;3;4;0;1;1;2;1;7;
UTAH
Derrick Favors;PF;32;9;19;0;1;8;9;5;8;13;0;1;1;1;5;26;
Rudy Gobert;C;34;5;8;0;0;2;4;2;8;10;0;0;0;1;4;12;
Trey Burke;PG;39;9;19;0;1;4;4;1;3;4;3;2;0;1;1;22;
Elijah Millsap;SG;33;4;10;1;3;0;4;1;7;8;2;3;0;4;2;9;
Dante Exum;SG;30;1;5;1;3;0;0;1;2;3;2;0;0;1;1;3;
Trevor Booker;;23;1;4;0;1;0;0;0;1;1;2;1;1;0;2;2;
Joe Ingles;;30;4;10;1;4;1;2;1;3;4;2;3;0;1;4;10;
Jack Cooley;;5;1;1;0;0;0;0;0;0;0;0;0;0;0;1;2;
Ian Clark;;14;1;4;1;3;0;0;0;0;0;1;1;0;0;0;3;
