04-13;NY-ATL;112-108;
32-28;30-21;21-29;29-30;
NY
Jason Smith;PF;36;7;13;1;2;5;5;2;7;9;5;0;2;2;2;20;
Lance Thomas;SF;33;3;11;1;3;0;0;2;2;4;3;2;0;2;3;7;
Cole Aldrich;C;10;1;1;0;0;0;0;0;2;2;0;0;0;1;1;2;
Langston Galloway;PG;32;10;12;6;6;0;0;0;5;5;6;1;0;3;3;26;
Tim Hardaway Jr.;SG;36;9;17;3;9;2;3;0;2;2;5;0;1;1;3;23;
Lou Amundson;;24;3;4;0;0;2;6;2;3;5;3;2;3;1;3;8;
Cleanthony Early;;12;1;4;1;2;2;2;1;3;4;1;0;0;1;1;5;
Quincy Acy;;26;5;7;1;2;1;1;1;3;4;3;0;1;2;2;12;
Shane Larkin;;22;4;7;0;1;1;2;0;3;3;7;2;0;3;1;9;
Ricky Ledo;;8;0;1;0;0;0;0;1;0;1;0;0;0;1;0;0;
ATL
Mike Muscala;PF;25;1;2;0;0;0;0;2;1;3;3;1;2;0;5;2;
DeMarre Carroll;SF;33;5;11;2;6;4;6;2;2;4;3;1;0;1;2;16;
Al Horford;C;33;9;17;0;0;0;0;3;3;6;1;2;1;2;3;18;
Jeff Teague;PG;34;7;17;1;2;4;4;1;4;5;9;2;0;2;1;19;
Kyle Korver;SG;34;4;10;4;9;7;7;1;4;5;3;0;0;1;2;19;
Elton Brand;;17;2;3;0;0;0;0;1;1;2;1;0;0;1;0;4;
Mike Scott;;22;2;6;1;4;0;0;1;5;6;2;3;0;0;1;5;
Shelvin Mack;;16;5;10;2;4;0;0;0;0;0;3;1;0;1;0;12;
John Jenkins;;10;1;4;0;3;1;2;0;0;0;1;0;0;0;0;3;
Kent Bazemore;;16;3;8;1;4;3;4;1;5;6;1;0;0;0;3;10;
