01-27;MIL-MIA;109-102;
30-29;24-21;28-32;27-20;
MIL
Ersan Ilyasova;PF;10;2;4;0;0;0;0;0;1;1;0;0;0;1;1;4;
Giannis Antetokounmpo;SF;40;4;6;0;0;5;6;0;6;6;4;0;1;1;4;13;
Zaza Pachulia;C;21;1;5;0;0;2;2;3;2;5;1;1;0;1;2;4;
Brandon Knight;PG;38;5;13;3;5;4;4;0;2;2;6;3;0;4;0;17;
Khris Middleton;SG;30;7;9;3;4;0;1;0;3;3;1;1;0;1;4;17;
Kenyon Martin;;12;0;3;0;0;2;2;1;2;3;0;0;0;0;1;2;
Jared Dudley;;23;4;6;1;2;2;4;0;2;2;3;0;0;1;1;11;
John Henson;;18;4;5;0;0;4;6;0;4;4;1;1;1;2;3;12;
Jerryd Bayless;;22;6;8;1;1;2;4;0;4;4;7;0;0;0;4;15;
O.J. Mayo;;26;6;12;1;4;1;1;0;4;4;2;1;1;1;2;14;
MIA
Danny Granger;SF;36;5;9;3;5;1;1;1;5;6;2;1;0;0;2;14;
Chris Bosh;C;36;10;19;2;4;4;6;0;4;4;1;0;0;2;1;26;
Hassan Whiteside;C;36;6;12;0;0;4;4;3;13;16;1;1;0;2;5;16;
Mario Chalmers;PG;34;6;9;1;3;8;12;0;2;2;8;0;1;1;5;21;
Dwyane Wade;SG;19;5;9;0;0;2;3;0;1;1;4;2;0;4;0;12;
Udonis Haslem;;12;1;2;0;0;0;0;0;1;1;0;0;0;0;1;2;
James Ennis;;19;1;3;0;2;0;0;0;0;0;0;1;0;0;5;2;
Shawne Williams;;12;0;2;0;2;0;0;0;1;1;0;0;0;0;3;0;
Norris Cole;;25;3;7;1;3;0;0;1;1;2;2;0;0;0;0;7;
Shabazz Napier;;9;1;3;0;1;0;0;0;0;0;2;0;0;3;1;2;
