11-12;POR-DEN;130-113;
39-28;45-22;27-28;19-35;
POR
LaMarcus Aldridge;PF;30;4;11;1;1;3;3;0;7;7;3;0;6;0;1;12;
Allen Crabbe;SF;18;2;6;1;4;2;2;2;1;3;0;1;1;1;3;7;
Robin Lopez;C;21;8;11;0;0;3;3;2;3;5;0;0;0;1;2;19;
Damian Lillard;PG;30;10;16;5;6;2;2;1;4;5;9;2;0;4;1;27;
Wesley Matthews;SG;25;4;10;2;6;2;3;2;3;5;5;1;0;1;1;12;
Thomas Robinson;;5;0;1;0;0;0;0;1;1;2;0;0;0;0;0;0;
Dorell Wright;;5;1;2;1;1;0;0;0;0;0;1;0;0;0;0;3;
Meyers Leonard;;5;1;1;1;1;2;2;0;0;0;1;0;0;0;1;5;
Joel Freeland;;12;1;2;0;0;0;0;2;2;4;2;0;0;0;2;2;
Chris Kaman;;22;6;8;0;0;4;5;2;5;7;2;1;2;2;3;16;
Steve Blake;;28;2;8;2;7;0;0;0;5;5;5;0;0;2;1;6;
C.J. McCollum;;23;4;7;3;6;4;6;0;2;2;1;1;0;1;2;15;
Will Barton;;16;2;5;0;1;2;3;0;1;1;1;1;0;2;4;6;
DEN
Kenneth Faried;PF;24;3;8;0;0;4;4;2;2;4;1;1;0;0;4;10;
Wilson Chandler;SF;28;3;6;2;3;3;4;0;4;4;4;0;1;1;5;11;
Timofey Mozgov;C;22;2;3;0;0;2;3;3;4;7;1;0;0;1;1;6;
Ty Lawson;PG;42;11;17;4;5;6;7;0;3;3;6;2;0;1;0;32;
Arron Afflalo;SG;10;1;4;0;2;2;2;0;1;1;1;1;0;1;1;4;
Darrell Arthur;;16;5;11;0;3;0;0;1;2;3;1;1;0;1;2;10;
J.J. Hickson;;21;7;11;0;0;0;2;4;7;11;4;0;0;1;2;14;
Alonzo Gee;;24;2;7;0;1;1;2;1;1;2;0;3;1;1;0;5;
Danilo Gallinari;;15;2;7;1;4;4;4;0;4;4;1;1;0;3;0;9;
Jusuf Nurkic;;7;1;4;0;0;4;4;2;3;5;1;0;0;1;1;6;
JaVale McGee;;4;0;1;0;0;0;0;0;0;0;0;0;0;0;0;0;
Nate Robinson;;8;1;5;0;2;1;1;2;0;2;1;0;0;0;3;3;
Randy Foye;;19;1;6;1;3;0;0;0;1;1;0;1;0;1;5;3;
