03-14;BKN-PHI;94-87;
27-29;24-27;23-10;20-21;
BKN
Thaddeus Young;SF;35;9;15;1;2;2;4;0;9;9;0;2;1;1;2;21;
Joe Johnson;SF;32;6;10;0;2;3;4;0;4;4;3;0;0;2;1;15;
Brook Lopez;C;27;2;7;0;0;6;8;3;4;7;0;0;1;4;4;10;
Deron Williams;PG;26;3;7;0;2;4;6;0;2;2;5;0;0;2;3;10;
Markel Brown;SG;23;0;3;0;1;2;2;1;6;7;1;1;1;1;1;2;
Cory Jefferson;;13;3;3;0;0;0;0;2;3;5;1;1;1;1;0;6;
Mason Plumlee;;21;3;8;0;0;0;0;1;4;5;1;1;1;0;3;6;
Jarrett Jack;;27;6;16;0;3;0;0;0;2;2;8;1;0;3;2;12;
Bojan Bogdanovic;;16;1;4;0;1;0;0;0;0;0;0;1;0;1;0;2;
Alan Anderson;;20;4;11;1;6;1;2;0;4;4;1;2;0;1;0;10;
PHI
Jerami Grant;SF;30;3;11;2;7;0;4;1;3;4;1;0;3;3;4;8;
Nerlens Noel;C;30;7;10;0;0;3;3;1;6;7;2;1;2;5;6;17;
Isaiah Canaan;PG;29;6;13;1;8;0;0;1;3;4;3;0;0;0;2;13;
Jason Richardson;SG;19;3;11;0;4;0;0;2;1;3;4;0;1;1;2;6;
JaKarr Sampson;SG;20;1;5;0;3;0;0;0;2;2;0;0;0;2;2;2;
Thomas Robinson;;17;3;5;0;0;1;1;3;9;12;0;1;0;1;2;7;
Robert Covington;;23;4;10;2;6;0;0;1;3;4;1;1;0;1;3;10;
Henry Sims;;14;0;5;0;0;3;4;3;3;6;3;1;1;1;3;3;
Ish Smith;;23;3;10;1;3;2;2;0;2;2;5;2;0;2;0;9;
Glenn Robinson III;;7;0;2;0;0;0;0;0;0;0;1;0;0;0;0;0;
Hollis Thompson;;28;5;12;2;6;0;0;0;4;4;1;1;1;0;1;12;
