03-18;POR-MIA;104-108;
32-27;25-21;24-31;23-29;
POR
LaMarcus Aldridge;PF;37;15;24;1;2;3;7;1;11;12;2;1;1;1;2;34;
Nicolas Batum;SF;32;3;6;1;3;1;2;0;4;4;6;1;0;0;0;8;
Robin Lopez;C;30;2;5;0;0;2;2;5;1;6;1;0;1;3;2;6;
Damian Lillard;PG;35;7;13;2;5;1;3;0;3;3;3;1;0;4;1;17;
Arron Afflalo;SG;33;5;13;4;6;1;2;0;3;3;1;0;0;0;2;15;
Dorell Wright;;16;1;4;1;4;0;0;0;1;1;0;0;0;0;3;3;
Meyers Leonard;;11;1;4;0;1;3;3;1;2;3;1;0;0;1;1;5;
Chris Kaman;;18;4;5;0;0;1;2;6;7;13;2;0;0;1;0;9;
Steve Blake;;14;1;2;1;2;0;0;0;0;0;6;0;0;4;1;3;
C.J. McCollum;;14;2;5;0;3;0;0;0;0;0;0;0;0;1;3;4;
MIA
Udonis Haslem;PF;30;3;4;1;1;0;0;0;5;5;1;1;0;2;4;7;
Luol Deng;SF;42;9;13;4;4;2;4;0;4;4;0;1;0;0;0;24;
Hassan Whiteside;C;33;6;11;0;0;0;1;5;5;10;0;0;6;0;0;12;
Dwyane Wade;SG;32;13;26;0;1;6;6;1;3;4;6;1;0;2;2;32;
Goran Dragic;SG;39;9;16;1;2;1;2;0;3;3;11;2;0;1;2;20;
Chris Andersen;;14;1;1;0;0;0;0;0;3;3;1;0;1;0;2;2;
Michael Beasley;;18;3;7;0;0;0;0;1;1;2;0;0;0;0;3;6;
Mario Chalmers;;14;2;5;1;1;0;1;1;0;1;1;1;0;3;4;5;
Tyler Johnson;;17;0;4;0;1;0;0;0;3;3;1;1;0;0;1;0;
