12-13;DET-SAC;95-90;
23-24;20-22;24-14;28-30;
DET
Josh Smith;SF;38;9;16;0;0;3;5;1;12;13;6;2;5;7;1;21;
Kyle Singler;SF;26;4;7;3;5;0;0;0;4;4;0;0;2;1;4;11;
Andre Drummond;C;26;6;10;0;0;0;1;3;7;10;0;2;1;0;4;12;
Brandon Jennings;PG;24;1;4;1;3;0;0;0;1;1;8;0;0;1;2;3;
Kentavious Caldwell-Pope;SG;28;2;6;2;5;2;2;0;2;2;0;0;0;0;1;8;
Greg Monroe;;32;8;13;0;0;8;9;2;6;8;0;1;0;1;2;24;
Caron Butler;;22;1;4;0;1;0;0;0;0;0;0;1;1;0;3;2;
D.J. Augustin;;24;2;10;0;2;4;4;1;2;3;6;0;0;1;1;8;
Jodie Meeks;;20;2;9;0;4;2;2;1;1;2;2;4;0;2;0;6;
SAC
Jason Thompson;PF;19;4;6;0;0;0;0;1;6;7;0;0;0;2;5;8;
Rudy Gay;SF;36;6;22;4;7;4;4;3;5;8;8;1;0;3;0;20;
Ryan Hollins;C;26;2;3;0;0;2;4;5;3;8;1;0;2;1;3;6;
Darren Collison;PG;32;1;10;1;6;0;0;0;3;3;7;1;2;2;3;3;
Ben McLemore;SG;31;5;14;4;8;0;0;2;4;6;1;0;1;2;3;14;
Derrick Williams;;24;3;11;0;2;2;4;2;4;6;1;2;0;0;0;8;
Eric Moreland;;0;1;1;0;0;0;0;0;0;0;0;0;0;0;0;2;
Carl Landry;;24;5;8;0;0;5;7;7;4;11;0;0;1;1;2;15;
Reggie Evans;;15;0;1;0;0;0;0;1;3;4;0;0;0;3;2;0;
Ray McCallum;;17;3;8;1;1;0;0;1;0;1;2;0;0;2;0;7;
Nik Stauskas;;16;3;9;1;5;0;0;0;1;1;1;0;1;0;0;7;
