02-27;UTAH-DEN;104-82;
28-17;22-17;30-19;24-29;
UTAH
Derrick Favors;PF;28;7;10;0;0;7;8;3;7;10;1;1;3;3;4;21;
Gordon Hayward;SF;26;5;12;1;5;4;5;0;5;5;5;2;0;7;2;15;
Joe Ingles;SF;21;3;5;1;3;0;0;0;4;4;5;1;0;0;1;7;
Rudy Gobert;C;32;4;4;0;0;2;2;3;5;8;1;0;6;3;1;10;
Dante Exum;SG;19;1;4;0;3;0;0;0;2;2;1;1;0;2;1;2;
Grant Jerrett;;3;0;0;0;0;0;0;0;0;0;0;0;0;0;0;0;
Trevor Booker;;20;1;3;0;0;0;0;0;4;4;1;0;1;1;1;2;
Jeremy Evans;;13;0;0;0;0;0;0;1;0;1;1;0;1;0;3;0;
Jack Cooley;;2;2;2;0;0;0;0;0;0;0;0;0;0;0;1;4;
Bryce Cotton;;7;1;3;1;1;0;0;0;2;2;1;1;0;1;1;3;
Trey Burke;;23;8;12;3;4;0;0;0;2;2;4;4;1;1;3;19;
Elijah Millsap;;25;2;5;0;2;3;4;0;3;3;3;2;1;2;3;7;
Rodney Hood;;20;5;8;3;3;1;2;1;1;2;1;1;2;0;2;14;
DEN
J.J. Hickson;PF;15;1;4;0;0;1;4;4;1;5;0;0;0;1;2;3;
Joffrey Lauvergne;PF;26;3;8;1;3;2;6;2;4;6;0;0;1;3;1;9;
Danilo Gallinari;SF;26;5;15;2;8;1;2;1;1;2;1;2;0;1;1;13;
Ty Lawson;PG;32;2;6;2;2;2;4;0;2;2;6;0;0;1;1;8;
Gary Harris;SG;16;1;4;0;3;0;0;0;1;1;0;1;0;1;0;2;
Kenneth Faried;;28;4;9;0;0;4;4;3;5;8;2;3;1;2;2;12;
Wilson Chandler;;34;2;11;1;6;1;1;4;4;8;3;2;1;3;1;6;
Erick Green;;9;0;2;0;1;2;2;0;1;1;2;0;0;1;1;2;
Jameer Nelson;;7;0;2;0;1;0;0;0;0;0;2;0;0;0;0;0;
Will Barton;;31;8;15;1;3;5;6;1;1;2;2;0;0;2;2;22;
Randy Foye;;17;2;8;1;5;0;0;1;0;1;4;1;0;0;2;5;
