01-19;SAC-POR;94-98;
31-23;25-28;19-16;19-31;
SAC
Jason Thompson;PF;28;2;4;0;0;0;0;0;7;7;0;0;0;2;2;4;
Rudy Gay;SF;39;10;19;1;2;5;6;2;3;5;2;2;0;6;4;26;
DeMarcus Cousins;C;38;7;17;0;0;8;12;4;15;19;1;0;4;5;6;22;
Darren Collison;PG;36;6;11;1;3;0;1;2;5;7;8;1;0;5;3;13;
Ben McLemore;SG;35;3;10;2;5;3;3;0;5;5;1;2;1;3;2;11;
Derrick Williams;;24;2;5;0;1;2;2;0;1;1;0;0;0;0;2;6;
Omri Casspi;;8;2;3;0;0;1;2;1;1;2;0;1;0;0;1;5;
Reggie Evans;;14;0;2;0;0;3;4;2;4;6;0;0;0;0;1;3;
Ray McCallum;;17;2;5;0;1;0;0;0;1;1;1;2;0;0;1;4;
POR
LaMarcus Aldridge;PF;14;4;7;2;2;0;0;0;1;1;1;2;0;2;0;10;
Nicolas Batum;SF;33;2;8;1;4;3;4;0;4;4;4;0;0;2;2;8;
Chris Kaman;C;19;2;7;0;0;0;0;1;3;4;1;0;1;1;3;4;
Damian Lillard;PG;38;6;19;2;9;8;11;2;4;6;5;3;0;0;1;22;
Wesley Matthews;SG;37;7;20;2;12;1;2;0;3;3;1;3;0;1;2;17;
Thomas Robinson;;21;1;2;0;0;3;6;2;4;6;1;3;0;2;4;5;
Victor Claver;;7;1;2;1;2;0;0;1;2;3;0;0;0;0;2;3;
Dorell Wright;;16;3;6;1;3;2;2;0;2;2;3;2;0;2;2;9;
Meyers Leonard;;19;4;5;1;1;0;0;2;1;3;1;0;1;2;3;9;
Steve Blake;;14;2;4;1;2;0;0;0;1;1;3;1;0;1;1;5;
Will Barton;;15;3;7;0;0;0;1;1;1;2;1;1;1;0;1;6;
C.J. McCollum;;7;0;1;0;1;0;0;0;0;0;0;1;0;0;0;0;
