03-18;MIN-TOR;100-105;
32-31;22-23;21-28;25-23;
MIN
Adreian Payne;PF;19;4;8;0;0;0;0;1;5;6;1;0;0;4;4;8;
Andrew Wiggins;SF;32;6;9;0;1;3;4;3;0;3;0;0;0;3;5;15;
Gorgui Dieng;C;38;2;9;0;0;2;4;1;6;7;3;1;2;4;1;6;
Ricky Rubio;PG;30;1;4;0;1;0;0;1;7;8;8;2;0;2;3;2;
Kevin Martin;SG;44;14;28;5;9;4;4;1;6;7;0;1;1;2;1;37;
Chase Budinger;;36;9;18;1;5;0;1;2;6;8;3;0;1;1;2;19;
Zach LaVine;;20;2;6;0;1;1;2;2;2;4;1;0;0;2;2;5;
Lorenzo Brown;;20;4;5;0;0;0;0;1;1;2;5;3;0;0;2;8;
TOR
Amir Johnson;PF;30;4;6;0;0;0;0;2;4;6;2;2;0;2;4;8;
Terrence Ross;SF;29;6;9;3;5;0;0;0;0;0;1;0;0;1;1;15;
Jonas Valanciunas;C;24;7;9;0;0;1;2;4;11;15;1;0;1;2;3;15;
Kyle Lowry;PG;26;2;7;1;4;4;4;1;2;3;6;0;0;2;2;9;
DeMar DeRozan;SG;39;4;14;1;1;12;12;0;7;7;4;2;0;2;1;21;
Tyler Hansbrough;;8;1;2;0;0;2;2;1;0;1;0;0;0;0;0;4;
James Johnson;;5;0;1;0;0;0;0;0;1;1;1;0;1;0;1;0;
Patrick Patterson;;30;5;9;3;6;1;2;0;4;4;1;1;1;2;0;14;
Greivis Vasquez;;25;4;10;3;6;0;0;0;2;2;5;1;0;1;3;11;
Louis Williams;;25;2;12;1;7;3;5;0;0;0;4;0;0;0;0;8;
