01-13;ATL-PHI;105-87;
25-20;24-17;25-18;31-32;
ATL
Mike Muscala;PF;26;3;10;0;0;0;0;5;4;9;0;1;0;1;3;6;
Thabo Sefolosha;SF;31;2;5;0;1;0;1;0;4;4;2;0;1;2;0;4;
Al Horford;C;29;8;10;0;0;5;6;3;7;10;10;0;1;2;2;21;
Dennis Schroder;PG;25;5;10;2;3;1;2;0;1;1;6;1;0;4;2;13;
Kyle Korver;SG;29;5;8;4;7;1;2;0;4;4;4;0;0;2;0;15;
Elton Brand;;20;3;9;0;0;0;1;5;2;7;1;1;1;0;4;6;
Adreian Payne;;5;1;2;0;0;1;2;0;1;1;0;1;0;0;2;3;
Mike Scott;;26;3;7;1;2;1;2;2;3;5;0;0;0;1;2;8;
Shelvin Mack;;23;5;12;2;4;0;0;0;1;1;10;2;0;2;0;12;
Kent Bazemore;;28;7;14;3;6;0;0;0;5;5;1;0;0;2;2;17;
PHI
Luc Richard Mbah a Moute;PF;20;1;5;1;3;4;6;0;0;0;1;1;0;1;1;7;
Robert Covington;SF;32;2;13;0;7;3;3;3;2;5;1;2;1;3;2;7;
Nerlens Noel;C;31;1;4;0;0;0;2;3;3;6;1;2;1;1;3;2;
Michael Carter-Williams;PG;30;8;13;1;2;3;3;2;7;9;4;1;1;5;3;20;
K.J. McDaniels;SG;33;5;9;2;3;2;2;2;1;3;4;1;0;1;2;14;
Malcolm Thomas;;4;0;1;0;0;0;0;0;0;0;0;0;0;0;0;0;
Furkan Aldemir;;9;0;1;0;0;2;2;1;2;3;0;0;1;0;1;2;
Jerami Grant;;21;5;7;2;3;1;1;0;1;1;0;0;1;1;3;13;
Henry Sims;;8;0;3;0;0;0;0;1;3;4;0;1;1;1;1;0;
JaKarr Sampson;;14;2;4;1;2;0;2;0;2;2;3;0;0;2;2;5;
Tony Wroten;;21;4;12;1;4;1;4;0;1;1;4;0;0;2;3;10;
Hollis Thompson;;17;3;4;1;1;0;0;0;1;1;2;0;0;1;1;7;
