04-03;NY-WSH;87-101;
10-30;36-24;21-29;20-18;
NY
Lou Amundson;PF;23;4;8;0;0;1;2;2;8;10;2;0;1;1;2;9;
Lance Thomas;SF;16;0;3;0;1;0;0;0;2;2;2;0;0;1;0;0;
Andrea Bargnani;C;18;1;9;0;0;0;0;0;1;1;0;0;0;0;1;2;
Langston Galloway;PG;42;5;15;2;6;0;0;2;1;3;3;2;1;2;2;12;
Shane Larkin;PG;36;5;8;0;1;4;4;0;5;5;2;2;0;3;1;14;
Jason Smith;;28;5;10;1;2;0;0;2;4;6;1;1;1;2;3;11;
Cleanthony Early;;2;0;0;0;0;0;0;0;0;0;0;0;0;0;0;0;
Quincy Acy;;22;4;10;2;2;4;4;0;5;5;1;0;1;0;2;14;
Cole Aldrich;;3;1;1;0;0;0;0;0;0;0;1;0;1;1;0;2;
Ricky Ledo;;32;6;13;2;4;7;8;3;6;9;3;1;0;1;3;21;
Tim Hardaway Jr.;;18;0;7;0;5;2;2;0;1;1;2;0;0;0;1;2;
WSH
Drew Gooden;PF;23;3;9;2;4;1;2;4;9;13;1;0;0;0;3;9;
Otto Porter Jr.;SF;29;7;9;2;3;1;2;2;6;8;2;2;1;0;0;17;
Marcin Gortat;C;30;9;13;0;0;1;2;2;4;6;0;0;3;0;2;19;
John Wall;PG;29;3;13;0;1;0;0;0;2;2;18;2;0;4;2;6;
Bradley Beal;SG;36;8;18;2;3;0;0;1;2;3;5;2;1;2;1;18;
Kris Humphries;;25;4;10;0;1;0;0;1;6;7;2;0;0;1;3;8;
Rasual Butler;;20;3;8;1;2;0;0;0;2;2;0;0;1;1;2;7;
Kevin Seraphin;;18;2;7;0;0;1;2;2;2;4;2;0;2;1;2;5;
Will Bynum;;3;0;1;0;1;0;0;0;0;0;0;0;0;0;1;0;
Ramon Sessions;;27;4;5;0;1;4;4;0;3;3;2;2;0;2;1;12;
