11-23;POR-BOS;94-88;
21-23;23-26;28-23;22-16;
POR
LaMarcus Aldridge;PF;37;7;21;0;0;6;7;3;11;14;2;0;1;1;1;20;
Nicolas Batum;SF;32;5;11;2;6;0;0;1;4;5;3;1;0;0;2;12;
Robin Lopez;C;31;4;6;0;0;1;2;2;5;7;2;0;1;4;1;9;
Damian Lillard;PG;38;4;14;2;6;2;2;0;9;9;5;4;0;5;2;12;
Wesley Matthews;SG;36;4;7;2;3;0;0;1;4;5;3;1;0;2;1;10;
Allen Crabbe;;11;0;1;0;1;0;0;0;1;1;0;0;0;0;2;0;
Dorell Wright;;6;0;1;0;1;0;0;0;4;4;0;0;1;1;0;0;
Joel Freeland;;10;2;4;0;0;0;0;0;0;0;0;0;0;1;2;4;
Chris Kaman;;18;6;13;0;0;4;4;3;5;8;0;1;0;1;2;16;
Steve Blake;;21;5;8;1;2;0;0;0;2;2;5;0;0;1;0;11;
BOS
Jared Sullinger;PF;34;8;22;3;9;0;0;2;5;7;4;1;1;0;2;19;
Jeff Green;SF;34;7;16;1;4;4;5;2;1;3;0;2;0;1;2;19;
Kelly Olynyk;C;27;0;3;0;1;0;0;2;6;8;1;2;0;3;3;0;
Rajon Rondo;PG;35;6;9;0;0;1;2;0;6;6;8;2;0;2;2;13;
Avery Bradley;PG;33;6;18;1;8;0;0;0;3;3;0;0;0;0;1;13;
Brandon Bass;;23;3;7;0;0;2;2;1;7;8;0;1;0;0;2;8;
Gerald Wallace;;13;0;1;0;0;0;0;1;0;1;0;2;0;1;1;0;
Tyler Zeller;;11;1;5;0;0;0;1;3;2;5;0;1;0;0;2;2;
Marcus Thornton;;15;2;5;0;0;0;0;0;0;0;1;0;0;0;0;4;
Evan Turner;;14;4;9;0;1;2;2;1;4;5;3;1;0;1;0;10;
