04-13;POR-OKC;90-101;
21-35;21-14;28-32;20-20;
POR
Nicolas Batum;SF;11;0;2;0;1;0;0;0;1;1;0;0;0;1;1;0;
Robin Lopez;C;25;2;2;0;0;0;0;0;0;0;1;0;1;0;0;4;
Meyers Leonard;C;32;9;17;5;9;1;1;0;4;4;1;0;1;1;4;24;
Damian Lillard;PG;27;3;9;1;4;3;4;0;3;3;6;1;0;2;1;10;
C.J. McCollum;SG;20;2;8;0;2;0;0;0;2;2;4;0;1;2;0;4;
Allen Crabbe;;36;2;8;0;2;0;0;0;7;7;1;0;0;2;2;4;
Alonzo Gee;;24;4;7;1;2;2;4;0;5;5;1;0;0;1;3;11;
Chris Kaman;;16;7;9;0;0;0;0;1;3;4;1;0;0;2;3;14;
Joel Freeland;;23;8;13;0;0;0;0;2;3;5;0;0;1;0;2;16;
Tim Frazier;;27;1;8;1;3;0;0;0;4;4;7;0;0;1;5;3;
OKC
Enes Kanter;C;36;13;20;0;0;1;2;6;7;13;1;0;0;2;2;27;
Steven Adams;C;35;2;5;0;1;4;10;6;4;10;0;2;4;0;3;8;
Russell Westbrook;PG;38;13;27;2;5;8;8;2;9;11;7;2;0;5;5;36;
Dion Waiters;SG;39;4;21;0;5;5;5;2;5;7;4;3;0;1;2;13;
Andre Roberson;SG;21;1;3;0;2;0;0;0;4;4;0;0;1;0;3;2;
Nick Collison;;25;1;5;0;1;0;0;1;2;3;0;0;1;0;3;2;
Kyle Singler;;1;0;0;0;0;0;0;0;0;0;0;0;0;0;1;0;
D.J. Augustin;;14;1;5;0;0;0;0;0;2;2;2;0;0;0;0;2;
Anthony Morrow;;31;4;10;2;7;1;2;1;7;8;0;1;0;0;0;11;
