10-29;BKN-BOS;105-121;
23-32;18-35;31-34;33-20;
BKN
Kevin Garnett;PF;23;5;8;0;0;0;0;0;6;6;3;0;0;4;2;10;
Joe Johnson;SF;34;7;19;2;5;3;5;2;4;6;3;1;0;2;4;19;
Mason Plumlee;C;11;2;2;0;0;0;0;1;3;4;0;0;2;2;4;4;
Deron Williams;PG;39;6;16;0;3;7;7;0;3;3;8;2;1;4;1;19;
Bojan Bogdanovic;SG;26;3;6;1;2;0;0;0;0;0;2;0;1;2;3;7;
Cory Jefferson;;9;2;2;0;0;4;6;1;1;2;0;0;0;0;1;8;
Mirza Teletovic;;23;8;11;4;6;0;0;2;4;6;1;0;2;2;1;20;
Andrei Kirilenko;;10;0;3;0;0;3;4;2;1;3;0;1;0;0;0;3;
Jerome Jordan;;6;0;0;0;0;0;0;1;1;2;0;0;0;1;2;0;
Jarrett Jack;;30;5;9;0;0;1;2;0;2;2;2;2;0;1;1;11;
Sergey Karasev;;3;0;0;0;0;0;0;0;3;3;0;0;0;1;0;0;
Alan Anderson;;25;1;4;0;3;2;2;0;2;2;1;0;1;1;2;4;
BOS
Jared Sullinger;PF;28;5;9;1;3;2;3;0;4;4;2;0;2;1;2;13;
Jeff Green;SF;36;4;10;2;3;7;9;2;4;6;3;2;0;0;5;17;
Kelly Olynyk;C;29;8;14;1;2;2;2;4;2;6;2;1;0;1;4;19;
Rajon Rondo;PG;30;6;9;1;3;0;4;0;7;7;12;1;1;3;1;13;
Avery Bradley;PG;30;7;13;1;3;0;0;0;0;0;0;0;0;1;5;15;
Brandon Bass;;16;4;7;0;1;0;0;1;1;2;1;2;0;3;0;8;
Tyler Zeller;;6;3;4;0;0;0;0;0;1;1;1;0;0;0;1;6;
Marcus Smart;;28;3;7;1;4;3;3;1;1;2;2;4;0;0;2;10;
Marcus Thornton;;14;4;6;1;2;1;1;0;0;0;0;0;1;0;2;10;
Evan Turner;;24;5;9;0;1;0;1;1;6;7;5;1;1;3;3;10;
