12-28;TOR-DEN;116-102;
27-24;33-30;28-33;28-15;
TOR
Amir Johnson;PF;26;5;8;0;1;3;3;2;2;4;1;0;2;0;3;13;
James Johnson;PF;19;2;4;0;2;1;2;0;3;3;1;1;1;2;3;5;
Terrence Ross;SF;35;3;10;1;3;1;2;1;7;8;1;0;0;1;1;8;
Jonas Valanciunas;C;17;2;5;0;0;3;4;3;3;6;0;1;0;0;3;7;
Kyle Lowry;PG;38;12;20;3;5;3;4;0;7;7;11;1;1;2;4;30;
Patrick Patterson;;27;2;5;2;4;2;4;0;2;2;1;0;0;0;1;8;
Tyler Hansbrough;;20;5;8;0;0;0;0;4;3;7;0;0;1;0;2;10;
Chuck Hayes;;7;0;0;0;0;2;2;0;0;0;0;0;0;0;1;2;
Greivis Vasquez;;18;1;10;0;1;0;2;1;1;2;6;0;0;1;1;2;
Louis Williams;;34;11;18;4;7;5;9;2;3;5;2;1;0;0;4;31;
DEN
Kenneth Faried;PF;38;8;19;0;1;1;2;7;12;19;2;0;0;2;1;17;
Wilson Chandler;SF;41;8;20;1;3;3;5;2;8;10;3;0;1;3;4;20;
Timofey Mozgov;C;29;1;4;0;0;6;8;2;3;5;0;0;0;1;5;8;
Ty Lawson;PG;40;9;17;1;4;9;11;1;4;5;7;1;0;0;2;28;
Arron Afflalo;SG;39;4;11;1;4;0;0;0;1;1;4;1;0;1;3;9;
Darrell Arthur;;11;1;6;0;2;0;0;0;2;2;0;0;0;0;3;2;
J.J. Hickson;;18;1;2;0;0;1;2;3;3;6;0;0;0;2;1;3;
Alonzo Gee;;5;0;0;0;0;0;0;0;0;0;0;0;1;0;1;0;
Jusuf Nurkic;;5;1;2;0;0;4;6;0;1;1;1;0;0;1;3;6;
Nate Robinson;;14;4;6;1;3;0;0;0;0;0;1;1;0;0;1;9;
