03-20;WSH-LAC;99-113;
21-35;33-31;23-24;22-23;
WSH
Nene Hilario;PF;26;6;14;0;0;2;4;2;5;7;1;1;1;2;3;14;
Paul Pierce;SF;30;2;11;2;8;0;0;0;4;4;4;0;1;1;1;6;
Marcin Gortat;C;29;6;9;0;0;0;0;2;3;5;2;1;0;1;2;12;
John Wall;PG;39;7;18;1;3;4;5;1;5;6;10;1;0;3;3;19;
Bradley Beal;SG;37;5;10;3;5;5;5;1;1;2;4;0;0;1;2;18;
Drew Gooden;;21;3;5;0;1;4;4;1;3;4;2;1;0;1;3;10;
Otto Porter Jr.;;11;1;1;0;0;0;0;0;3;3;0;0;0;0;0;2;
Martell Webster;;2;0;1;0;0;2;2;1;1;2;0;0;0;0;0;2;
Rasual Butler;;4;0;1;0;1;0;0;0;0;0;0;0;0;0;0;0;
Kevin Seraphin;;15;5;9;0;0;0;0;0;1;1;1;0;0;0;2;10;
Ramon Sessions;;27;2;7;0;1;2;3;0;2;2;3;2;0;0;0;6;
LAC
Blake Griffin;PF;36;10;19;0;0;2;7;1;5;6;5;1;1;4;4;22;
Matt Barnes;SF;31;3;10;2;7;0;0;0;4;4;0;0;2;2;4;8;
DeAndre Jordan;C;43;5;7;0;0;0;0;7;16;23;3;2;3;2;2;10;
Chris Paul;PG;37;12;21;1;3;5;6;0;6;6;15;1;0;1;3;30;
J.J. Redick;SG;35;9;15;4;7;4;4;0;2;2;2;0;0;0;0;26;
Spencer Hawes;;15;1;5;1;1;0;0;0;3;3;1;0;0;2;2;3;
Hedo Turkoglu;;12;2;2;2;2;0;0;0;1;1;2;0;0;1;0;6;
Nate Robinson;;12;1;3;1;2;0;0;0;0;0;3;1;0;2;1;3;
Jordan Hamilton;;2;0;0;0;0;0;0;0;0;0;0;0;0;0;1;0;
Austin Rivers;;16;2;4;1;1;0;0;0;1;1;2;0;0;0;3;5;
Dahntay Jones;;2;0;0;0;0;0;0;0;0;0;0;0;0;0;1;0;
