12-02;OKC-NO;104-112;
26-29;26-40;22-16;30-27;
OKC
Serge Ibaka;PF;36;3;11;0;3;0;0;1;2;3;0;0;4;1;2;6;
Kevin Durant;SF;30;9;18;3;8;6;7;0;3;3;2;0;0;5;2;27;
Steven Adams;C;22;1;2;0;0;0;1;0;5;5;1;1;2;0;2;2;
Russell Westbrook;PG;33;6;20;1;4;8;9;1;5;6;7;2;0;7;3;21;
Andre Roberson;SG;18;0;1;0;0;0;0;2;7;9;0;1;0;0;3;0;
Nick Collison;;7;1;2;0;1;0;0;0;0;0;0;0;0;0;5;2;
Lance Thomas;;4;0;0;0;0;2;2;1;0;1;0;0;0;0;3;2;
Kendrick Perkins;;19;2;5;0;0;0;0;3;5;8;1;0;0;3;4;4;
Ish Smith;;0;0;0;0;0;0;0;0;0;0;0;0;0;0;0;0;
Reggie Jackson;;34;7;14;0;3;3;3;0;2;2;4;1;0;1;4;17;
Anthony Morrow;;23;3;4;2;3;0;0;1;2;3;1;1;0;0;3;8;
Jeremy Lamb;;15;5;7;1;2;4;5;0;5;5;0;1;0;0;1;15;
NO
Anthony Davis;PF;39;8;15;0;0;9;16;2;8;10;4;6;4;1;2;25;
Luke Babbitt;SF;15;2;5;2;4;0;0;0;2;2;1;0;1;1;4;6;
Omer Asik;C;27;1;5;0;0;3;6;7;7;14;1;0;2;1;2;5;
Jrue Holiday;PG;38;6;17;0;4;4;4;0;5;5;10;3;2;2;1;16;
Tyreke Evans;SG;39;14;24;0;1;2;4;1;1;2;5;0;1;6;0;30;
Ryan Anderson;;35;7;15;2;7;7;7;6;5;11;1;2;0;0;3;23;
John Salmons;;25;0;1;0;0;0;2;0;5;5;1;1;1;0;3;0;
Alexis Ajinca;;6;0;1;0;0;2;2;0;0;0;0;0;0;0;3;2;
Jimmer Fredette;;4;0;2;0;0;0;0;0;0;0;0;1;0;0;1;0;
Austin Rivers;;12;1;3;1;1;2;4;0;0;0;0;0;0;2;2;5;
