03-06;BOS-NO;104-98;
27-25;20-22;24-21;33-30;
BOS
Brandon Bass;PF;38;7;13;1;2;2;2;2;4;6;1;1;0;2;4;17;
Jae Crowder;SF;37;5;9;1;3;0;0;1;8;9;1;4;0;1;0;11;
Tyler Zeller;C;14;3;7;0;0;0;0;1;3;4;1;0;0;1;1;6;
Marcus Smart;PG;34;2;8;1;4;2;2;1;4;5;4;2;0;0;3;7;
Evan Turner;SG;36;6;11;1;1;3;3;0;6;6;6;0;0;4;4;16;
Jonas Jerebko;;18;3;5;1;2;2;2;0;2;2;0;1;0;0;2;9;
Kelly Olynyk;;22;1;9;0;3;6;8;2;1;3;3;0;1;0;3;8;
Isaiah Thomas;;29;8;13;4;6;7;8;0;1;1;3;0;0;3;0;27;
James Young;;12;1;4;1;2;0;0;0;1;1;0;0;0;0;0;3;
NO
Anthony Davis;PF;42;11;21;0;0;7;8;2;12;14;2;1;3;3;2;29;
Omer Asik;C;22;3;4;0;0;4;4;1;6;7;1;0;0;1;1;10;
Eric Gordon;SG;37;7;15;4;9;2;2;0;2;2;2;1;0;1;1;20;
Quincy Pondexter;SG;31;2;7;1;3;1;1;0;2;2;4;0;1;0;3;6;
Tyreke Evans;SG;36;5;13;1;4;0;0;3;4;7;6;2;1;7;2;11;
Dante Cunningham;;16;1;4;0;0;0;0;1;1;2;0;0;0;0;0;2;
Luke Babbitt;;20;5;6;2;3;0;0;0;7;7;2;1;0;1;0;12;
Alexis Ajinca;;10;2;2;0;0;0;0;2;2;4;1;0;1;0;2;4;
Norris Cole;;25;2;8;0;2;0;0;0;0;0;4;0;0;5;4;4;
