10-29;GS-SAC;95-77;
25-23;22-26;26-14;22-14;
GS
Harrison Barnes;SF;29;3;10;0;3;3;5;2;4;6;1;0;0;1;2;9;
Draymond Green;SF;34;4;7;2;2;2;4;2;8;10;3;1;0;5;2;12;
Andrew Bogut;C;18;2;2;0;0;0;0;0;5;5;0;0;4;1;4;4;
Stephen Curry;PG;37;7;17;2;9;8;9;1;9;10;5;6;0;4;5;24;
Klay Thompson;SG;38;4;14;2;8;9;10;0;2;2;6;2;1;5;1;19;
Ognjen Kuzmic;;6;0;0;0;0;0;0;0;1;1;0;0;1;0;4;0;
Festus Ezeli;;8;2;2;0;0;1;2;0;1;1;0;0;0;0;4;5;
Marreese Speights;;18;8;13;0;0;0;0;2;3;5;2;0;0;3;2;16;
Shaun Livingston;;4;0;0;0;0;0;0;0;0;0;0;0;0;0;0;0;
Justin Holiday;;4;0;0;0;0;0;0;0;0;0;1;0;1;0;1;0;
Leandro Barbosa;;14;2;4;0;1;0;0;0;1;1;1;0;1;1;5;4;
Andre Iguodala;;29;1;6;0;4;0;2;0;3;3;2;3;0;2;2;2;
SAC
Jason Thompson;PF;21;1;3;0;0;0;0;2;5;7;0;2;1;4;3;2;
Rudy Gay;SF;34;5;15;0;2;4;5;2;7;9;0;1;1;3;3;14;
DeMarcus Cousins;C;31;4;14;0;0;12;18;3;8;11;1;1;0;6;5;20;
Darren Collison;PG;36;4;12;1;4;4;6;0;4;4;8;5;1;1;2;13;
Ben McLemore;SG;26;0;5;0;2;0;0;0;2;2;1;1;0;2;3;0;
Derrick Williams;;13;1;4;0;2;0;0;1;1;2;0;1;0;0;2;2;
Carl Landry;;17;3;5;0;0;2;2;5;2;7;0;0;0;2;1;8;
Omri Casspi;;15;1;3;0;1;2;2;0;2;2;1;0;0;2;2;4;
Reggie Evans;;7;0;3;0;0;0;0;2;3;5;1;0;0;1;0;0;
Ryan Hollins;;2;1;1;0;0;0;0;0;1;1;0;0;0;0;0;2;
Ray McCallum;;2;0;0;0;0;0;0;0;0;0;0;0;0;0;0;0;
Ramon Sessions;;10;1;3;0;0;1;1;0;0;0;1;0;0;4;2;3;
Nik Stauskas;;26;3;10;2;7;1;1;0;0;0;0;0;0;1;3;9;
