03-03;BOS-CLE;79-110;
16-29;20-32;17-34;26-15;
BOS
Brandon Bass;PF;27;7;15;1;1;0;0;5;0;5;1;0;0;3;0;15;
Tyler Zeller;C;12;2;3;0;0;0;0;0;3;3;1;0;0;0;3;4;
Avery Bradley;PG;24;3;9;1;4;0;0;0;1;1;1;0;0;1;2;7;
Marcus Smart;PG;22;0;5;0;3;2;2;0;5;5;2;1;0;2;1;2;
Evan Turner;SG;28;3;8;0;1;0;0;0;2;2;7;2;0;2;3;6;
Shavlik Randolph;;13;2;6;0;1;0;0;2;2;4;1;1;1;0;1;4;
Jonas Jerebko;;21;2;8;1;3;0;0;2;3;5;2;0;1;1;3;5;
Gerald Wallace;;15;0;1;0;0;0;0;1;4;5;0;0;0;1;1;0;
Luigi Datome;;15;3;7;1;3;0;0;0;5;5;0;0;0;1;1;7;
Jae Crowder;;14;1;5;0;2;2;4;1;1;2;2;0;0;0;2;4;
Phil Pressey;;12;2;3;1;2;0;0;0;2;2;4;0;1;0;2;5;
Isaiah Thomas;;20;4;13;0;3;3;4;0;2;2;2;0;0;3;2;11;
James Young;;17;2;5;2;5;3;3;0;1;1;0;0;0;0;0;9;
CLE
Kevin Love;PF;25;4;10;2;6;2;2;0;8;8;3;0;1;0;0;12;
LeBron James;SF;26;12;23;0;1;3;3;1;2;3;5;3;1;1;0;27;
Timofey Mozgov;C;20;5;6;0;0;0;0;3;3;6;3;0;3;1;3;10;
Kyrie Irving;PG;26;6;10;2;4;4;4;0;2;2;5;2;0;2;2;18;
J.R. Smith;SG;23;5;9;2;4;0;0;0;4;4;0;1;0;1;3;12;
James Jones;;21;3;6;2;4;2;2;1;5;6;2;1;0;0;2;10;
Kendrick Perkins;;12;2;7;0;0;1;1;2;0;2;1;1;0;2;2;5;
Tristan Thompson;;17;4;4;0;0;2;2;1;6;7;0;0;0;1;0;10;
Mike Miller;;12;0;1;0;1;0;0;0;1;1;0;0;0;0;1;0;
Iman Shumpert;;17;0;2;0;1;0;0;2;4;6;2;1;1;2;1;0;
Matthew Dellavedova;;25;0;6;0;3;0;0;1;4;5;7;1;0;0;2;0;
Joe Harris;;15;2;5;2;4;0;0;1;1;2;0;0;0;1;2;6;
