10-30;OKC-LAC;90-93;
28-22;13-24;21-24;28-23;
OKC
Serge Ibaka;PF;33;7;13;2;5;1;1;2;7;9;2;0;0;0;4;17;
Perry Jones;SF;42;10;17;3;6;9;11;1;6;7;3;0;1;5;4;32;
Steven Adams;C;29;2;8;0;1;2;2;4;6;10;1;0;0;3;5;6;
Russell Westbrook;PG;9;1;3;0;1;0;0;0;0;0;4;1;0;3;2;2;
Andre Roberson;SG;37;3;5;0;2;3;4;0;6;6;3;2;0;4;4;9;
Nick Collison;;15;2;5;0;1;2;2;0;6;6;0;1;1;3;2;6;
Lance Thomas;;19;1;3;0;0;2;2;1;0;1;2;0;0;1;1;4;
Kendrick Perkins;;19;0;2;0;0;3;4;0;6;6;1;0;0;1;1;3;
Sebastian Telfair;;38;2;9;1;5;6;8;0;2;2;7;1;0;2;4;11;
LAC
Blake Griffin;PF;38;8;18;0;0;7;10;5;2;7;3;1;0;3;6;23;
Matt Barnes;SF;27;3;6;1;3;0;0;0;3;3;1;1;2;0;2;7;
DeAndre Jordan;C;35;4;6;0;0;0;0;5;5;10;1;1;0;2;2;8;
Chris Paul;PG;38;9;18;1;3;3;7;2;2;4;7;3;1;0;3;22;
J.J. Redick;SG;30;1;10;1;7;2;2;0;0;0;0;0;0;2;2;5;
Spencer Hawes;;19;2;6;0;3;0;0;1;3;4;1;0;1;1;2;4;
Ekpe Udoh;;4;0;0;0;0;0;0;0;0;0;0;0;0;0;1;0;
Jordan Farmar;;10;2;4;2;4;0;0;0;0;0;1;1;0;0;2;6;
Chris Douglas-Roberts;;12;0;4;0;2;2;2;1;2;3;1;0;0;0;4;2;
Jamal Crawford;;27;5;15;2;8;4;4;0;2;2;2;3;0;3;3;16;
