01-21;IND-ATL;91-110;
21-25;20-27;23-36;27-22;
IND
David West;PF;28;3;8;0;0;3;4;4;7;11;4;1;1;2;2;9;
Solomon Hill;SF;27;3;9;1;4;0;0;0;2;2;2;0;0;2;2;7;
Roy Hibbert;C;20;1;4;0;0;2;2;0;1;1;0;0;1;1;2;4;
Rodney Stuckey;PG;23;5;10;0;2;2;2;0;3;3;1;1;0;0;0;12;
C.J. Watson;PG;28;4;9;1;3;4;4;0;4;4;3;2;0;3;4;13;
Shayne Whittington;;8;2;4;0;2;2;2;1;0;1;1;1;0;0;2;6;
Lavoy Allen;;3;0;0;0;0;0;0;0;0;0;0;0;0;0;0;0;
Luis Scola;;17;2;6;0;0;6;6;3;4;7;1;1;0;3;1;10;
Chris Copeland;;4;0;1;0;1;0;0;0;0;0;0;0;0;1;0;0;
Damjan Rudez;;20;3;7;1;3;1;2;1;2;3;2;0;0;0;0;8;
Ian Mahinmi;;19;1;3;0;0;0;0;1;3;4;1;0;0;1;2;2;
Donald Sloan;;17;0;2;0;2;2;2;0;3;3;5;0;0;4;3;2;
C.J. Miles;;27;7;15;2;8;2;2;0;3;3;2;1;0;1;3;18;
ATL
Paul Millsap;PF;30;4;7;1;3;3;3;1;8;9;1;0;0;4;3;12;
DeMarre Carroll;SF;30;7;11;3;5;0;1;0;2;2;4;4;0;1;4;17;
Al Horford;C;27;6;10;0;1;2;3;3;4;7;5;1;1;1;0;14;
Jeff Teague;PG;30;6;13;1;3;4;5;0;3;3;11;2;0;3;1;17;
Kyle Korver;SG;31;4;6;2;4;0;0;0;4;4;2;1;0;2;3;10;
Mike Scott;;19;1;6;0;2;3;4;0;1;1;1;0;0;0;1;5;
Mike Muscala;;3;0;0;0;0;4;4;1;1;2;0;0;0;0;0;4;
Pero Antic;;18;4;7;3;5;1;2;2;2;4;2;0;0;1;3;12;
Thabo Sefolosha;;19;3;7;1;3;1;2;1;4;5;0;2;1;1;1;8;
Dennis Schroder;;16;2;4;1;1;0;0;0;3;3;4;0;1;1;2;5;
John Jenkins;;3;1;2;1;2;0;0;0;1;1;0;0;0;0;1;3;
Kent Bazemore;;16;1;5;0;0;1;2;1;1;2;0;2;0;2;4;3;
