04-05;PHI-NY;91-101;
20-26;31-28;21-25;19-22;
PHI
Furkan Aldemir;PF;29;2;7;0;2;0;0;5;4;9;2;0;0;0;4;4;
Robert Covington;SF;29;4;13;3;10;3;4;2;1;3;2;1;0;3;3;14;
Jerami Grant;SF;27;2;7;0;2;0;0;0;1;1;1;1;0;1;4;4;
Nerlens Noel;C;37;7;14;0;0;0;1;5;4;9;4;1;2;1;3;14;
Ish Smith;PG;32;8;18;1;4;0;1;0;1;1;7;2;0;1;3;17;
Henry Sims;;16;5;10;0;0;2;2;3;4;7;0;1;3;1;1;12;
JaKarr Sampson;;17;1;6;0;2;0;0;0;1;1;3;1;0;1;3;2;
Glenn Robinson III;;5;0;2;0;0;0;0;1;0;1;0;0;0;0;0;0;
Jason Richardson;;23;3;11;1;6;0;0;2;1;3;1;0;0;2;0;7;
Hollis Thompson;;26;6;11;5;6;0;0;1;0;1;2;1;0;0;2;17;
NY
Lou Amundson;PF;21;2;2;0;0;4;6;0;4;4;2;1;3;3;3;8;
Lance Thomas;SF;30;6;8;0;1;2;2;4;5;9;1;0;1;2;1;14;
Andrea Bargnani;C;34;8;15;2;3;7;8;3;5;8;4;0;4;2;0;25;
Langston Galloway;PG;28;4;12;0;3;0;0;0;5;5;1;0;1;2;4;8;
Shane Larkin;PG;41;4;8;0;0;7;8;2;9;11;7;1;0;0;3;15;
Jason Smith;;20;2;6;0;0;2;2;1;0;1;1;1;4;2;2;6;
Quincy Acy;;20;3;4;0;0;1;2;4;5;9;2;2;1;2;3;7;
Ricky Ledo;;19;3;6;0;1;0;0;1;0;1;2;0;0;2;1;6;
Tim Hardaway Jr.;;26;5;11;1;5;1;1;0;1;1;4;1;0;3;1;12;
