11-10;NO-CLE;111-118;
28-24;28-27;23-34;32-33;
NO
Anthony Davis;PF;40;12;21;0;2;3;4;5;9;14;4;4;3;0;1;27;
Omer Asik;C;26;2;5;0;0;4;4;4;6;10;2;1;1;2;2;8;
Jrue Holiday;PG;37;5;12;1;4;5;5;0;3;3;5;1;0;1;2;16;
Eric Gordon;SG;32;4;11;1;4;1;3;2;1;3;1;1;0;0;3;10;
Tyreke Evans;SG;30;2;14;0;1;2;2;1;3;4;10;0;1;1;6;6;
Ryan Anderson;;34;11;19;8;12;2;2;2;3;5;3;1;0;0;2;32;
John Salmons;;10;0;1;0;1;0;0;0;1;1;0;0;0;0;1;0;
Jimmer Fredette;;11;2;4;0;1;0;0;0;0;0;2;0;0;0;1;4;
Austin Rivers;;20;3;6;2;2;0;0;0;0;0;4;0;0;1;2;8;
CLE
Kevin Love;PF;39;7;13;6;9;2;2;1;4;5;2;1;0;1;2;22;
LeBron James;SF;40;9;17;1;3;13;17;2;9;11;9;1;1;4;1;32;
Anderson Varejao;C;22;4;7;0;0;4;4;1;4;5;2;0;2;1;1;12;
Kyrie Irving;PG;41;11;21;4;7;6;7;1;4;5;9;0;0;1;2;32;
Shawn Marion;SG;30;2;5;0;0;0;0;3;5;8;1;1;0;1;1;4;
Tristan Thompson;;26;3;7;0;0;0;0;3;3;6;1;0;2;1;1;6;
Alex Kirk;;0;0;0;0;0;0;0;0;0;0;0;0;0;0;0;0;
Will Cherry;;4;1;2;0;1;0;0;0;1;1;0;0;0;0;0;2;
Joe Harris;;20;2;6;1;4;0;0;0;1;1;1;0;0;0;3;5;
Mike Miller;;19;1;3;1;3;0;0;1;2;3;1;0;0;0;2;3;
