01-14;HOU-ORL;113-120;
19-29;33-26;33-29;28-36;
HOU
Donatas Motiejunas;PF;35;5;9;0;1;2;2;1;4;5;4;1;0;3;2;12;
Trevor Ariza;SF;34;6;7;3;4;0;0;0;5;5;1;1;1;0;1;15;
Dwight Howard;C;36;8;15;0;0;7;7;2;6;8;3;0;1;2;2;23;
Patrick Beverley;PG;34;7;11;3;5;0;0;0;2;2;0;1;2;4;4;17;
James Harden;SG;38;10;16;1;5;5;6;2;2;4;10;5;1;7;4;26;
Josh Smith;;24;2;11;0;4;1;2;4;6;10;5;0;1;4;2;5;
Alexey Shved;;14;1;5;1;2;3;4;0;1;1;1;0;0;0;1;6;
Corey Brewer;;25;3;9;1;5;2;2;1;2;3;2;3;0;0;3;9;
ORL
Channing Frye;PF;39;5;10;5;9;0;0;1;4;5;5;1;0;2;2;15;
Devyn Marble;SF;23;0;8;0;6;3;3;2;2;4;2;0;0;2;1;3;
Nikola Vucevic;C;37;10;17;0;0;5;5;5;7;12;3;3;1;1;3;25;
Elfrid Payton;PG;35;5;11;0;0;5;6;0;6;6;4;2;0;5;2;15;
Victor Oladipo;SG;39;12;19;3;4;5;6;2;4;6;6;3;0;3;4;32;
Kyle O'Quinn;;11;2;3;1;1;0;0;0;0;0;1;0;0;0;4;5;
Maurice Harkless;;10;0;6;0;3;0;0;0;1;1;0;0;0;0;1;0;
Luke Ridnour;;12;2;3;0;0;0;0;0;4;4;0;1;0;2;1;4;
Ben Gordon;;21;5;7;0;1;2;2;0;1;1;1;1;0;0;0;12;
Evan Fournier;;13;3;6;0;2;3;4;0;0;0;0;3;0;0;1;9;
