01-02;WSH-OKC;102-109;
29-28;28-27;25-27;20-27;
WSH
Nene Hilario;PF;27;6;11;0;0;0;0;0;1;1;3;1;0;2;1;12;
Paul Pierce;SF;20;4;6;2;3;2;2;0;3;3;1;0;0;2;5;12;
Marcin Gortat;C;32;3;6;0;0;0;0;2;5;7;0;1;0;1;0;6;
John Wall;PG;34;5;13;2;6;2;2;0;2;2;12;0;1;1;2;14;
Bradley Beal;SG;37;7;15;3;5;4;4;1;9;10;6;0;0;3;3;21;
Kris Humphries;;24;4;8;0;0;0;1;4;3;7;3;0;0;1;1;8;
Martell Webster;;5;0;0;0;0;1;2;0;1;1;0;0;0;1;0;1;
Rasual Butler;;30;4;12;3;6;0;0;0;1;1;0;0;0;1;3;11;
Kevin Seraphin;;10;1;4;0;0;0;0;0;3;3;0;0;0;2;2;2;
DeJuan Blair;;2;0;0;0;0;0;0;0;1;1;0;0;0;0;1;0;
Andre Miller;;20;5;9;1;1;4;4;1;2;3;2;1;0;1;1;15;
OKC
Serge Ibaka;PF;32;6;10;1;4;0;0;2;4;6;1;1;0;1;3;13;
Kevin Durant;SF;31;12;18;4;7;6;7;0;8;8;2;0;1;2;3;34;
Steven Adams;C;19;0;1;0;0;0;0;0;5;5;2;0;0;1;2;0;
Russell Westbrook;PG;30;8;23;0;3;6;7;0;3;3;6;2;0;2;5;22;
Andre Roberson;SG;22;0;0;0;0;0;2;1;3;4;0;0;1;1;1;0;
Grant Jerrett;;0;0;0;0;0;0;0;0;0;0;0;0;0;0;0;0;
Nick Collison;;16;5;7;0;0;0;0;2;3;5;1;1;1;0;0;10;
Perry Jones;;14;3;3;0;0;1;2;0;1;1;0;1;0;0;0;7;
Kendrick Perkins;;27;3;6;0;0;0;1;1;3;4;1;1;1;1;4;6;
Ish Smith;;0;0;0;0;0;0;0;0;1;1;0;0;0;0;0;0;
Reggie Jackson;;28;4;10;1;2;0;0;0;1;1;8;2;0;1;1;9;
Anthony Morrow;;20;3;5;2;3;0;0;0;0;0;0;0;0;1;1;8;
Jeremy Lamb;;0;0;0;0;0;0;0;0;0;0;0;0;0;0;0;0;
