03-03;UTAH-MEM;93-82;
19-20;18-18;27-23;29-21;
UTAH
Derrick Favors;PF;36;8;14;0;0;5;6;2;4;6;3;2;3;1;3;21;
Gordon Hayward;SF;35;9;19;0;6;3;4;3;5;8;5;3;0;2;0;21;
Joe Ingles;SF;35;3;5;2;4;0;0;0;3;3;1;1;0;2;1;8;
Rudy Gobert;C;36;6;10;0;0;3;4;6;18;24;2;0;0;2;2;15;
Dante Exum;SG;27;1;5;1;3;0;0;0;3;3;7;1;2;2;3;3;
Trevor Booker;;12;2;5;0;1;0;0;2;1;3;0;0;0;3;3;4;
Jeremy Evans;;12;2;3;0;0;0;0;1;6;7;0;0;1;0;1;4;
Trey Burke;;22;2;11;0;5;0;0;0;0;0;3;0;0;1;2;4;
Elijah Millsap;;11;0;3;0;2;0;0;0;0;0;0;0;0;0;0;0;
Rodney Hood;;14;3;5;2;4;5;5;0;1;1;1;0;1;2;2;13;
MEM
Jeff Green;SF;36;3;13;0;1;0;0;2;4;6;4;1;1;1;2;6;
Marc Gasol;C;34;6;15;0;0;5;6;3;5;8;3;1;0;0;2;17;
Kosta Koufos;C;34;3;10;0;0;0;2;4;6;10;1;0;0;0;3;6;
Mike Conley;PG;36;4;11;0;2;3;4;0;1;1;4;1;1;2;1;11;
Courtney Lee;SG;38;7;13;2;7;2;2;0;5;5;1;1;0;2;1;18;
Jon Leuer;;13;0;5;0;0;2;2;1;4;5;0;0;0;1;0;2;
JaMychal Green;;6;1;2;0;0;0;0;1;0;1;0;0;0;0;1;2;
Nick Calathes;;21;3;5;0;0;1;3;0;1;1;2;2;1;4;1;7;
Jordan Adams;;23;6;8;1;1;0;0;0;0;0;0;1;1;1;1;13;
