12-30;SA-MEM;87-95;
20-30;18-22;25-22;24-21;
SA
Tim Duncan;PF;29;4;7;0;0;1;2;1;9;10;2;1;0;1;3;9;
Marco Belinelli;SF;35;7;13;4;7;0;0;0;4;4;1;1;0;2;1;18;
Tiago Splitter;C;13;2;5;0;0;2;4;1;3;4;0;2;1;2;2;6;
Cory Joseph;PG;31;9;13;0;1;0;1;3;0;3;3;3;0;4;3;18;
Danny Green;SG;24;3;11;1;6;0;0;1;2;3;3;1;3;2;3;7;
Jeff Ayres;;13;1;1;0;0;0;0;0;3;3;0;0;0;0;2;2;
Kyle Anderson;;12;2;2;0;0;0;0;0;0;0;1;0;0;0;2;4;
Austin Daye;;3;1;2;0;1;0;0;0;0;0;0;0;0;0;0;2;
Aron Baynes;;6;0;2;0;0;1;2;1;2;3;0;0;0;0;1;1;
Matt Bonner;;19;1;2;0;1;0;0;1;2;3;1;0;0;0;0;2;
Boris Diaw;;11;0;3;0;0;2;2;0;1;1;1;0;0;4;0;2;
Patty Mills;;18;3;10;0;4;4;4;1;0;1;3;0;0;0;1;10;
Manu Ginobili;;27;2;7;0;2;2;2;1;1;2;2;1;0;1;0;6;
MEM
Jon Leuer;PF;10;2;4;0;0;0;0;2;0;2;1;0;0;2;3;4;
Tony Allen;SF;28;3;8;0;0;1;2;1;2;3;1;3;1;1;2;7;
Marc Gasol;C;37;6;12;0;0;5;7;1;8;9;5;0;2;3;3;17;
Mike Conley;PG;33;10;13;4;5;6;7;0;7;7;6;1;0;4;3;30;
Courtney Lee;SG;31;3;9;1;2;1;1;0;4;4;5;2;0;2;1;8;
Jarnell Stokes;;4;0;1;0;0;0;0;0;1;1;0;0;0;0;0;0;
Tayshaun Prince;;34;4;7;0;1;4;4;1;5;6;3;0;0;3;1;12;
Kosta Koufos;;12;3;4;0;0;0;0;1;0;1;0;0;2;3;3;6;
Beno Udrih;;15;1;6;0;1;1;1;0;2;2;1;1;0;0;1;3;
Jordan Adams;;0;0;0;0;0;0;0;0;0;0;0;0;0;0;0;0;
Quincy Pondexter;;19;2;3;2;3;0;0;0;1;1;1;1;0;0;0;6;
Vince Carter;;18;1;5;0;3;0;0;1;2;3;2;2;0;2;1;2;
