01-16;LAL-UTAH;85-94;
23-28;20-16;20-26;22-24;
LAL
Ed Davis;PF;26;2;3;0;0;1;5;2;2;4;0;0;2;0;2;5;
Wesley Johnson;SF;30;2;3;1;1;0;0;0;4;4;0;0;1;3;1;5;
Jordan Hill;C;29;8;15;0;0;0;1;2;9;11;0;1;1;4;2;16;
Jeremy Lin;PG;30;3;10;0;1;0;0;0;2;2;3;2;0;3;2;6;
Wayne Ellington;SG;25;4;6;0;0;1;2;0;4;4;2;0;0;2;1;9;
Ryan Kelly;;15;0;2;0;0;0;0;0;4;4;0;0;0;2;1;0;
Tarik Black;;19;3;4;0;0;0;0;1;2;3;0;0;0;1;0;6;
Carlos Boozer;;22;4;7;0;0;1;2;1;6;7;0;1;0;2;0;9;
Nick Young;;25;4;9;2;4;13;13;2;0;2;0;0;0;0;0;23;
Jordan Clarkson;;18;1;6;0;1;4;4;0;1;1;2;2;1;2;0;6;
UTAH
Derrick Favors;PF;32;8;16;0;0;2;2;4;6;10;3;0;2;0;3;18;
Gordon Hayward;SF;36;12;18;4;7;3;3;0;3;3;7;1;1;3;0;31;
Joe Ingles;SF;22;1;2;1;2;0;0;0;2;2;4;3;0;0;2;3;
Enes Kanter;C;26;2;10;1;3;2;2;3;2;5;0;3;0;1;1;7;
Trey Burke;PG;39;7;19;4;9;2;2;1;2;3;4;1;0;1;2;20;
Trevor Booker;;14;1;6;1;4;0;0;1;1;2;0;0;0;2;2;3;
Rudy Gobert;;25;3;6;0;0;1;1;2;4;6;3;2;3;2;2;7;
Dante Exum;;16;0;2;0;2;0;0;1;1;2;2;0;0;0;3;0;
Rodney Hood;;21;2;4;1;3;0;0;0;5;5;1;1;0;2;3;5;
Elijah Millsap;;11;0;2;0;1;0;0;0;0;0;0;0;1;1;3;0;
