03-27;POR-PHX;87-81;
29-21;18-26;13-19;27-15;
POR
LaMarcus Aldridge;PF;35;13;26;0;2;1;4;2;7;9;1;1;1;0;2;27;
Nicolas Batum;SF;32;1;6;1;4;2;2;1;8;9;5;0;0;4;2;5;
Robin Lopez;C;29;5;6;0;0;2;5;6;4;10;0;1;1;3;4;12;
Damian Lillard;PG;33;4;15;2;6;1;2;0;4;4;4;0;0;3;2;11;
Arron Afflalo;SG;30;2;6;0;3;0;0;1;3;4;0;0;0;0;1;4;
Dorell Wright;;20;3;8;1;5;1;1;0;5;5;1;1;1;0;1;8;
Joel Freeland;;7;0;0;0;0;0;0;1;0;1;1;0;0;0;0;0;
Chris Kaman;;18;2;8;0;0;0;0;3;8;11;0;1;0;1;3;4;
Steve Blake;;17;4;8;2;4;0;0;0;0;0;1;0;0;1;0;10;
C.J. McCollum;;18;2;6;1;2;1;4;1;0;1;2;0;1;1;3;6;
PHX
Markieff Morris;PF;37;6;16;1;2;2;2;3;6;9;1;1;0;5;3;15;
Marcus Morris;PF;44;8;19;3;9;0;0;0;12;12;3;1;0;1;3;19;
P.J. Tucker;SF;37;3;7;0;1;0;0;2;4;6;0;2;0;2;3;6;
Alex Len;C;30;3;5;0;0;0;0;2;3;5;0;0;0;1;4;6;
Eric Bledsoe;PG;38;5;20;0;4;3;3;1;2;3;7;1;0;0;1;13;
Brandan Wright;;18;1;3;0;0;0;0;0;2;2;0;0;1;0;1;2;
A.J. Price;;4;0;1;0;0;0;0;0;0;0;1;0;0;0;0;0;
Archie Goodwin;;19;2;7;0;0;4;4;3;3;6;1;0;0;3;2;8;
Gerald Green;;13;4;9;2;4;2;3;0;5;5;1;0;0;1;2;12;
