02-04;BKN-TOR;109-93;
22-28;27-23;27-21;33-21;
BKN
Kevin Garnett;PF;12;3;6;0;0;1;1;0;4;4;1;3;0;2;2;7;
Joe Johnson;SF;26;4;8;1;3;3;4;1;0;1;7;1;0;0;0;12;
Mason Plumlee;C;31;2;5;0;0;2;2;2;5;7;1;1;0;0;2;6;
Jarrett Jack;PG;36;9;13;2;4;4;5;0;4;4;6;1;0;2;2;24;
Alan Anderson;SG;33;7;9;3;5;5;5;0;5;5;0;1;0;0;3;22;
Cory Jefferson;;15;3;6;0;0;0;0;3;2;5;0;0;0;0;1;6;
Brook Lopez;;28;4;14;0;0;0;0;2;2;4;2;0;1;1;4;8;
Jerome Jordan;;2;0;1;0;0;0;0;1;0;1;0;0;0;0;0;0;
Deron Williams;;33;4;12;0;2;3;4;0;3;3;6;0;0;0;1;11;
Darius Morris;;1;1;1;0;0;0;0;0;0;0;0;0;0;0;0;2;
Markel Brown;;1;0;1;0;1;0;0;0;0;0;0;0;0;0;0;0;
Bojan Bogdanovic;;22;3;5;3;4;2;2;1;4;5;1;0;0;3;2;11;
TOR
Amir Johnson;PF;27;4;4;1;1;0;0;0;5;5;0;0;0;1;0;9;
Jonas Valanciunas;C;34;3;5;0;0;3;5;3;7;10;1;0;2;1;1;9;
Kyle Lowry;PG;36;5;13;1;3;2;4;1;5;6;10;1;0;4;5;13;
Greivis Vasquez;PG;21;2;5;1;2;0;0;0;0;0;1;0;0;0;4;5;
DeMar DeRozan;SG;35;5;13;0;2;3;3;1;4;5;6;0;0;3;2;13;
Tyler Hansbrough;;7;1;2;0;0;4;4;1;0;1;0;0;0;0;1;6;
Patrick Patterson;;28;5;10;1;5;0;0;3;5;8;1;2;1;0;1;11;
Terrence Ross;;29;9;16;5;11;0;0;0;3;3;0;0;1;0;1;23;
Bruno Caboclo;;1;0;0;0;0;0;0;0;0;0;0;0;0;0;0;0;
Greg Stiemsma;;1;0;0;0;0;0;0;0;0;0;1;0;0;0;0;0;
Louis Williams;;21;1;11;1;9;1;2;0;0;0;2;0;0;0;1;4;
Landry Fields;;1;0;0;0;0;0;0;0;0;0;0;0;0;0;0;0;
