11-12;BKN-PHX;104-112;
29-17;34-32;21-29;20-34;
BKN
Kevin Garnett;PF;27;5;8;0;0;2;2;2;8;10;2;0;0;2;3;12;
Joe Johnson;SF;37;7;16;1;3;6;7;0;5;5;3;2;0;1;1;21;
Brook Lopez;C;26;6;13;0;0;4;5;1;2;3;0;2;1;0;3;16;
Deron Williams;PG;34;5;10;2;5;2;2;0;4;4;5;1;0;5;4;14;
Bojan Bogdanovic;SG;33;4;10;2;4;4;4;0;2;2;0;1;0;2;2;14;
Mirza Teletovic;;33;6;11;4;8;0;0;4;3;7;4;1;0;2;5;16;
Cory Jefferson;;0;0;0;0;0;0;0;0;0;0;0;0;0;0;0;0;
Andrei Kirilenko;;4;0;0;0;0;0;0;0;0;0;0;0;0;0;0;0;
Mason Plumlee;;9;0;2;0;0;1;4;1;3;4;0;1;3;2;2;1;
Jarrett Jack;;24;2;4;0;1;4;4;0;2;2;3;1;0;5;1;8;
Jorge Gutierrez;;0;0;0;0;0;0;0;0;0;0;0;0;0;0;0;0;
Alan Anderson;;13;0;0;0;0;2;4;0;0;0;0;0;0;0;4;2;
PHX
Markieff Morris;PF;34;4;11;1;2;0;0;1;4;5;3;3;0;2;2;9;
Marcus Morris;PF;22;3;7;0;1;0;0;2;2;4;0;2;1;0;4;6;
Miles Plumlee;C;32;4;7;0;0;0;0;2;8;10;1;1;1;1;3;8;
Eric Bledsoe;PG;23;4;5;1;1;2;2;0;4;4;3;1;0;7;2;11;
Goran Dragic;SG;35;7;15;3;6;1;1;2;1;3;6;0;0;2;0;18;
Anthony Tolliver;;9;0;1;0;1;0;0;0;1;1;1;0;0;0;1;0;
P.J. Tucker;;24;2;3;0;1;2;3;1;2;3;1;1;0;2;4;6;
Alex Len;;12;2;4;0;0;1;2;3;2;5;0;0;0;1;0;5;
Isaiah Thomas;;23;6;13;0;3;9;9;1;3;4;2;1;0;3;3;21;
Gerald Green;;27;7;15;3;9;11;12;0;5;5;3;1;0;2;3;28;
