01-11;MIA-LAC;104-90;
30-29;32-24;24-23;18-14;
MIA
Chris Andersen;PF;17;1;3;0;0;2;2;2;3;5;0;1;2;2;1;4;
Luol Deng;SF;34;4;9;2;5;0;0;1;2;3;4;0;0;2;3;10;
Chris Bosh;C;39;13;20;2;5;6;7;2;5;7;2;0;0;1;1;34;
Mario Chalmers;PG;18;0;2;0;1;2;2;0;0;0;3;1;0;1;4;2;
Dwyane Wade;SG;36;5;15;0;2;7;9;2;2;4;10;1;0;2;1;17;
Udonis Haslem;;5;0;4;0;0;0;0;0;1;1;0;0;0;0;2;0;
Danny Granger;;24;3;9;0;3;0;0;2;1;3;2;0;0;2;2;6;
James Ennis;;8;1;2;1;2;0;0;1;1;2;1;0;1;0;1;3;
Hassan Whiteside;;29;10;13;0;0;3;4;5;11;16;0;2;2;0;5;23;
Norris Cole;;30;2;4;1;3;0;0;0;5;5;6;3;0;2;0;5;
LAC
Blake Griffin;PF;39;10;19;1;3;5;7;3;3;6;3;0;0;2;4;26;
Matt Barnes;SF;32;2;4;2;2;2;2;2;1;3;1;1;1;1;4;8;
DeAndre Jordan;C;33;2;3;0;0;0;2;1;5;6;0;1;1;2;4;4;
Chris Paul;PG;36;9;17;3;8;2;2;0;3;3;9;0;0;2;4;23;
J.J. Redick;SG;35;6;10;2;4;0;0;0;2;2;1;1;0;2;2;14;
Ekpe Udoh;;1;0;0;0;0;0;0;0;0;0;0;0;0;0;0;0;
Glen Davis;;4;0;1;0;0;2;2;0;0;0;0;0;0;0;0;2;
Spencer Hawes;;18;2;6;0;2;0;0;0;1;1;1;0;0;0;3;4;
Jordan Farmar;;12;2;5;1;4;0;0;0;3;3;1;0;0;0;2;5;
Reggie Bullock;;7;0;1;0;1;0;0;0;1;1;0;0;0;0;0;0;
Chris Douglas-Roberts;;1;0;0;0;0;0;0;0;0;0;0;0;0;0;0;0;
Jamal Crawford;;22;1;9;0;2;2;3;0;2;2;1;1;0;4;1;4;
