12-06;GS-CHI;112-102;
28-22;33-27;18-31;33-22;
GS
Harrison Barnes;SF;25;3;3;2;2;3;4;0;0;0;1;1;1;0;4;11;
Draymond Green;SF;41;11;20;7;13;2;2;0;7;7;3;4;3;1;3;31;
Andrew Bogut;C;27;2;7;0;0;0;1;7;5;12;3;2;0;3;1;4;
Stephen Curry;PG;36;5;14;1;5;8;9;1;5;6;7;1;0;3;2;19;
Klay Thompson;SG;38;9;23;2;8;4;4;0;5;5;5;2;2;2;3;24;
Marreese Speights;;20;4;10;0;0;3;5;4;2;6;1;0;0;1;3;11;
Shaun Livingston;;17;3;5;0;0;0;0;1;0;1;2;2;0;0;2;6;
Leandro Barbosa;;5;0;1;0;1;0;0;0;0;0;0;0;0;0;0;0;
Andre Iguodala;;30;3;6;0;1;0;0;2;1;3;5;2;0;1;3;6;
CHI
Pau Gasol;PF;36;10;19;0;0;2;2;5;15;20;3;1;1;3;2;22;
Mike Dunleavy;SF;25;2;6;1;2;1;2;0;2;2;3;0;0;2;2;6;
Joakim Noah;C;33;7;8;0;0;2;2;2;3;5;3;0;1;2;2;16;
Derrick Rose;PG;31;2;11;1;7;4;4;1;3;4;6;0;0;2;2;9;
Jimmy Butler;SG;44;8;17;3;6;5;7;3;1;4;3;2;0;3;3;24;
Taj Gibson;;19;3;7;0;0;6;6;5;2;7;0;0;1;5;4;12;
Nikola Mirotic;;8;0;0;0;0;0;0;0;3;3;2;0;0;2;3;0;
Tony Snell;;4;0;0;0;0;0;0;0;0;0;0;0;0;0;0;0;
Aaron Brooks;;10;1;7;1;2;0;0;1;0;1;3;1;0;0;2;3;
Kirk Hinrich;;29;3;8;1;4;3;4;0;4;4;1;2;0;3;3;10;
