01-25;DAL-NO;106-109;
22-25;34-36;28-28;22-20;
DAL
Dirk Nowitzki;PF;33;8;19;2;8;6;8;0;6;6;1;1;0;1;3;24;
Chandler Parsons;SF;30;2;6;0;1;2;3;1;0;1;0;0;0;3;2;6;
Tyson Chandler;C;33;1;2;0;0;2;2;3;4;7;2;0;3;0;5;4;
Rajon Rondo;PG;34;7;10;2;2;1;2;2;6;8;9;2;0;2;1;17;
Monta Ellis;SG;35;16;27;4;9;0;0;2;3;5;2;1;0;1;2;36;
Dwight Powell;;15;2;2;0;0;6;8;5;1;6;2;0;1;0;1;10;
Al-Farouq Aminu;;15;0;1;0;0;2;2;0;3;3;1;0;2;0;2;2;
Richard Jefferson;;18;2;4;1;1;0;0;0;0;0;0;0;0;1;1;5;
J.J. Barea;;12;1;5;0;0;0;0;0;2;2;2;0;0;0;1;2;
Devin Harris;;15;0;5;0;3;0;0;0;0;0;1;1;0;1;1;0;
NO
Dante Cunningham;PF;21;1;3;0;0;0;0;0;0;0;2;2;0;0;4;2;
Anthony Davis;PF;39;8;18;0;0;12;14;6;4;10;3;5;1;1;3;28;
Omer Asik;C;24;5;8;0;0;0;0;2;9;11;0;1;0;1;5;10;
Eric Gordon;SG;34;3;7;3;4;0;0;0;3;3;5;0;0;1;3;9;
Tyreke Evans;SG;42;11;19;1;3;1;1;1;1;2;12;1;0;3;3;24;
Ryan Anderson;;28;6;10;2;3;4;4;1;4;5;1;0;1;0;1;18;
Alexis Ajinca;;4;0;0;0;0;0;0;0;2;2;0;0;0;0;1;0;
Nate Wolters;;18;2;4;0;1;0;0;0;2;2;1;0;1;2;3;4;
Jimmer Fredette;;0;0;0;0;0;0;0;0;0;0;0;0;0;0;0;0;
Quincy Pondexter;;29;4;10;2;6;4;6;1;4;5;3;0;0;1;2;14;
