03-14;SAC-WSH;97-113;
25-21;39-25;21-38;12-29;
SAC
Carl Landry;PF;19;4;6;0;0;0;0;1;0;1;0;0;0;0;2;8;
Omri Casspi;SF;15;1;2;0;0;0;0;0;1;1;1;0;0;3;1;2;
DeMarcus Cousins;C;30;9;17;0;0;12;16;2;4;6;5;0;1;3;6;30;
Ray McCallum;PG;29;5;8;2;2;3;4;3;3;6;6;1;0;2;2;15;
Ben McLemore;SG;28;2;10;1;7;2;2;0;4;4;1;1;0;2;2;7;
Derrick Williams;;34;6;11;3;6;0;0;0;1;1;1;0;0;2;0;15;
Jason Thompson;;23;2;5;0;0;0;0;2;3;5;1;0;1;0;0;4;
Reggie Evans;;18;2;3;0;0;2;3;0;6;6;0;1;0;2;2;6;
Andre Miller;;22;1;6;0;2;2;3;2;2;4;7;0;0;2;0;4;
Nik Stauskas;;23;3;9;0;2;0;0;1;1;2;2;1;1;0;2;6;
WSH
Drew Gooden;PF;26;1;5;0;1;0;0;3;6;9;1;3;0;1;3;2;
Paul Pierce;SF;23;7;11;3;5;0;0;0;3;3;1;0;0;1;3;17;
Marcin Gortat;C;32;6;9;0;0;1;2;1;4;5;2;0;1;1;4;13;
John Wall;PG;39;9;15;4;5;9;10;0;2;2;12;1;1;5;2;31;
Bradley Beal;SG;34;4;13;2;6;4;5;2;3;5;7;0;1;2;3;14;
Otto Porter Jr.;;13;1;3;1;3;0;0;0;0;0;0;1;0;0;0;3;
Rasual Butler;;27;6;10;2;4;0;0;1;4;5;2;1;1;0;0;14;
Kevin Seraphin;;17;5;5;0;0;0;0;0;4;4;1;0;1;1;5;10;
DeJuan Blair;;16;3;6;0;0;0;0;2;5;7;0;1;1;1;5;6;
Ramon Sessions;;14;1;4;1;2;0;0;0;1;1;2;1;0;1;0;3;
