01-09;MEM-NO;95-106;
19-31;20-21;32-30;24-24;
MEM
Zach Randolph;PF;31;4;9;0;0;3;4;7;4;11;2;2;0;2;1;11;
Tony Allen;SF;32;3;8;1;2;2;2;1;2;3;1;3;1;1;2;9;
Marc Gasol;C;29;8;13;0;0;3;6;1;3;4;0;0;0;2;4;19;
Mike Conley;PG;33;7;18;2;6;3;3;1;4;5;7;1;0;2;2;19;
Courtney Lee;SG;28;2;7;0;1;0;0;1;3;4;1;0;0;1;2;4;
Jon Leuer;;8;0;0;0;0;0;0;1;3;4;1;0;1;0;0;0;
Tayshaun Prince;;25;2;7;2;2;0;0;0;3;3;2;0;0;1;4;6;
Kosta Koufos;;19;3;4;0;0;3;3;1;6;7;1;1;2;1;1;9;
Beno Udrih;;15;4;7;1;2;0;0;0;1;1;1;0;0;0;1;9;
Vince Carter;;18;3;9;0;4;3;4;0;2;2;0;0;0;0;1;9;
Nick Calathes;;2;0;0;0;0;0;0;0;0;0;1;0;0;0;0;0;
NO
Dante Cunningham;PF;32;0;5;0;0;0;0;4;3;7;1;0;3;1;0;0;
Anthony Davis;PF;37;7;16;0;0;6;6;2;8;10;2;0;3;1;3;20;
Omer Asik;C;21;2;2;0;0;3;4;1;4;5;1;0;1;1;5;7;
Jrue Holiday;PG;36;7;13;3;6;6;6;0;3;3;8;2;0;0;3;23;
Eric Gordon;SG;27;5;7;3;4;0;0;0;2;2;3;1;0;2;2;13;
Ryan Anderson;;32;8;17;4;8;0;0;2;4;6;1;0;0;3;1;20;
Luke Babbitt;;5;0;3;0;2;0;0;0;1;1;0;0;0;0;0;0;
Alexis Ajinca;;6;1;2;0;0;0;0;2;1;3;0;0;1;0;2;2;
Austin Rivers;;12;0;1;0;0;0;0;1;0;1;0;0;1;1;2;0;
Tyreke Evans;;33;7;15;0;0;7;10;1;8;9;5;0;1;1;2;21;
