11-24;ORL-CLE;74-106;
16-26;22-30;20-25;16-25;
ORL
Channing Frye;PF;31;1;4;1;3;0;0;0;3;3;0;1;0;0;4;3;
Maurice Harkless;SF;27;1;7;0;3;0;0;1;1;2;4;0;0;2;4;2;
Nikola Vucevic;C;30;8;15;0;0;2;2;6;7;13;0;1;0;4;2;18;
Evan Fournier;SG;31;2;9;1;4;3;4;0;0;0;0;0;1;1;1;8;
Victor Oladipo;SG;36;8;15;1;2;5;6;0;9;9;2;2;1;5;2;22;
Andrew Nicholson;;15;1;5;0;0;0;0;1;1;2;1;1;0;0;1;2;
Dewayne Dedmon;;16;3;7;0;0;0;1;5;3;8;1;0;0;3;2;6;
Elfrid Payton;;18;2;7;1;2;1;2;0;1;1;3;0;0;2;0;6;
Luke Ridnour;;6;2;2;1;1;0;0;0;0;0;0;0;0;0;1;5;
Willie Green;;21;1;7;0;2;0;0;0;1;1;3;0;1;0;0;2;
Ben Gordon;;8;0;2;0;0;0;0;0;1;1;0;0;0;0;0;0;
CLE
Kevin Love;PF;32;5;11;0;1;2;4;2;6;8;5;2;0;1;2;12;
LeBron James;SF;31;9;17;2;4;9;11;1;3;4;11;3;0;1;0;29;
Anderson Varejao;C;21;7;9;0;0;0;0;1;5;6;2;1;2;4;3;14;
Kyrie Irving;PG;31;5;9;1;2;1;1;0;1;1;4;4;0;0;2;12;
Shawn Marion;SG;24;4;7;1;1;0;0;1;3;4;0;0;1;0;2;9;
Lou Amundson;;16;2;2;0;0;1;2;1;3;4;1;0;0;1;4;5;
James Jones;;6;1;2;1;2;0;0;0;2;2;1;0;0;0;0;3;
Tristan Thompson;;22;4;8;0;0;1;2;6;5;11;0;1;2;1;1;9;
Brendan Haywood;;6;0;1;0;0;0;0;0;0;0;0;1;3;0;1;0;
Will Cherry;;20;2;6;1;3;0;0;0;2;2;4;1;1;1;4;5;
Dion Waiters;;21;3;7;0;1;2;2;0;2;2;1;1;0;2;1;8;
Joe Harris;;10;0;2;0;2;0;0;0;0;0;1;0;0;1;3;0;
