02-20;SA-GS;99-110;
29-27;26-35;13-27;31-21;
SA
Tim Duncan;PF;21;3;8;0;0;2;4;1;2;3;3;1;0;0;2;8;
Kawhi Leonard;SF;19;5;7;1;1;1;2;2;4;6;0;0;1;2;3;12;
Aron Baynes;C;25;6;12;0;0;0;0;2;8;10;2;1;0;2;3;12;
Tony Parker;PG;21;0;4;0;2;2;2;0;1;1;6;2;0;2;2;2;
Danny Green;SG;21;1;4;0;2;2;2;2;2;4;0;0;0;0;2;4;
Reggie Williams;;12;3;7;1;4;0;0;0;2;2;2;0;0;0;0;7;
Marco Belinelli;;19;4;8;1;2;0;0;0;1;1;2;0;0;2;3;9;
Matt Bonner;;12;0;1;0;0;2;2;2;2;4;0;0;0;0;0;2;
Boris Diaw;;21;5;7;1;2;0;0;0;5;5;1;0;0;4;1;11;
Tiago Splitter;;16;3;5;0;0;2;2;1;4;5;2;1;0;1;1;8;
Patty Mills;;23;3;6;1;3;1;2;0;0;0;1;0;1;2;1;8;
Cory Joseph;;12;2;5;1;1;3;4;0;0;0;3;0;1;0;0;8;
Manu Ginobili;;18;4;7;0;2;0;0;0;3;3;3;1;1;1;2;8;
GS
Harrison Barnes;SF;28;7;11;2;4;0;0;2;3;5;0;1;0;0;1;16;
Draymond Green;SF;33;4;11;3;6;0;1;0;6;6;4;3;0;1;4;11;
Andrew Bogut;C;24;2;4;0;0;0;0;1;5;6;3;0;3;0;2;4;
Stephen Curry;PG;32;8;17;4;8;5;5;0;4;4;11;4;0;2;2;25;
Klay Thompson;SG;33;7;17;3;7;3;4;0;3;3;3;0;0;3;1;20;
David Lee;;19;5;5;0;0;1;4;1;3;4;1;2;1;1;1;11;
Festus Ezeli;;3;0;2;0;0;0;0;0;0;0;0;0;1;0;0;0;
Marreese Speights;;8;1;3;0;0;2;2;0;0;0;0;0;0;2;1;4;
Shaun Livingston;;16;0;1;0;0;0;0;2;2;4;2;0;0;2;3;0;
Justin Holiday;;2;0;0;0;0;0;0;0;1;1;0;0;0;0;0;0;
Leandro Barbosa;;13;2;5;1;2;0;0;0;1;1;3;0;0;0;2;5;
Andre Iguodala;;27;5;8;4;6;0;2;1;5;6;2;0;0;1;1;14;
Brandon Rush;;2;0;0;0;0;0;0;0;0;0;0;0;0;0;0;0;
