01-31;SAC-IND;99-94;
34-21;30-29;15-17;20-27;
SAC
Jason Thompson;PF;26;2;2;0;0;2;2;2;4;6;1;1;0;0;6;6;
Rudy Gay;SF;44;10;22;0;2;11;11;0;5;5;3;0;1;1;5;31;
DeMarcus Cousins;C;39;6;24;0;0;8;8;5;14;19;3;3;0;4;6;20;
Darren Collison;PG;40;9;15;3;6;2;4;0;5;5;5;1;0;1;2;23;
Ben McLemore;SG;36;3;9;1;5;1;2;0;4;4;2;0;0;0;1;8;
Carl Landry;;26;1;3;0;0;0;0;1;4;5;0;1;0;1;4;2;
Omri Casspi;;9;1;1;1;1;0;0;0;0;0;0;0;0;0;0;3;
Ryan Hollins;;4;0;0;0;0;0;0;1;0;1;0;0;0;2;1;0;
Ramon Sessions;;9;2;4;0;1;0;0;0;1;1;1;1;0;2;1;4;
Nik Stauskas;;7;0;0;0;0;2;2;0;0;0;1;1;0;1;1;2;
IND
David West;PF;27;5;10;0;0;7;8;1;4;5;3;1;3;1;3;17;
Solomon Hill;SF;26;0;3;0;3;0;0;0;2;2;1;1;0;1;2;0;
Roy Hibbert;C;25;4;10;0;0;3;4;1;6;7;1;1;0;0;3;11;
Rodney Stuckey;PG;19;1;5;0;1;0;0;0;2;2;2;0;0;3;1;2;
C.J. Watson;PG;26;3;7;0;1;2;2;2;2;4;5;1;0;4;1;8;
Luis Scola;;21;3;5;0;0;7;7;1;4;5;1;0;0;1;1;13;
Damjan Rudez;;22;2;4;2;3;0;0;0;1;1;2;0;0;1;3;6;
Ian Mahinmi;;23;3;5;0;0;0;0;3;3;6;1;2;1;1;3;6;
George Hill;;22;6;15;2;8;0;0;0;6;6;4;1;0;2;2;14;
C.J. Miles;;30;6;16;1;9;4;4;1;1;2;2;1;1;0;3;17;
