01-21;UTAH-CLE;92-106;
20-31;20-22;22-29;30-24;
UTAH
Derrick Favors;PF;25;6;11;0;0;0;0;1;0;1;1;2;0;0;2;12;
Gordon Hayward;SF;29;4;11;2;4;4;4;3;2;5;4;2;0;5;0;14;
Joe Ingles;SF;27;1;4;1;3;0;0;0;2;2;2;0;0;0;3;3;
Enes Kanter;C;33;9;20;0;0;6;8;7;10;17;1;1;0;1;2;24;
Trey Burke;PG;19;1;10;0;2;0;0;0;2;2;2;2;0;1;2;2;
Trevor Booker;;17;2;6;0;1;1;2;0;4;4;1;1;0;2;1;5;
Jeremy Evans;;1;0;0;0;0;0;0;0;0;0;0;0;0;0;0;0;
Rudy Gobert;;20;3;3;0;0;0;0;3;4;7;3;0;1;1;4;6;
Ian Clark;;7;0;1;0;1;0;0;0;0;0;1;0;0;0;1;0;
Dante Exum;;29;2;5;0;3;0;0;0;0;0;5;0;0;4;1;4;
Elliot Williams;;13;3;4;3;3;1;2;0;1;1;3;0;0;0;1;10;
Elijah Millsap;;21;4;9;2;5;2;2;2;1;3;1;1;0;3;5;12;
CLE
Kevin Love;PF;33;7;15;1;7;4;4;5;8;13;2;1;2;2;2;19;
LeBron James;SF;36;8;16;0;2;10;14;2;5;7;9;4;0;7;0;26;
Timofey Mozgov;C;40;8;12;0;0;0;2;7;4;11;0;1;2;0;4;16;
Kyrie Irving;PG;37;8;13;2;3;0;1;0;3;3;4;5;0;0;1;18;
J.R. Smith;SG;38;5;16;2;11;3;4;0;7;7;3;3;0;3;1;15;
James Jones;;1;0;0;0;0;0;0;0;0;0;0;0;0;0;0;0;
Tristan Thompson;;19;2;2;0;0;0;0;1;1;2;0;0;0;0;2;4;
Brendan Haywood;;1;0;1;0;0;0;0;0;0;0;0;0;0;0;1;0;
Matthew Dellavedova;;16;1;3;0;1;0;0;0;1;1;6;0;0;0;1;2;
Joe Harris;;1;0;0;0;0;0;0;0;0;0;0;0;0;0;0;0;
Shawn Marion;;16;3;3;0;0;0;0;0;1;1;0;1;0;1;0;6;
Mike Miller;;1;0;0;0;0;0;0;0;0;0;0;0;0;0;0;0;
