11-01;PHX-UTAH;91-118;
22-33;33-26;20-30;16-29;
PHX
Markieff Morris;PF;32;6;12;0;1;1;2;1;6;7;1;1;1;2;5;13;
Marcus Morris;PF;22;5;8;2;5;0;0;0;1;1;1;0;0;1;2;12;
Miles Plumlee;C;24;3;4;0;0;0;0;1;1;2;0;0;1;2;1;6;
Eric Bledsoe;PG;29;3;11;0;5;4;5;0;4;4;8;2;1;1;4;10;
Goran Dragic;SG;34;5;13;0;4;0;0;0;4;4;1;0;0;2;2;10;
Shavlik Randolph;;5;0;1;0;0;0;0;1;0;1;0;0;0;0;0;0;
Anthony Tolliver;;11;2;3;1;2;0;0;0;4;4;0;0;0;2;0;5;
Alex Len;;18;2;2;0;0;0;0;1;2;3;2;0;4;0;5;4;
Tyler Ennis;;5;0;2;0;1;0;0;0;1;1;0;0;0;1;0;0;
Isaiah Thomas;;21;3;11;2;5;2;2;2;1;3;2;0;0;0;1;10;
Archie Goodwin;;10;1;2;0;0;3;4;0;0;0;2;0;0;0;1;5;
Gerald Green;;30;6;18;2;8;2;2;0;4;4;0;5;0;0;1;16;
UTAH
Derrick Favors;PF;30;12;22;0;0;8;9;4;5;9;1;2;2;0;2;32;
Gordon Hayward;SF;34;9;15;3;5;3;3;1;9;10;3;1;0;1;1;24;
Enes Kanter;C;16;1;3;0;1;1;1;1;1;2;0;0;0;2;4;3;
Trey Burke;PG;32;3;12;0;5;1;3;0;2;2;4;2;1;2;1;7;
Alec Burks;PG;33;2;8;0;3;6;6;0;6;6;3;0;1;4;1;10;
Trevor Booker;;24;7;9;0;2;0;0;4;5;9;2;2;0;2;0;14;
Steve Novak;;3;1;2;1;1;0;0;0;0;0;0;0;0;1;1;3;
Joe Ingles;;15;0;3;0;2;0;0;0;2;2;3;1;0;0;0;0;
Rudy Gobert;;18;1;3;0;0;4;4;3;5;8;0;0;1;0;1;6;
Ian Clark;;2;1;1;0;0;0;0;0;0;0;0;0;0;0;1;2;
Rodney Hood;;16;2;6;0;3;3;3;0;2;2;0;0;0;0;0;7;
Dante Exum;;18;3;4;3;4;1;4;0;2;2;3;2;1;1;3;10;
