01-28;CHA-SA;86-95;
19-27;19-28;26-14;22-26;
CHA
Cody Zeller;PF;37;3;7;1;1;2;2;2;11;13;7;0;1;2;0;9;
Michael Kidd-Gilchrist;SF;25;7;13;0;0;0;0;1;2;3;1;0;0;1;1;14;
Al Jefferson;C;35;8;12;0;0;1;2;3;13;16;1;1;0;1;3;17;
Brian Roberts;PG;37;3;11;2;7;0;0;1;2;3;6;3;0;0;1;8;
Gerald Henderson;SG;35;6;17;1;3;5;6;0;1;1;3;1;2;0;2;18;
Jason Maxiell;;16;2;5;0;0;0;0;1;1;2;0;0;0;0;1;4;
Noah Vonleh;;9;1;1;0;0;2;2;0;0;0;1;0;0;0;1;4;
P.J. Hairston;;9;0;2;0;1;0;0;0;0;0;0;0;0;0;2;0;
Lance Stephenson;;20;0;5;0;2;0;0;0;4;4;4;1;1;4;3;0;
Gary Neal;;18;4;10;2;4;2;2;0;1;1;0;1;0;4;3;12;
SA
Tim Duncan;PF;29;5;12;0;0;2;4;1;13;14;2;2;3;4;3;12;
Kawhi Leonard;SF;23;3;6;0;2;3;3;1;4;5;3;1;0;1;2;9;
Matt Bonner;C;31;4;8;2;5;0;0;0;2;2;2;1;1;0;1;10;
Tony Parker;PG;28;7;13;0;1;3;3;1;0;1;5;0;0;2;0;17;
Danny Green;SG;26;6;11;4;8;0;1;3;2;5;2;2;3;1;1;16;
Jeff Ayres;;3;0;0;0;0;0;0;0;1;1;0;0;0;0;1;0;
Reggie Williams;;3;0;1;0;1;0;0;0;0;0;0;0;0;0;0;0;
Aron Baynes;;19;2;6;0;1;0;0;3;3;6;0;0;0;2;2;4;
Boris Diaw;;17;2;4;0;2;2;2;0;5;5;3;0;0;1;1;6;
Patty Mills;;20;2;9;2;5;3;3;0;4;4;3;1;0;1;1;9;
Cory Joseph;;18;0;2;0;0;2;2;1;2;3;1;0;0;1;2;2;
Manu Ginobili;;23;4;11;2;4;0;0;0;3;3;2;0;1;1;0;10;
