02-02;MIL-TOR;82-75;
23-14;24-27;26-19;9-15;
MIL
Jared Dudley;SF;38;5;12;3;7;1;4;0;1;1;5;0;1;0;4;14;
Giannis Antetokounmpo;SF;35;4;9;0;1;4;8;2;10;12;3;0;2;0;4;12;
John Henson;C;29;5;8;0;0;2;2;0;4;4;1;2;2;1;1;12;
Jorge Gutierrez;PG;28;0;5;0;2;0;0;2;2;4;5;1;0;3;3;0;
Khris Middleton;SG;38;10;17;3;4;2;2;0;9;9;1;3;0;1;1;25;
Kenyon Martin;;19;2;4;0;0;0;0;1;2;3;0;1;1;1;1;4;
Johnny O'Bryant III;;10;0;4;0;0;0;0;2;1;3;0;0;0;1;1;0;
Jerryd Bayless;;33;4;12;0;0;0;1;0;7;7;9;0;0;5;3;8;
O.J. Mayo;;11;3;9;1;2;0;0;0;1;1;0;1;0;0;0;7;
TOR
Amir Johnson;PF;17;1;2;1;1;0;0;0;3;3;1;0;1;2;3;3;
Jonas Valanciunas;C;25;6;9;0;0;0;0;6;7;13;0;0;1;1;2;12;
Kyle Lowry;PG;29;1;7;0;2;0;0;1;2;3;5;1;0;4;0;2;
Greivis Vasquez;PG;33;3;11;2;6;0;0;0;3;3;2;0;1;2;3;8;
DeMar DeRozan;SG;25;5;16;0;2;6;8;0;2;2;2;1;0;2;3;16;
Tyler Hansbrough;;19;1;1;0;0;1;2;2;4;6;0;2;0;1;1;3;
Patrick Patterson;;31;3;8;1;4;2;2;4;7;11;2;2;0;1;1;9;
Terrence Ross;;32;4;12;2;5;0;0;0;4;4;2;1;0;0;5;10;
Louis Williams;;29;1;12;1;7;9;10;0;1;1;0;0;0;2;1;12;
