02-09;NY-MIA;95-109;
32-23;24-29;18-25;21-32;
NY
Lou Amundson;PF;23;3;9;0;0;0;1;2;2;4;2;3;1;2;3;6;
Jason Smith;PF;30;4;7;1;2;0;0;1;2;3;3;1;1;2;4;9;
Carmelo Anthony;SF;32;9;20;4;7;4;5;0;4;4;4;2;1;0;0;26;
Jose Calderon;PG;27;2;5;0;1;2;2;0;1;1;6;1;0;2;1;6;
Langston Galloway;PG;25;4;11;1;3;1;1;2;7;9;1;0;1;0;3;10;
Lance Thomas;;18;3;6;0;0;0;0;0;0;0;0;0;0;1;3;6;
Quincy Acy;;3;1;2;0;1;0;0;1;1;2;1;0;1;1;0;2;
Andrea Bargnani;;14;1;2;0;0;2;2;1;1;2;0;0;1;2;4;4;
Cole Aldrich;;3;2;2;0;0;0;0;1;0;1;0;0;0;0;2;4;
Amar'e Stoudemire;;20;4;7;0;0;6;6;3;4;7;0;0;2;0;1;14;
Shane Larkin;;26;1;5;0;0;1;2;0;1;1;4;1;0;1;1;3;
Tim Hardaway Jr.;;20;2;8;1;6;0;0;0;1;1;1;0;0;2;0;5;
MIA
Luol Deng;SF;33;3;9;0;2;6;6;3;4;7;2;0;0;3;2;12;
Chris Bosh;C;37;12;23;4;6;4;5;0;2;2;6;1;0;2;1;32;
Hassan Whiteside;C;19;3;4;0;0;1;2;2;7;9;0;0;2;1;4;7;
Mario Chalmers;PG;35;6;14;3;5;3;4;0;5;5;6;3;0;2;4;18;
Shabazz Napier;PG;22;1;3;1;2;2;2;0;2;2;3;3;0;0;2;5;
Chris Andersen;;27;4;6;1;1;1;2;1;3;4;2;0;3;1;4;10;
Udonis Haslem;;3;1;3;0;0;0;0;1;0;1;0;0;0;0;0;2;
Danny Granger;;22;2;4;1;2;4;4;0;2;2;0;0;0;0;2;9;
Justin Hamilton;;2;0;0;0;0;2;2;0;0;0;1;1;0;0;0;2;
Norris Cole;;29;4;6;2;3;2;2;0;2;2;8;1;0;3;0;12;
Tyler Johnson;;11;0;2;0;1;0;0;0;1;1;0;0;0;0;0;0;
