04-08;LAL-DEN;101-119;
33-35;21-23;17-35;30-26;
LAL
Ryan Kelly;PF;33;6;8;2;3;3;4;0;1;1;2;1;2;0;3;17;
Tarik Black;PF;17;2;3;0;0;1;4;0;2;2;0;1;0;0;2;5;
Wesley Johnson;SF;30;3;10;1;4;0;0;0;3;3;0;1;0;0;5;7;
Jordan Clarkson;PG;35;7;18;0;3;7;7;0;3;3;9;2;0;4;4;21;
Jabari Brown;SG;34;3;12;1;4;4;5;1;3;4;0;0;0;1;1;11;
Ed Davis;;31;6;9;0;0;3;8;5;7;12;0;1;0;2;3;15;
Robert Sacre;;26;4;7;0;0;2;2;2;7;9;1;0;0;3;2;10;
Dwight Buycks;;33;5;8;1;2;4;5;1;4;5;3;1;0;4;0;15;
DEN
Kenneth Faried;PF;29;10;14;0;0;9;9;5;6;11;0;2;2;0;5;29;
Wilson Chandler;SF;28;2;7;0;0;5;8;2;6;8;3;0;0;0;1;9;
Danilo Gallinari;SF;36;9;19;7;14;2;4;1;6;7;4;0;2;2;3;27;
Ty Lawson;PG;39;7;13;0;2;2;3;1;2;3;8;1;0;2;3;16;
Randy Foye;SG;28;4;6;4;6;0;0;0;6;6;7;0;0;1;3;12;
J.J. Hickson;;16;3;4;0;0;0;0;0;1;1;1;2;0;0;2;6;
Joffrey Lauvergne;;5;2;2;1;1;0;0;1;1;2;1;0;0;0;0;5;
Jusuf Nurkic;;8;0;3;0;0;0;0;1;1;2;0;0;0;0;1;0;
Erick Green;;9;1;3;0;0;0;0;0;1;1;2;0;0;1;0;2;
Will Barton;;22;2;8;0;2;0;0;0;3;3;0;2;1;3;2;4;
Ian Clark;;2;0;3;0;2;0;0;0;0;0;0;0;0;0;1;0;
Gary Harris;;18;4;6;1;3;0;0;0;1;1;0;0;1;0;1;9;
