11-18;LAL-ATL;114-109;
31-20;36-32;24-31;23-26;
LAL
Carlos Boozer;PF;29;10;14;0;0;0;0;4;6;10;2;0;0;0;3;20;
Wesley Johnson;SF;32;2;9;0;3;0;2;1;0;1;2;1;0;0;0;4;
Jordan Hill;C;31;8;17;0;0;2;2;5;5;10;1;0;0;1;4;18;
Jeremy Lin;PG;31;6;7;1;2;2;3;0;3;3;10;2;0;3;5;15;
Kobe Bryant;SG;37;10;18;3;7;5;5;0;4;4;3;1;0;3;4;28;
Ed Davis;;22;3;7;0;0;0;1;2;5;7;0;1;0;0;1;6;
Nick Young;;28;6;10;2;4;3;5;1;4;5;0;1;0;0;1;17;
Robert Sacre;;12;2;4;0;0;0;0;0;1;1;1;0;0;0;3;4;
Ronnie Price;;18;0;1;0;1;2;4;0;3;3;5;1;0;4;3;2;
ATL
Paul Millsap;PF;33;11;16;2;4;5;8;0;4;4;3;4;2;1;2;29;
Thabo Sefolosha;SF;31;4;11;1;4;1;2;6;3;9;2;1;0;1;3;10;
Al Horford;C;30;7;8;1;1;0;0;1;7;8;2;0;0;2;0;15;
Jeff Teague;PG;31;8;14;1;1;6;6;0;0;0;3;0;0;1;1;23;
Kyle Korver;SG;39;2;6;2;5;2;2;1;1;2;3;0;1;2;4;8;
Mike Scott;;15;3;11;1;4;1;1;0;2;2;0;0;0;0;1;8;
Pero Antic;;18;2;9;0;4;0;0;5;3;8;0;0;0;0;4;4;
Shelvin Mack;;20;2;6;1;3;0;0;0;1;1;5;2;0;0;1;5;
Dennis Schroder;;17;2;3;0;0;1;2;0;3;3;4;0;0;3;0;5;
Kent Bazemore;;5;0;1;0;1;2;2;0;1;1;0;0;0;0;1;2;
