11-17;DEN-CLE;106-97;
24-26;29-26;28-23;25-22;
DEN
Kenneth Faried;PF;22;4;6;0;0;0;0;1;0;1;1;1;2;1;2;8;
Wilson Chandler;SF;38;5;14;2;6;0;0;1;8;9;1;2;0;3;3;12;
Timofey Mozgov;C;40;6;9;0;0;2;2;3;8;11;0;1;1;3;3;14;
Ty Lawson;PG;38;9;18;0;6;6;7;0;1;1;12;2;0;5;1;24;
Arron Afflalo;SG;40;8;17;4;8;3;4;0;4;4;3;0;1;3;1;23;
Darrell Arthur;;26;5;6;3;4;0;0;3;8;11;2;2;0;0;3;13;
Danilo Gallinari;;8;0;2;0;1;0;0;0;1;1;1;0;0;0;0;0;
JaVale McGee;;8;1;3;0;0;0;0;1;0;1;0;1;0;0;1;2;
Nate Robinson;;10;3;7;3;3;0;0;0;0;0;4;0;0;0;3;9;
Randy Foye;;10;0;3;0;3;1;2;0;0;0;1;1;0;0;1;1;
CLE
Kevin Love;PF;38;7;13;1;5;5;6;3;8;11;1;0;0;2;3;20;
LeBron James;SF;41;8;18;1;4;5;7;0;9;9;5;0;2;4;2;22;
Anderson Varejao;C;18;0;2;0;0;0;0;1;3;4;0;0;1;1;2;0;
Kyrie Irving;PG;39;5;12;4;6;6;6;1;3;4;8;2;0;4;1;20;
Shawn Marion;SG;24;2;6;1;2;2;2;1;2;3;2;1;2;1;0;7;
Tristan Thompson;;23;2;6;0;0;1;2;2;5;7;0;2;3;2;2;5;
Dion Waiters;;28;9;16;2;6;0;0;0;2;2;1;2;0;1;2;20;
Joe Harris;;24;1;5;1;5;0;0;1;1;2;1;0;0;0;1;3;
Mike Miller;;4;0;1;0;1;0;0;0;0;0;0;0;0;0;2;0;
