02-27;OKC-POR;112-115;
25-28;34-19;30-31;23-37;
OKC
Serge Ibaka;PF;40;7;12;0;1;0;0;3;3;6;0;0;2;0;2;14;
Nick Collison;PF;12;3;6;0;0;0;0;1;2;3;1;0;0;2;4;6;
Kyle Singler;SF;31;1;5;1;3;0;0;0;4;4;2;1;2;1;4;3;
Russell Westbrook;PG;37;14;32;0;1;12;14;5;8;13;11;1;0;6;1;40;
Andre Roberson;SG;20;1;3;1;3;0;0;0;4;4;0;0;0;0;1;3;
Mitch McGary;;28;10;13;0;0;0;0;3;6;9;2;1;0;2;2;20;
D.J. Augustin;;20;2;7;0;3;2;2;0;1;1;4;2;0;0;1;6;
Dion Waiters;;28;3;12;0;1;1;2;1;3;4;2;0;0;0;5;7;
Anthony Morrow;;24;4;4;2;2;3;4;0;3;3;2;0;0;0;3;13;
POR
LaMarcus Aldridge;PF;39;10;23;0;2;9;10;7;9;16;5;1;1;1;2;29;
Nicolas Batum;SF;39;2;6;2;5;3;3;0;4;4;3;2;1;3;2;9;
Robin Lopez;C;26;4;8;0;0;0;0;2;3;5;1;0;0;1;0;8;
Damian Lillard;PG;37;10;22;2;7;7;8;0;3;3;5;1;0;1;1;29;
Wesley Matthews;SG;33;2;13;2;6;2;2;1;5;6;3;3;1;1;1;8;
Dorell Wright;;6;0;1;0;1;0;0;0;0;0;0;0;0;0;0;0;
Meyers Leonard;;6;1;3;1;1;0;0;0;0;0;0;0;1;0;2;3;
Chris Kaman;;14;4;6;0;0;0;0;2;5;7;0;0;0;0;0;8;
Steve Blake;;11;1;1;1;1;0;0;0;0;0;1;0;0;1;2;3;
Arron Afflalo;;31;5;6;2;3;6;8;0;2;2;2;0;0;1;4;18;
