03-18;BKN-CLE;92-117;
26-23;21-36;26-35;19-23;
BKN
Thaddeus Young;SF;16;4;8;1;3;0;0;0;3;3;0;2;0;3;4;9;
Joe Johnson;SF;27;3;9;0;2;0;0;0;3;3;1;0;0;0;2;6;
Brook Lopez;C;31;4;10;0;0;2;2;5;3;8;5;0;2;1;2;10;
Deron Williams;PG;28;7;15;1;5;5;5;0;2;2;6;1;0;3;3;20;
Markel Brown;SG;28;4;9;1;2;1;2;0;3;3;5;3;0;1;2;10;
Cory Jefferson;;14;2;2;0;0;0;0;1;1;2;1;0;2;0;2;4;
Jerome Jordan;;3;0;1;0;0;0;0;0;0;0;0;0;0;0;0;0;
Mason Plumlee;;24;3;3;0;0;4;8;2;3;5;1;1;1;1;2;10;
Jarrett Jack;;21;4;10;0;3;3;4;0;3;3;3;0;0;1;0;11;
Darius Morris;;7;0;3;0;1;0;0;0;0;0;0;0;0;1;1;0;
Bojan Bogdanovic;;36;5;9;2;4;0;0;0;2;2;1;0;0;0;1;12;
Alan Anderson;;5;0;1;0;0;0;0;0;1;1;0;0;0;0;0;0;
CLE
Kevin Love;PF;27;4;9;0;2;2;3;2;9;11;4;0;0;3;1;10;
LeBron James;SF;35;5;13;2;4;4;6;1;2;3;7;1;0;2;1;16;
Timofey Mozgov;C;17;7;8;0;0;3;5;2;1;3;1;0;1;1;3;17;
Kyrie Irving;PG;30;5;10;1;1;1;2;1;4;5;10;0;0;1;2;12;
J.R. Smith;SG;27;6;13;5;10;0;0;0;3;3;2;0;1;1;1;17;
James Jones;;12;2;3;2;3;0;0;0;0;0;0;0;0;0;1;6;
Tristan Thompson;;24;4;4;0;0;2;4;2;4;6;2;1;0;0;1;10;
Kendrick Perkins;;7;2;4;0;0;0;0;2;4;6;0;0;1;1;1;4;
Iman Shumpert;;26;4;8;2;4;0;0;1;2;3;0;0;0;0;3;10;
Matthew Dellavedova;;26;3;5;2;3;0;0;0;1;1;5;0;0;2;3;8;
Shawn Marion;;5;2;3;0;0;0;0;0;1;1;1;0;0;0;0;4;
Mike Miller;;4;1;2;1;2;0;0;0;1;1;0;0;0;0;0;3;
