11-01;DEN-OKC;91-102;
17-29;16-26;23-21;35-26;
DEN
Kenneth Faried;PF;25;3;8;0;0;1;2;2;4;6;0;0;2;1;1;7;
Danilo Gallinari;SF;20;3;6;1;2;0;0;0;2;2;2;1;0;0;2;7;
Timofey Mozgov;C;18;4;6;0;0;2;2;1;1;2;0;2;1;2;2;10;
Ty Lawson;PG;35;8;12;1;3;8;12;0;2;2;5;1;0;7;1;25;
Arron Afflalo;SG;36;5;11;2;6;2;2;0;3;3;4;0;0;1;5;14;
Darrell Arthur;;9;1;6;0;2;0;0;1;2;3;0;0;0;0;1;2;
Alonzo Gee;;17;1;3;1;2;0;0;1;6;7;1;0;1;1;0;3;
Wilson Chandler;;18;2;12;0;5;1;2;2;5;7;2;0;1;0;5;5;
Jusuf Nurkic;;6;1;2;0;0;0;0;0;2;2;1;0;1;1;3;2;
JaVale McGee;;20;4;6;0;0;0;0;4;0;4;0;0;4;1;2;8;
Nate Robinson;;13;1;2;1;2;0;0;0;1;1;1;0;0;1;1;3;
Randy Foye;;22;2;6;1;4;0;0;0;2;2;3;0;0;2;3;5;
OKC
Serge Ibaka;PF;30;10;19;3;7;0;0;1;1;2;1;1;1;2;2;23;
Perry Jones;SF;41;8;17;2;6;2;4;0;4;4;2;2;0;3;3;20;
Steven Adams;C;27;6;10;0;0;1;2;1;2;3;1;1;1;2;3;13;
Sebastian Telfair;PG;39;2;11;1;5;2;4;0;4;4;9;4;0;1;5;7;
Andre Roberson;SG;35;2;4;0;1;4;4;1;7;8;5;0;3;3;5;8;
Nick Collison;;24;0;3;0;1;2;2;0;7;7;4;0;1;0;0;2;
Lance Thomas;;25;3;9;0;0;6;9;2;6;8;2;0;0;2;2;12;
Kendrick Perkins;;20;6;7;0;0;5;6;1;4;5;0;0;0;0;0;17;
