02-20;CLE-WSH;127-89;
35-26;30-25;29-20;33-18;
CLE
Kevin Love;PF;30;3;8;0;3;2;4;3;3;6;3;3;0;1;1;8;
LeBron James;SF;25;12;21;3;5;1;3;0;5;5;6;1;0;2;3;28;
Timofey Mozgov;C;29;3;5;0;0;2;2;1;3;4;2;2;2;0;1;8;
Kyrie Irving;PG;31;9;18;1;4;6;6;0;2;2;7;0;0;4;0;25;
J.R. Smith;SG;29;6;12;3;8;0;0;1;4;5;3;2;1;0;3;15;
James Jones;;8;3;4;3;4;1;2;0;0;0;0;0;0;0;1;10;
Brendan Haywood;;6;0;0;0;0;2;2;0;0;0;0;1;0;0;0;2;
Tristan Thompson;;23;2;5;0;0;2;2;4;5;9;0;0;0;1;1;6;
Mike Miller;;8;0;1;0;1;0;0;0;4;4;0;0;0;1;1;0;
Iman Shumpert;;22;4;8;3;6;1;2;1;3;4;2;3;1;0;3;12;
Matthew Dellavedova;;23;3;6;1;2;1;2;0;2;2;5;0;0;1;2;8;
Joe Harris;;6;1;2;0;0;3;3;0;1;1;0;0;0;0;1;5;
WSH
Nene Hilario;PF;25;8;11;0;0;2;2;1;2;3;2;0;0;1;2;18;
Paul Pierce;SF;28;3;10;0;4;3;3;1;1;2;2;0;0;3;1;9;
Otto Porter Jr.;SF;30;3;8;1;5;2;2;0;5;5;1;4;2;0;3;9;
Marcin Gortat;C;27;4;8;0;0;0;0;3;3;6;0;0;1;2;2;8;
John Wall;PG;32;8;16;0;2;2;2;2;3;5;9;1;2;4;2;18;
Kris Humphries;;18;3;5;0;0;1;1;3;3;6;2;0;0;0;3;7;
Drew Gooden;;12;2;4;0;0;0;0;0;4;4;0;0;2;2;2;4;
Martell Webster;;20;1;5;0;1;2;4;1;2;3;1;0;0;1;1;4;
Rasual Butler;;18;1;6;0;4;0;0;0;2;2;2;0;0;0;2;2;
DeJuan Blair;;14;4;7;0;0;0;0;1;2;3;0;1;0;2;4;8;
Ramon Sessions;;6;0;2;0;0;0;0;0;0;0;2;1;0;1;0;0;
Garrett Temple;;9;1;4;0;0;0;2;0;4;4;1;0;0;1;1;2;
