04-15;DEN-GS;126-133;
23-35;44-36;33-29;26-33;
DEN
Wilson Chandler;SF;23;7;13;1;6;3;4;0;4;4;0;1;0;3;1;18;
Danilo Gallinari;SF;23;6;10;0;1;6;7;1;4;5;2;1;0;0;1;18;
Jusuf Nurkic;C;30;7;13;0;0;3;5;3;6;9;2;1;1;5;5;17;
Ty Lawson;PG;18;1;5;0;2;2;2;0;0;0;8;0;0;4;0;4;
Gary Harris;SG;33;3;6;1;2;4;5;1;2;3;0;0;0;2;2;11;
J.J. Hickson;;17;0;1;0;0;2;2;0;1;1;0;0;0;0;3;2;
Joffrey Lauvergne;;23;4;6;0;0;3;4;2;5;7;3;1;0;1;6;11;
Erick Green;;27;7;13;2;3;1;1;1;3;4;7;1;0;1;1;17;
Will Barton;;21;6;9;0;0;4;4;0;4;4;3;2;1;1;1;16;
Ian Clark;;16;3;5;1;2;2;2;0;2;2;1;3;1;1;2;9;
Jamaal Franklin;;10;1;2;1;2;0;0;1;0;1;2;0;1;3;3;3;
GS
Harrison Barnes;SF;17;5;8;2;2;0;0;2;3;5;1;0;0;0;2;12;
Draymond Green;SF;20;2;5;0;2;4;4;1;2;3;3;0;1;1;3;8;
Andrew Bogut;C;16;1;1;0;0;0;0;1;3;4;4;0;2;1;2;2;
Stephen Curry;PG;19;4;10;2;4;0;0;2;2;4;7;5;0;2;1;10;
Klay Thompson;SG;16;8;12;5;7;4;4;0;3;3;0;0;1;2;0;25;
James Michael McAdoo;;16;3;4;0;0;2;4;0;1;1;1;0;1;1;4;8;
Festus Ezeli;;15;3;5;0;0;3;6;2;1;3;0;0;1;1;1;9;
Marreese Speights;;21;6;14;0;1;5;6;2;6;8;0;2;0;1;3;17;
Shaun Livingston;;25;4;6;0;0;2;2;1;1;2;5;1;0;1;1;10;
Justin Holiday;;20;3;7;2;4;6;6;1;1;2;4;2;0;1;2;14;
Brandon Rush;;14;2;5;1;3;0;0;2;0;2;0;1;0;0;3;5;
Leandro Barbosa;;23;5;10;0;3;0;2;0;3;3;3;0;0;2;0;10;
Andre Iguodala;;17;1;3;1;2;0;0;0;1;1;2;0;0;0;3;3;
