03-29;OKC-PHX;109-97;
24-35;30-27;22-17;33-18;
OKC
Kyle Singler;SF;26;1;3;1;3;1;2;0;5;5;5;3;0;1;2;4;
Enes Kanter;C;30;5;10;0;0;1;1;3;6;9;0;0;1;1;2;11;
Steven Adams;C;42;6;9;0;0;1;4;5;11;16;0;1;1;2;4;13;
Russell Westbrook;PG;38;10;29;1;7;12;14;2;7;9;7;3;1;4;3;33;
Dion Waiters;SG;38;8;20;1;6;1;2;1;2;3;1;0;0;3;4;18;
Mitch McGary;;8;0;0;0;0;0;0;0;3;3;0;0;0;0;1;0;
D.J. Augustin;;32;6;9;4;5;3;3;0;1;1;3;1;0;2;3;19;
Anthony Morrow;;28;4;6;3;5;0;0;0;2;2;0;1;1;2;1;11;
PHX
Markieff Morris;PF;33;10;20;1;2;3;4;3;4;7;1;1;0;2;4;24;
Marcus Morris;PF;37;5;13;2;7;3;4;0;9;9;5;0;1;1;1;15;
P.J. Tucker;SF;35;4;9;1;2;3;3;0;2;2;4;3;0;2;3;12;
Alex Len;C;25;1;3;0;0;0;0;3;8;11;0;0;2;3;3;2;
Eric Bledsoe;PG;39;5;12;1;5;4;5;0;1;1;7;0;0;6;3;15;
Brandan Wright;;16;2;2;0;0;2;4;1;0;1;0;2;0;1;3;6;
T.J. Warren;;29;8;10;0;0;2;2;0;5;5;2;2;1;0;1;18;
Brandon Knight;;22;1;10;0;6;1;2;0;2;2;4;1;0;2;1;3;
Archie Goodwin;;3;1;3;0;0;0;0;1;1;2;0;0;0;1;1;2;
