02-04;OKC-NO;102-91;
31-29;20-28;26-19;25-15;
OKC
Serge Ibaka;PF;42;6;9;1;2;0;0;2;4;6;0;0;7;0;3;13;
Steven Adams;C;25;4;7;0;0;0;0;5;5;10;4;0;0;2;4;8;
Russell Westbrook;PG;40;18;31;2;6;7;9;0;6;6;6;1;1;6;2;45;
Dion Waiters;SG;33;6;14;0;2;0;2;0;6;6;2;2;1;4;4;12;
Andre Roberson;SG;12;0;0;0;0;0;0;1;1;2;1;0;0;0;1;0;
Nick Collison;;6;0;0;0;0;0;0;1;1;2;1;0;0;0;0;0;
Kendrick Perkins;;23;3;6;0;0;0;0;2;4;6;3;0;2;1;4;6;
Ish Smith;;3;0;0;0;0;0;0;0;0;0;0;0;0;0;1;0;
Reggie Jackson;;23;2;7;0;1;0;0;0;6;6;4;0;0;1;0;4;
Anthony Morrow;;34;6;11;2;4;0;0;1;3;4;0;0;0;0;1;14;
NO
Dante Cunningham;PF;30;3;5;0;0;0;0;2;3;5;1;1;0;0;1;6;
Anthony Davis;PF;39;9;21;0;0;5;6;1;8;9;2;1;1;0;0;23;
Omer Asik;C;21;1;3;0;0;3;5;4;3;7;0;0;1;2;1;5;
Eric Gordon;SG;36;3;13;1;5;0;0;1;2;3;7;1;0;2;5;7;
Tyreke Evans;SG;36;5;20;1;5;0;0;1;6;7;7;2;0;1;3;11;
Ryan Anderson;;29;7;17;3;8;2;2;4;1;5;1;2;0;2;2;19;
Alexis Ajinca;;9;3;4;0;0;0;0;1;2;3;0;0;1;1;1;6;
Jimmer Fredette;;13;2;6;0;2;0;0;0;2;2;3;0;0;0;0;4;
Quincy Pondexter;;28;4;8;2;5;0;0;5;2;7;2;0;0;2;1;10;
