01-16;MIN-PHX;99-110;
27-32;29-27;19-27;24-24;
MIN
Thaddeus Young;SF;37;6;17;0;2;1;2;4;4;8;6;1;0;1;1;13;
Chase Budinger;SF;25;3;5;0;2;1;2;2;4;6;0;1;0;1;2;7;
Andrew Wiggins;SF;36;8;15;1;3;0;0;1;4;5;3;1;0;1;0;17;
Gorgui Dieng;C;34;5;10;0;0;2;2;3;3;6;4;0;2;1;3;12;
Mo Williams;PG;39;10;22;5;12;1;2;0;2;2;5;3;0;5;3;26;
Anthony Bennett;;27;3;9;1;1;2;4;1;3;4;2;0;0;0;1;9;
Robbie Hummel;;17;4;6;1;2;0;0;1;1;2;2;0;1;0;1;9;
Miroslav Raduljica;;5;0;1;0;0;0;0;0;0;0;0;0;0;1;2;0;
Zach LaVine;;11;2;5;0;0;0;0;1;1;2;1;0;0;0;0;4;
Glenn Robinson III;;2;0;0;0;0;0;0;0;0;0;0;0;0;0;1;0;
Troy Daniels;;7;1;1;0;0;0;0;0;1;1;3;0;0;0;0;2;
PHX
Markieff Morris;PF;32;6;12;1;1;0;1;2;2;4;2;1;1;4;2;13;
P.J. Tucker;SF;24;1;1;0;0;0;0;0;5;5;1;0;0;0;0;2;
Alex Len;C;22;3;6;0;0;0;0;5;7;12;0;1;2;1;1;6;
Eric Bledsoe;PG;28;4;12;1;4;7;7;0;4;4;2;1;0;2;2;16;
Goran Dragic;SG;34;10;17;1;2;0;0;3;2;5;8;0;0;3;2;21;
Brandan Wright;;20;5;6;0;0;1;2;2;1;3;0;0;1;1;2;11;
Marcus Morris;;19;4;7;0;2;0;0;1;5;6;1;0;0;2;2;8;
T.J. Warren;;5;1;2;0;1;0;0;0;0;0;0;0;0;0;2;2;
Miles Plumlee;;9;3;3;0;0;0;0;0;2;2;0;1;0;0;0;6;
Isaiah Thomas;;24;3;7;0;1;0;0;0;1;1;4;1;1;2;1;6;
Gerald Green;;24;8;14;2;4;1;1;2;2;4;0;0;0;1;2;19;
