04-13;HOU-CHA;100-90;
24-23;28-29;31-23;17-15;
HOU
Terrence Jones;PF;31;5;11;0;2;0;0;3;8;11;2;0;4;1;3;10;
Trevor Ariza;SF;36;4;12;3;8;0;0;0;5;5;0;3;1;4;1;11;
Joey Dorsey;C;17;0;2;0;0;0;0;1;4;5;0;3;0;0;2;0;
Jason Terry;SG;28;5;11;3;8;0;0;0;1;1;2;0;0;0;1;13;
James Harden;SG;37;7;20;1;8;14;16;2;4;6;6;1;2;2;1;29;
Josh Smith;;31;5;13;1;6;5;6;4;7;11;2;1;2;1;3;16;
Clint Capela;;17;4;4;0;0;2;4;0;5;5;0;0;1;0;1;10;
Pablo Prigioni;;20;0;3;0;2;0;0;0;2;2;6;1;0;0;3;0;
Corey Brewer;;24;5;9;1;1;0;0;0;3;3;1;0;0;2;3;11;
CHA
Marvin Williams;PF;26;5;7;2;3;0;0;0;4;4;4;2;0;2;3;12;
Jeff Taylor;SF;30;6;11;2;4;2;5;0;0;0;2;1;0;0;4;16;
Bismack Biyombo;C;30;3;4;0;0;3;6;4;9;13;1;2;3;0;1;9;
Kemba Walker;PG;28;2;10;0;3;0;0;0;1;1;5;0;1;1;0;4;
Gerald Henderson;SG;30;1;10;0;2;0;0;0;3;3;5;1;0;3;0;2;
Noah Vonleh;;22;1;8;1;2;1;2;0;7;7;0;0;0;2;3;4;
Jason Maxiell;;18;2;4;0;0;1;2;2;7;9;1;1;0;3;2;5;
Brian Roberts;;28;8;19;5;12;2;2;1;4;5;3;0;0;2;0;23;
Troy Daniels;;28;6;10;3;6;0;0;0;1;1;2;1;1;2;4;15;
