11-17;CHI-LAC;105-89;
21-18;27-32;31-14;26-25;
CHI
Taj Gibson;PF;41;9;13;0;0;2;4;1;4;5;6;1;2;0;5;20;
Mike Dunleavy;SF;35;6;10;4;7;3;5;1;6;7;0;0;0;1;1;19;
Joakim Noah;C;36;5;8;0;0;1;2;3;13;16;6;0;0;1;4;11;
Jimmy Butler;SG;45;6;17;1;4;9;10;2;4;6;8;2;0;3;2;22;
Kirk Hinrich;SG;34;5;12;4;6;0;0;1;1;2;5;3;0;3;5;14;
Nikola Mirotic;;18;5;10;1;4;1;2;1;6;7;2;0;0;0;5;12;
Doug McDermott;;10;0;2;0;2;0;0;0;2;2;0;0;0;0;1;0;
Aaron Brooks;;20;3;8;0;3;1;2;0;0;0;1;1;0;0;1;7;
E'Twaun Moore;;0;0;0;0;0;0;0;0;0;0;0;0;0;0;0;0;
LAC
Blake Griffin;PF;37;7;15;0;1;5;10;4;6;10;4;0;0;5;3;19;
Matt Barnes;SF;29;2;8;2;6;1;2;0;2;2;1;0;0;3;4;7;
DeAndre Jordan;C;36;5;6;0;0;0;2;5;12;17;0;0;3;0;0;10;
Chris Paul;PG;37;5;11;1;1;1;2;0;1;1;7;1;1;1;2;12;
J.J. Redick;SG;24;2;10;1;3;0;0;0;0;0;1;0;1;0;1;5;
Glen Davis;;5;2;2;0;0;0;1;0;1;1;0;0;0;0;1;4;
Spencer Hawes;;17;3;7;2;5;0;0;0;4;4;0;0;0;0;2;8;
Ekpe Udoh;;1;0;0;0;0;0;0;0;0;0;0;0;0;1;0;0;
Jordan Farmar;;13;0;3;0;1;0;0;0;1;1;2;0;0;0;2;0;
Jared Cunningham;;1;0;0;0;0;0;0;0;0;0;0;0;0;0;0;0;
Reggie Bullock;;13;0;2;0;1;0;0;0;2;2;0;0;0;0;1;0;
Jamal Crawford;;27;10;17;1;5;3;5;0;2;2;5;1;0;2;5;24;
