11-07;CLE-DEN;110-101;
38-20;20-25;27-26;25-30;
CLE
Kevin Love;PF;36;6;16;0;5;7;8;2;6;8;1;0;1;2;4;19;
LeBron James;SF;40;8;18;1;5;5;6;0;7;7;11;1;1;3;1;22;
Anderson Varejao;C;28;6;7;0;0;3;5;1;6;7;2;1;1;1;2;15;
Kyrie Irving;PG;39;5;11;2;4;0;0;0;4;4;6;0;0;1;1;12;
Shawn Marion;SG;32;4;6;1;2;1;2;2;4;6;2;0;0;0;1;10;
Tristan Thompson;;21;4;6;0;0;4;6;1;4;5;0;0;0;1;3;12;
Will Cherry;;3;0;0;0;0;0;0;0;1;1;0;0;0;0;0;0;
Mike Miller;;15;1;5;1;4;0;0;0;1;1;1;0;0;0;2;3;
Dion Waiters;;24;6;14;1;3;4;6;0;2;2;1;2;0;0;0;17;
Joe Harris;;2;0;1;0;0;0;0;0;1;1;1;1;0;0;0;0;
DEN
Kenneth Faried;PF;22;4;8;0;0;0;0;2;5;7;1;0;1;1;1;8;
Wilson Chandler;SF;27;5;10;2;7;2;2;1;9;10;1;1;0;5;4;14;
Timofey Mozgov;C;21;2;6;0;1;1;2;1;4;5;0;0;0;1;3;5;
Nate Robinson;PG;26;6;14;2;7;0;0;0;0;0;5;1;0;1;1;14;
Arron Afflalo;SG;31;0;4;0;1;0;0;0;5;5;1;1;0;0;2;0;
Darrell Arthur;;5;0;2;0;1;0;0;0;1;1;0;0;0;0;1;0;
Danilo Gallinari;;20;3;6;2;2;2;2;1;1;2;2;0;0;0;3;10;
Alonzo Gee;;22;2;5;0;0;2;3;0;2;2;2;1;0;0;0;6;
Jusuf Nurkic;;17;5;6;0;0;0;2;3;1;4;0;1;0;2;3;10;
JaVale McGee;;10;0;2;0;0;0;0;0;3;3;0;0;3;2;1;0;
Erick Green;;9;3;3;0;0;0;0;0;1;1;1;0;0;0;1;6;
Randy Foye;;32;10;19;5;10;3;4;0;2;2;9;0;1;1;2;28;
