01-05;OKC-GS;91-117;
25-34;20-31;20-19;26-33;
OKC
Serge Ibaka;PF;31;2;7;0;2;0;0;2;3;5;1;1;2;2;3;4;
Kevin Durant;SF;32;3;16;1;4;7;11;0;10;10;3;2;0;2;2;14;
Steven Adams;C;21;4;6;0;0;2;2;2;7;9;1;1;1;0;2;10;
Russell Westbrook;PG;29;5;21;1;5;11;14;4;3;7;5;1;0;2;2;22;
Andre Roberson;SG;20;2;5;0;3;0;0;1;2;3;3;1;0;2;4;4;
Grant Jerrett;;7;2;6;0;2;0;0;0;1;1;0;0;1;1;2;4;
Perry Jones;;24;0;3;0;2;0;0;1;2;3;0;1;0;0;2;0;
Kendrick Perkins;;8;2;5;0;1;2;3;3;3;6;0;0;1;0;0;6;
Ish Smith;;11;0;4;0;0;0;0;0;0;0;1;1;0;1;1;0;
Reggie Jackson;;21;3;9;2;4;0;0;0;3;3;1;1;0;0;4;8;
Anthony Morrow;;29;6;11;1;2;4;4;6;4;10;2;1;0;1;3;17;
Jeremy Lamb;;6;1;5;0;3;0;0;1;1;2;2;0;0;0;0;2;
GS
Harrison Barnes;SF;36;8;14;5;5;2;4;2;5;7;0;0;0;0;3;23;
Draymond Green;SF;29;4;10;3;7;0;4;2;11;13;5;1;3;1;3;11;
Marreese Speights;C;17;1;8;0;0;4;6;2;4;6;0;0;0;1;3;6;
Stephen Curry;PG;31;7;14;1;4;4;4;0;9;9;6;4;0;2;2;19;
Klay Thompson;SG;19;6;12;3;5;4;5;0;3;3;0;1;1;3;4;19;
David Lee;;21;4;10;0;0;0;0;3;5;8;2;0;0;1;2;8;
Ognjen Kuzmic;;4;1;1;0;0;2;2;1;0;1;1;0;0;0;0;4;
Shaun Livingston;;17;1;3;0;0;1;2;0;1;1;3;0;0;2;2;3;
Justin Holiday;;28;4;6;2;3;2;4;0;2;2;3;2;0;2;3;12;
Leandro Barbosa;;5;2;3;0;0;0;0;0;0;0;1;0;0;0;0;4;
Andre Iguodala;;34;3;7;1;4;1;1;0;4;4;6;0;0;0;0;8;
