11-07;ATL-CHA;119-122;
29-22;21-25;28-23;19-27;13-13;9-12;
ATL
Paul Millsap;PF;43;4;11;1;3;4;4;1;5;6;3;1;0;6;5;13;
DeMarre Carroll;SF;40;4;7;3;6;2;4;2;2;4;2;1;0;2;6;13;
Al Horford;C;37;11;16;0;0;2;3;2;8;10;2;3;1;1;3;24;
Jeff Teague;PG;44;9;23;1;4;3;4;2;2;4;15;0;1;5;4;22;
Kyle Korver;SG;45;6;12;4;7;4;5;0;2;2;1;0;1;2;4;20;
Mike Scott;;13;2;8;2;7;0;0;0;1;1;0;0;0;2;2;6;
Pero Antic;;23;3;7;2;5;0;0;0;2;2;3;1;0;0;3;8;
Thabo Sefolosha;;28;1;5;0;1;1;2;0;8;8;1;0;0;1;5;3;
Shelvin Mack;;2;0;0;0;0;0;0;0;0;0;0;0;0;0;0;0;
Dennis Schroder;;14;3;4;0;0;4;4;0;1;1;1;2;0;0;1;10;
Kent Bazemore;;0;0;0;0;0;0;0;0;0;0;0;0;0;0;0;0;
CHA
Marvin Williams;PF;24;2;7;1;4;0;0;0;2;2;1;1;0;1;3;5;
Michael Kidd-Gilchrist;SF;24;4;6;0;0;2;3;2;2;4;2;0;1;3;3;10;
Al Jefferson;C;41;15;24;0;0;4;8;3;6;9;3;1;2;1;3;34;
Kemba Walker;PG;43;6;16;0;4;3;4;1;8;9;10;3;2;2;4;15;
Lance Stephenson;SG;47;7;15;1;3;2;2;2;11;13;4;0;0;4;3;17;
Cody Zeller;;35;5;8;0;0;0;0;1;4;5;2;1;2;3;5;10;
Jason Maxiell;;16;2;2;0;0;0;0;0;2;2;0;0;0;1;3;4;
Brian Roberts;;15;0;4;0;1;0;0;0;0;0;5;0;0;1;2;0;
Gary Neal;;32;6;11;3;5;8;9;1;3;4;2;0;0;1;2;23;
P.J. Hairston;;12;1;4;1;4;1;1;1;2;3;2;0;0;2;2;4;
