03-01;OKC-LAL;108-101;
28-19;28-29;28-24;24-29;
OKC
Serge Ibaka;PF;35;6;17;0;1;6;7;5;9;14;2;1;3;0;2;18;
Kyle Singler;SF;19;3;7;2;5;0;0;1;1;2;1;0;0;0;2;8;
Enes Kanter;C;29;6;10;0;0;4;6;4;11;15;5;0;0;3;1;16;
D.J. Augustin;PG;41;6;15;4;10;2;2;2;7;9;5;1;0;2;1;18;
Andre Roberson;SG;18;3;6;2;3;0;0;1;2;3;1;1;0;1;2;8;
Mitch McGary;;10;0;3;0;0;0;0;0;1;1;0;0;0;0;1;0;
Nick Collison;;22;5;10;0;0;2;2;3;1;4;2;1;2;1;3;12;
Jeremy Lamb;;16;5;8;2;3;2;2;0;3;3;1;1;1;2;2;14;
Dion Waiters;;28;4;13;0;4;1;4;0;3;3;3;0;0;0;2;9;
Anthony Morrow;;21;2;8;1;6;0;0;0;1;1;1;0;0;0;0;5;
LAL
Carlos Boozer;PF;19;4;11;0;0;0;0;1;5;6;1;0;0;1;2;8;
Ryan Kelly;PF;27;3;8;2;5;3;5;1;2;3;3;1;0;0;2;11;
Robert Sacre;C;18;3;5;0;0;0;0;0;2;2;1;1;2;0;2;6;
Jordan Clarkson;PG;34;5;14;2;4;0;0;1;1;2;4;0;1;2;4;12;
Wayne Ellington;SG;35;5;15;1;8;1;3;1;5;6;6;1;0;0;3;12;
Ed Davis;;24;5;5;0;0;0;0;2;4;6;0;0;2;1;4;10;
Wesley Johnson;;21;3;8;2;4;0;0;1;5;6;0;0;1;1;0;8;
Jordan Hill;;29;5;10;1;1;3;4;1;11;12;2;0;0;3;2;14;
Jeremy Lin;;32;7;14;1;3;5;6;1;5;6;8;3;0;1;1;20;
