03-20;CHA-SAC;91-101;
22-29;24-28;23-23;22-21;
CHA
Cody Zeller;PF;19;0;3;0;0;1;2;0;6;6;4;0;0;0;1;1;
Michael Kidd-Gilchrist;SF;35;5;9;0;0;3;4;3;4;7;0;1;1;3;2;13;
Al Jefferson;C;35;8;18;0;0;1;1;0;5;5;2;2;1;1;3;17;
Kemba Walker;PG;31;7;18;1;5;3;3;0;5;5;2;4;0;2;1;18;
Gerald Henderson;SG;31;8;16;0;1;4;5;2;3;5;0;1;0;3;0;20;
Marvin Williams;;25;3;8;3;4;0;0;1;1;2;1;1;0;0;4;9;
Bismack Biyombo;;13;1;1;0;0;0;0;0;3;3;0;1;1;0;2;2;
Mo Williams;;31;3;15;2;8;1;1;0;1;1;4;0;0;1;4;9;
Lance Stephenson;;19;1;3;0;0;0;0;1;1;2;3;0;0;3;1;2;
SAC
Jason Thompson;PF;27;4;8;0;0;0;1;0;8;8;1;0;2;2;2;8;
Rudy Gay;SF;37;11;20;2;5;9;10;3;6;9;4;2;0;3;3;33;
Omri Casspi;SF;33;4;6;1;2;1;3;0;5;5;2;0;0;3;2;10;
Ray McCallum;PG;23;4;9;0;1;0;0;2;2;4;1;0;1;4;2;8;
Ben McLemore;SG;27;3;7;2;4;1;1;0;0;0;2;1;0;2;3;9;
Derrick Williams;;25;4;8;1;4;4;6;0;2;2;2;0;0;0;1;13;
Carl Landry;;7;0;3;0;0;1;2;0;0;0;0;0;0;0;1;1;
Reggie Evans;;21;2;5;0;0;0;0;5;11;16;2;0;0;4;2;4;
Andre Miller;;25;3;6;1;1;0;0;1;2;3;7;0;0;2;0;7;
Nik Stauskas;;16;2;6;2;4;2;2;0;1;1;0;1;0;1;1;8;
