11-22;SAC-MIN;113-101;
21-24;27-28;36-25;29-24;
SAC
Jason Thompson;PF;18;1;3;0;0;2;2;2;1;3;1;0;0;0;1;4;
Rudy Gay;SF;36;5;12;1;5;3;3;0;6;6;6;1;0;4;3;14;
DeMarcus Cousins;C;39;11;15;0;0;9;10;6;12;18;2;1;2;3;4;31;
Darren Collison;PG;33;6;10;2;4;5;6;0;2;2;7;1;0;4;3;19;
Ben McLemore;SG;41;9;17;4;9;0;0;2;7;9;3;1;0;3;5;22;
Derrick Williams;;30;4;7;1;2;3;4;1;5;6;0;0;0;3;1;12;
Carl Landry;;9;2;5;0;0;2;2;2;0;2;0;0;0;0;1;6;
Omri Casspi;;12;1;6;0;1;1;1;1;1;2;2;0;0;0;1;3;
Ramon Sessions;;15;1;3;0;2;0;2;0;1;1;2;0;0;1;0;2;
Nik Stauskas;;7;0;3;0;3;0;0;0;1;1;1;0;0;0;0;0;
MIN
Anthony Bennett;PF;30;5;11;0;0;0;0;6;0;6;2;1;2;0;3;10;
Andrew Wiggins;SF;41;9;22;2;4;9;10;1;4;5;2;4;1;1;1;29;
Gorgui Dieng;C;39;5;10;0;0;2;2;4;6;10;1;2;2;1;4;12;
Mo Williams;PG;35;5;16;1;7;0;0;0;2;2;12;0;0;4;2;11;
Corey Brewer;SG;30;5;11;0;2;4;8;1;1;2;4;1;0;2;5;14;
Shabazz Muhammad;;18;4;8;0;1;1;2;3;4;7;1;1;0;0;2;9;
Chase Budinger;;25;3;6;2;2;3;3;0;2;2;1;0;0;1;2;11;
Robbie Hummel;;9;0;2;0;0;0;0;0;1;1;0;0;2;1;2;0;
Zach LaVine;;13;1;4;1;1;2;2;0;2;2;0;1;0;0;3;5;
