02-23;MIL-CHI;71-87;
15-21;18-27;16-16;22-23;
MIL
Ersan Ilyasova;PF;35;6;16;3;8;0;0;2;9;11;2;1;1;0;2;15;
Giannis Antetokounmpo;SF;31;3;10;0;0;5;6;3;2;5;1;0;1;1;5;11;
John Henson;C;16;1;3;0;0;0;2;0;1;1;1;0;0;0;3;2;
Jerryd Bayless;PG;32;4;10;0;0;0;2;2;6;8;5;1;0;3;4;8;
Khris Middleton;SG;35;8;19;0;1;1;1;1;5;6;2;3;0;0;3;17;
Johnny O'Bryant III;;3;0;0;0;0;0;0;0;0;0;0;0;0;0;0;0;
Jared Dudley;;18;0;4;0;2;0;0;1;0;1;1;2;0;2;1;0;
Zaza Pachulia;;6;0;3;0;0;0;0;0;1;1;1;0;0;1;1;0;
Miles Plumlee;;14;2;5;0;0;1;2;0;2;2;0;0;2;0;0;5;
Tyler Ennis;;16;2;7;0;3;0;0;1;1;2;0;1;0;0;0;4;
O.J. Mayo;;34;4;12;1;4;0;0;2;2;4;3;1;0;3;2;9;
CHI
Pau Gasol;PF;29;5;9;0;1;5;8;3;7;10;1;0;1;2;1;15;
Mike Dunleavy;SF;20;1;3;0;1;2;2;0;4;4;2;2;0;1;3;4;
Joakim Noah;C;33;3;9;0;0;2;2;6;10;16;2;0;0;2;2;8;
Derrick Rose;PG;33;1;13;1;7;5;6;3;2;5;8;0;1;3;3;8;
Jimmy Butler;SG;38;4;10;1;2;2;2;2;7;9;4;0;2;3;2;11;
Nikola Mirotic;;31;4;11;2;6;6;8;3;11;14;1;1;2;3;1;16;
Cameron Bairstow;;1;0;0;0;0;0;0;0;0;0;0;0;0;0;0;0;
Tony Snell;;31;7;11;4;6;2;2;0;2;2;0;1;1;1;1;20;
Doug McDermott;;2;0;1;0;0;0;0;0;0;0;0;0;0;0;0;0;
Nazr Mohammed;;2;0;0;0;0;0;0;1;0;1;0;0;0;1;0;0;
Aaron Brooks;;19;2;9;0;3;0;0;0;1;1;2;0;0;2;3;4;
E'Twaun Moore;;2;0;0;0;0;1;2;0;0;0;0;0;0;0;0;1;
