03-14;NY-GS;94-125;
27-26;25-47;21-38;21-14;
NY
Lou Amundson;PF;14;3;8;0;0;1;2;4;3;7;1;0;0;1;1;7;
Lance Thomas;SF;22;2;6;0;1;0;0;1;0;1;1;0;0;0;2;4;
Andrea Bargnani;C;28;8;14;1;1;1;2;1;2;3;2;0;2;3;1;18;
Alexey Shved;PG;21;4;10;2;5;4;7;1;3;4;5;3;1;4;1;14;
Langston Galloway;PG;29;4;7;2;4;0;0;0;3;3;2;2;0;0;1;10;
Jason Smith;;12;0;2;0;1;0;0;0;3;3;2;0;0;0;2;0;
Cleanthony Early;;27;5;13;0;3;0;1;3;1;4;0;0;0;2;1;10;
Quincy Acy;;16;2;6;1;2;0;0;0;4;4;1;0;1;0;2;5;
Travis Wear;;17;3;11;0;2;1;2;4;4;8;2;0;1;0;2;7;
Cole Aldrich;;16;0;4;0;0;2;2;5;4;9;5;1;5;1;0;2;
Shane Larkin;;17;2;5;0;0;0;0;1;0;1;1;0;0;2;1;4;
Tim Hardaway Jr.;;20;5;10;3;6;0;0;0;4;4;3;0;0;2;2;13;
GS
Harrison Barnes;SF;20;3;5;1;1;1;2;1;3;4;0;0;0;2;0;8;
Draymond Green;SF;25;5;7;2;3;0;0;0;7;7;5;5;0;2;2;12;
Andrew Bogut;C;22;2;5;0;0;0;0;1;4;5;3;0;0;0;2;4;
Stephen Curry;PG;27;8;15;6;10;3;3;0;3;3;11;3;0;1;2;25;
Klay Thompson;SG;26;9;17;6;10;3;3;0;2;2;2;0;0;0;1;27;
David Lee;;24;5;6;0;0;0;0;1;3;4;2;0;1;2;3;10;
Festus Ezeli;;7;0;3;0;0;0;0;0;1;1;0;0;0;0;1;0;
Marreese Speights;;17;2;8;0;0;5;5;2;0;2;1;1;1;0;0;9;
Shaun Livingston;;18;4;6;0;0;0;0;1;4;5;7;1;1;2;1;8;
Justin Holiday;;22;4;9;3;6;2;2;0;4;4;0;2;1;0;1;13;
Leandro Barbosa;;7;0;3;0;1;2;2;1;0;1;0;0;0;0;1;2;
Andre Iguodala;;18;3;5;1;3;0;0;0;1;1;3;1;1;0;1;7;
Brandon Rush;;6;0;1;0;0;0;0;1;2;3;0;0;1;0;1;0;
