11-14;DEN-IND;108-87;
30-27;34-19;28-21;16-20;
DEN
Kenneth Faried;PF;24;5;6;0;0;2;4;2;4;6;0;1;0;1;3;12;
Wilson Chandler;SF;26;6;10;0;2;1;1;1;4;5;1;0;1;0;3;13;
Timofey Mozgov;C;21;1;7;0;0;1;4;5;1;6;2;1;2;0;4;3;
Ty Lawson;PG;31;4;13;1;4;2;2;0;3;3;10;1;0;3;2;11;
Arron Afflalo;SG;24;7;11;3;7;0;1;0;1;1;2;0;0;0;1;17;
Darrell Arthur;;14;5;9;0;1;1;2;1;3;4;1;1;0;1;1;11;
J.J. Hickson;;17;2;5;0;0;3;5;1;5;6;1;0;1;1;3;7;
Alonzo Gee;;6;1;3;0;0;0;0;0;1;1;0;1;0;0;1;2;
Danilo Gallinari;;22;4;6;3;4;1;1;0;4;4;0;0;0;0;1;12;
Jusuf Nurkic;;5;0;2;0;0;0;0;0;0;0;0;0;0;0;1;0;
JaVale McGee;;15;2;3;0;0;3;4;2;2;4;0;0;0;0;2;7;
Nate Robinson;;17;0;2;0;0;0;0;0;3;3;1;1;0;1;2;0;
Gary Harris;;18;6;10;1;5;0;1;1;2;3;2;2;1;1;1;13;
IND
Luis Scola;PF;14;3;5;0;0;0;2;1;0;1;0;0;1;0;3;6;
Chris Copeland;SF;24;1;10;1;5;0;0;1;4;5;1;0;0;4;3;3;
Solomon Hill;SF;37;5;16;1;4;1;2;1;4;5;2;0;0;1;1;12;
Roy Hibbert;C;25;3;9;0;0;3;4;0;4;4;1;0;2;1;3;9;
Donald Sloan;PG;27;4;8;2;5;2;2;0;2;2;4;1;0;1;1;12;
Shayne Whittington;;12;1;3;1;1;0;0;0;5;5;0;0;1;1;1;3;
Lavoy Allen;;22;5;11;0;0;0;0;3;4;7;0;0;1;0;1;10;
Damjan Rudez;;28;3;7;1;2;0;2;0;0;0;3;0;1;1;3;7;
Ian Mahinmi;;23;4;4;0;0;1;5;5;6;11;2;0;1;2;2;9;
A.J. Price;;24;5;9;2;4;2;3;0;2;2;4;1;0;2;1;14;
C.J. Miles;;4;0;2;0;1;2;2;0;0;0;0;0;0;0;0;2;
