02-03;GS-SAC;121-96;
29-22;34-20;31-38;27-16;
GS
Harrison Barnes;SF;24;4;8;1;2;0;0;1;5;6;0;0;0;1;2;9;
Draymond Green;SF;25;3;6;1;1;1;2;1;5;6;4;4;1;1;0;8;
Andrew Bogut;C;19;3;3;0;0;0;1;0;5;5;4;0;2;1;4;6;
Stephen Curry;PG;29;6;15;2;6;9;10;0;5;5;9;3;0;2;2;23;
Klay Thompson;SG;24;6;12;2;5;0;0;0;1;1;1;1;0;2;0;14;
David Lee;;23;3;7;0;0;2;2;2;3;5;1;2;2;1;4;8;
Festus Ezeli;;8;1;2;0;0;0;2;4;1;5;0;0;0;1;2;2;
Marreese Speights;;21;8;13;0;0;1;2;4;4;8;3;0;0;0;6;17;
Shaun Livingston;;19;2;5;0;0;1;1;1;0;1;5;0;0;0;2;5;
Justin Holiday;;2;0;3;0;2;0;0;0;0;0;0;0;0;0;0;0;
Leandro Barbosa;;22;4;9;2;4;2;2;1;2;3;5;3;0;0;1;12;
Andre Iguodala;;24;6;8;2;3;3;4;0;4;4;1;0;0;2;0;17;
SAC
Derrick Williams;PF;21;1;3;0;0;0;0;0;3;3;0;0;0;1;1;2;
Rudy Gay;SF;37;7;15;2;5;4;5;0;3;3;2;0;0;4;3;20;
DeMarcus Cousins;C;42;10;21;0;0;6;7;3;8;11;4;3;4;3;3;26;
Darren Collison;PG;37;8;15;1;4;1;1;0;2;2;7;1;0;1;4;18;
Ben McLemore;SG;40;6;9;4;5;2;2;0;2;2;2;3;0;1;3;18;
Quincy Miller;;6;0;1;0;0;0;0;0;1;1;1;0;0;0;1;0;
Carl Landry;;3;0;1;0;0;0;0;0;1;1;0;0;0;1;0;0;
Jason Thompson;;19;2;6;0;0;4;4;2;6;8;0;0;0;3;3;8;
Omri Casspi;;15;1;3;0;0;0;1;1;2;3;0;0;0;3;0;2;
Ryan Hollins;;3;0;1;0;0;1;2;0;0;0;0;0;0;0;0;1;
Ray McCallum;;7;0;2;0;1;0;0;0;0;0;0;0;0;1;2;0;
Ramon Sessions;;5;0;2;0;1;1;2;0;0;0;1;0;0;0;1;1;
Nik Stauskas;;3;0;0;0;0;0;0;0;0;0;0;0;0;0;0;0;
