01-07;NY-WSH;91-101;
21-30;20-23;26-24;24-24;
NY
Quincy Acy;SF;30;2;8;0;1;0;0;1;8;9;0;0;0;2;2;4;
Cole Aldrich;C;32;5;11;0;0;1;2;2;5;7;2;1;0;3;2;11;
Pablo Prigioni;PG;20;1;3;1;2;0;0;1;0;1;3;2;0;1;1;3;
Jose Calderon;PG;32;7;14;2;5;1;1;1;3;4;3;1;0;4;3;17;
Tim Hardaway Jr.;SG;24;3;10;0;3;1;1;0;3;3;3;1;0;1;2;7;
Jason Smith;;21;3;8;0;1;7;10;1;4;5;2;0;0;0;6;13;
Cleanthony Early;;18;3;5;2;3;0;0;2;0;2;0;0;0;1;1;8;
Travis Wear;;18;4;7;3;5;0;0;2;3;5;0;1;0;2;2;11;
Langston Galloway;;17;2;8;1;2;2;2;0;2;2;3;1;0;0;1;7;
Shane Larkin;;28;4;8;2;4;0;0;0;3;3;2;4;0;1;2;10;
WSH
Nene Hilario;PF;24;8;13;0;1;4;6;0;6;6;4;1;0;2;2;20;
Otto Porter Jr.;SF;24;3;6;0;2;0;0;2;2;4;1;1;0;0;1;6;
Marcin Gortat;C;29;5;9;0;0;2;4;5;6;11;2;1;1;2;2;12;
John Wall;PG;34;5;9;1;1;7;9;0;5;5;8;3;0;3;2;18;
Bradley Beal;SG;29;4;10;4;6;0;0;0;2;2;2;1;0;1;0;12;
Kris Humphries;;22;3;8;0;0;0;0;2;5;7;1;0;0;1;2;6;
Drew Gooden;;2;0;0;0;0;0;0;0;0;0;0;0;0;2;0;0;
Martell Webster;;18;1;3;1;2;2;2;0;2;2;3;0;1;1;1;5;
Rasual Butler;;24;6;11;2;4;0;0;0;1;1;2;1;2;1;1;14;
Kevin Seraphin;;17;2;5;0;0;0;0;0;2;2;0;0;0;2;2;4;
DeJuan Blair;;2;1;1;0;0;0;0;0;2;2;0;0;0;0;0;2;
Andre Miller;;14;1;1;0;0;0;0;0;2;2;5;1;0;1;0;2;
Garrett Temple;;2;0;0;0;0;0;0;0;0;0;0;0;0;0;0;0;
