02-28;MEM-MIN;101-97;
18-24;30-22;24-24;29-27;
MEM
Zach Randolph;PF;33;3;7;0;1;1;1;1;10;11;0;0;1;7;3;7;
Jeff Green;SF;30;3;5;1;1;6;7;0;4;4;4;0;2;2;5;13;
Marc Gasol;C;35;11;14;0;1;5;9;2;9;11;4;0;2;6;4;27;
Mike Conley;PG;35;5;13;2;5;5;5;0;2;2;4;2;0;2;2;17;
Courtney Lee;SG;32;2;3;1;1;0;0;0;1;1;1;0;0;1;3;5;
Jon Leuer;;14;2;3;0;0;1;2;2;1;3;0;0;1;0;3;5;
Tony Allen;;22;5;9;0;0;1;2;0;2;2;1;2;0;1;1;11;
Kosta Koufos;;13;2;2;0;0;0;0;1;5;6;0;0;1;2;0;4;
Beno Udrih;;13;3;5;0;1;2;2;0;1;1;1;1;0;1;2;8;
Nick Calathes;;12;2;3;0;1;0;1;0;2;2;6;2;0;2;1;4;
MIN
Kevin Garnett;PF;15;3;4;0;1;0;0;1;2;3;2;3;0;0;4;6;
Andrew Wiggins;SF;42;10;22;0;0;5;6;4;0;4;2;1;0;2;3;25;
Nikola Pekovic;C;12;0;5;0;0;1;2;3;1;4;1;1;1;2;3;1;
Ricky Rubio;PG;42;3;12;1;4;6;8;2;5;7;10;4;0;4;4;13;
Kevin Martin;SG;34;5;18;3;8;0;0;0;2;2;5;0;0;1;0;13;
Adreian Payne;;25;2;7;0;0;0;0;2;3;5;0;0;0;1;3;4;
Gorgui Dieng;;39;4;6;0;0;5;6;4;5;9;0;2;0;1;3;13;
Zach LaVine;;10;3;6;0;1;0;0;0;1;1;0;1;0;1;1;6;
Gary Neal;;22;4;8;3;5;5;5;0;0;0;2;0;0;0;1;16;
