11-07;IND-BOS;98-101;
26-30;26-25;23-18;23-28;
IND
Luis Scola;PF;29;6;12;1;1;0;0;1;7;8;1;0;0;0;2;13;
Chris Copeland;SF;38;6;13;0;4;5;5;3;3;6;4;0;0;5;5;17;
Solomon Hill;SF;39;5;11;2;6;0;0;0;3;3;0;1;0;3;1;12;
Roy Hibbert;C;32;8;16;0;0;6;6;4;7;11;2;0;4;2;4;22;
Donald Sloan;PG;34;5;14;1;4;2;2;1;4;5;4;1;0;0;0;13;
Lavoy Allen;;19;6;11;0;0;0;0;4;3;7;1;0;0;0;0;12;
Damjan Rudez;;19;2;4;0;1;0;0;0;1;1;1;0;0;1;1;4;
Ian Mahinmi;;16;0;0;0;0;0;0;1;0;1;1;0;2;1;3;0;
A.J. Price;;14;2;7;1;3;0;0;0;0;0;4;0;0;1;1;5;
BOS
Jared Sullinger;PF;33;8;17;1;5;0;0;1;5;6;5;0;0;0;4;17;
Jeff Green;SF;30;5;12;3;7;2;2;2;5;7;1;0;0;3;1;15;
Kelly Olynyk;C;28;5;7;2;2;0;0;2;3;5;2;1;0;2;2;12;
Rajon Rondo;PG;28;4;10;0;1;0;0;1;3;4;6;2;1;3;2;8;
Avery Bradley;PG;29;4;12;1;4;2;2;1;2;3;1;0;0;2;2;11;
Brandon Bass;;20;3;4;0;0;4;4;1;3;4;4;0;1;0;0;10;
Gerald Wallace;;8;0;2;0;0;2;2;0;1;1;0;1;0;0;0;2;
Tyler Zeller;;12;1;1;0;0;4;6;1;1;2;1;0;0;0;3;6;
Phil Pressey;;13;2;3;1;2;0;0;0;1;1;4;2;0;1;1;5;
Marcus Smart;;16;1;6;1;4;0;0;0;2;2;0;0;1;0;1;3;
Marcus Thornton;;7;2;4;0;2;0;0;0;1;1;1;0;0;0;1;4;
Evan Turner;;16;4;7;0;0;0;0;0;2;2;1;0;0;1;2;8;
