11-05;CHI-MIL;95-86;
23-21;26-32;23-17;23-16;
CHI
Taj Gibson;PF;44;9;17;0;0;5;9;3;7;10;2;1;0;1;1;23;
Pau Gasol;PF;36;8;14;0;0;6;7;2;12;14;1;0;1;2;2;22;
Mike Dunleavy;SF;23;4;7;1;4;3;4;0;2;2;3;0;1;1;0;12;
Derrick Rose;PG;31;4;10;2;5;3;4;0;2;2;7;2;0;4;2;13;
Jimmy Butler;SG;41;5;8;0;0;4;4;1;5;6;7;4;0;4;3;14;
Nikola Mirotic;;16;1;6;0;0;0;0;0;3;3;1;0;1;2;3;2;
Tony Snell;;0;0;0;0;0;0;0;0;0;0;0;0;0;0;0;0;
Doug McDermott;;7;0;0;0;0;0;0;0;2;2;0;0;0;0;2;0;
Aaron Brooks;;13;1;5;0;1;0;0;1;2;3;1;0;0;2;2;2;
Kirk Hinrich;;28;2;6;2;6;1;2;0;0;0;2;1;0;0;3;7;
MIL
Ersan Ilyasova;PF;16;3;4;1;1;0;0;0;1;1;1;0;0;2;3;7;
Jared Dudley;SF;18;1;4;1;2;2;2;0;2;2;1;0;0;0;0;5;
Jabari Parker;SF;25;4;12;0;0;0;2;3;3;6;0;0;0;1;2;8;
Larry Sanders;C;23;3;9;0;0;0;0;5;4;9;1;2;2;2;5;6;
Brandon Knight;PG;32;3;15;0;3;4;4;1;8;9;7;5;0;1;2;10;
Giannis Antetokounmpo;;27;6;11;0;1;1;2;2;6;8;1;0;0;0;2;13;
Zaza Pachulia;;18;1;5;0;0;1;1;1;2;3;3;1;0;2;2;3;
John Henson;;12;3;4;0;0;0;0;4;1;5;1;0;0;0;2;6;
Jerryd Bayless;;20;3;6;0;0;2;2;0;2;2;1;0;0;2;3;8;
Khris Middleton;;23;3;7;0;2;5;5;1;3;4;0;1;1;1;1;11;
O.J. Mayo;;27;3;12;1;6;2;2;1;0;1;3;1;0;3;6;9;
