12-13;DEN-HOU;96-108;
31-21;17-33;25-26;23-28;
DEN
J.J. Hickson;PF;22;5;7;0;0;4;8;2;8;10;2;0;2;2;4;14;
Wilson Chandler;SF;31;4;13;1;5;0;0;1;8;9;2;0;0;2;3;9;
Timofey Mozgov;C;14;0;1;0;0;0;0;3;1;4;1;0;0;1;5;0;
Ty Lawson;PG;39;7;13;1;3;4;5;0;4;4;12;0;0;2;0;19;
Arron Afflalo;SG;37;4;17;1;7;3;3;0;4;4;2;3;0;3;2;12;
Kenneth Faried;;20;3;7;0;0;1;2;1;2;3;2;0;1;0;3;7;
Darrell Arthur;;24;7;14;4;9;2;2;3;3;6;1;1;0;1;1;20;
Alonzo Gee;;10;1;4;0;2;0;0;2;1;3;0;1;1;1;1;2;
Jusuf Nurkic;;18;3;9;0;0;3;6;2;3;5;1;2;3;0;6;9;
Erick Green;;10;2;7;0;1;0;0;0;1;1;1;0;0;2;0;4;
Gary Harris;;13;0;4;0;1;0;0;1;1;2;0;0;0;1;1;0;
HOU
Donatas Motiejunas;PF;32;11;19;2;4;1;2;2;3;5;1;1;0;1;3;25;
Trevor Ariza;SF;42;4;14;3;11;2;4;3;5;8;2;2;0;0;3;13;
Dwight Howard;C;30;9;11;0;0;8;17;3;10;13;2;1;3;2;3;26;
Patrick Beverley;PG;35;4;9;1;4;0;0;0;2;2;3;2;1;3;5;9;
James Harden;SG;38;7;20;2;5;8;9;0;10;10;10;1;2;3;3;24;
Tarik Black;;7;0;1;0;0;1;2;2;1;3;0;0;0;1;0;1;
Joey Dorsey;;15;0;0;0;0;0;0;3;5;8;0;0;1;1;2;0;
Jason Terry;;25;3;9;2;8;0;0;0;1;1;0;1;0;3;1;8;
Troy Daniels;;2;0;0;0;0;0;0;0;1;1;0;0;0;0;0;0;
Nick Johnson;;14;1;5;0;2;0;0;0;1;1;2;0;0;0;1;2;
