03-21;POR-MEM;86-97;
27-35;17-18;18-24;24-20;
POR
LaMarcus Aldridge;PF;18;7;12;0;1;2;2;0;5;5;0;0;1;2;1;16;
Nicolas Batum;SF;15;0;4;0;2;0;0;0;2;2;0;1;0;1;1;0;
Robin Lopez;C;32;4;7;0;0;0;0;3;4;7;1;1;1;1;1;8;
Damian Lillard;PG;39;8;18;2;6;9;9;0;3;3;7;0;0;5;2;27;
Arron Afflalo;SG;36;3;6;0;1;2;3;0;3;3;1;0;0;0;3;8;
Alonzo Gee;;6;0;0;0;0;0;0;0;1;1;0;0;0;0;0;0;
Dorell Wright;;25;4;11;2;4;0;0;1;5;6;2;2;1;2;1;10;
Meyers Leonard;;14;0;1;0;1;0;0;0;2;2;0;0;0;3;2;0;
Joel Freeland;;20;1;3;0;0;0;0;1;6;7;1;1;0;0;2;2;
Steve Blake;;9;1;3;0;2;0;0;0;2;2;2;0;0;0;1;2;
C.J. McCollum;;26;5;11;2;5;1;1;0;6;6;1;1;0;3;3;13;
MEM
Zach Randolph;PF;31;8;20;1;1;0;0;3;1;4;3;0;0;1;3;17;
Jeff Green;SF;40;8;16;5;7;2;2;0;9;9;0;0;0;0;0;23;
Tony Allen;SF;35;4;6;1;1;1;2;2;9;11;1;6;0;2;2;10;
Marc Gasol;C;33;4;15;0;0;5;6;3;6;9;5;0;1;2;4;13;
Mike Conley;PG;34;8;11;3;5;2;2;0;2;2;9;1;0;1;0;21;
Jon Leuer;;6;0;2;0;0;0;0;0;1;1;0;0;0;0;0;0;
Kosta Koufos;;19;2;5;0;0;0;0;1;4;5;0;1;0;2;2;4;
Beno Udrih;;14;1;4;0;0;2;4;1;0;1;2;1;0;1;3;4;
Vince Carter;;14;1;7;0;3;0;0;1;1;2;1;0;0;0;1;2;
Nick Calathes;;16;1;3;1;1;0;0;0;1;1;0;1;0;1;1;3;
