03-15;ATL-LAL;91-86;
23-14;18-24;27-20;23-28;
ATL
Pero Antic;PF;24;1;3;0;1;1;4;4;2;6;2;1;0;1;2;3;
Al Horford;C;35;10;21;0;1;1;3;1;4;5;3;5;1;1;1;21;
Dennis Schroder;PG;38;7;16;1;5;9;11;1;2;3;10;1;0;3;2;24;
Kyle Korver;SG;10;0;3;0;2;0;0;0;1;1;1;0;0;0;0;0;
Kent Bazemore;SG;38;4;7;1;3;4;5;0;9;9;3;0;2;3;2;13;
Elton Brand;;24;1;2;0;0;0;0;0;5;5;1;2;3;0;1;2;
Mike Muscala;;13;1;3;0;1;0;0;1;2;3;0;0;0;0;2;2;
DeMarre Carroll;;0;0;0;0;0;0;0;0;0;0;0;0;0;0;0;0;
Shelvin Mack;;35;7;13;3;7;1;2;0;0;0;3;0;0;1;2;18;
John Jenkins;;24;3;8;0;3;2;2;0;2;2;2;0;0;1;2;8;
LAL
Tarik Black;PF;21;2;5;0;0;3;3;4;3;7;1;0;1;1;2;7;
Wesley Johnson;SF;26;3;8;1;4;1;2;0;1;1;0;0;1;2;1;8;
Jordan Hill;C;22;3;10;0;0;0;0;4;5;9;2;0;0;2;2;6;
Jordan Clarkson;PG;31;4;13;0;1;2;2;4;4;8;6;0;0;2;6;10;
Wayne Ellington;SG;24;2;11;2;4;0;0;1;0;1;4;0;0;2;1;6;
Carlos Boozer;;27;5;10;0;0;3;4;2;5;7;3;0;0;3;3;13;
Ed Davis;;24;3;5;0;0;1;3;3;10;13;4;1;2;4;4;7;
Ryan Kelly;;24;5;12;3;6;0;0;1;3;4;1;1;0;1;0;13;
Jeremy Lin;;19;3;6;0;1;1;1;0;3;3;0;2;0;3;1;7;
Jabari Brown;;22;4;5;1;2;0;0;0;1;1;0;2;0;1;2;9;
