11-29;NO-WSH;80-83;
18-23;18-17;21-25;23-18;
NO
Anthony Davis;PF;40;11;18;0;1;8;9;3;10;13;0;1;0;4;2;30;
Omer Asik;C;28;0;4;0;0;1;2;3;6;9;0;1;0;2;0;1;
Jrue Holiday;PG;34;7;18;3;5;0;0;3;4;7;2;0;0;4;4;17;
Tyreke Evans;SG;35;2;15;0;3;0;0;1;4;5;4;4;1;1;1;4;
Austin Rivers;SG;29;1;5;0;1;2;4;0;1;1;3;0;0;1;0;4;
Ryan Anderson;;25;4;11;1;4;2;4;3;3;6;2;1;0;0;3;11;
John Salmons;;28;4;6;1;1;0;0;0;0;0;0;1;0;0;2;9;
Luke Babbitt;;18;1;3;1;2;1;2;0;1;1;1;0;0;0;1;4;
Alexis Ajinca;;3;0;1;0;0;0;0;0;0;0;0;0;0;0;1;0;
WSH
Kris Humphries;PF;26;3;6;0;0;2;2;2;9;11;0;1;0;1;3;8;
Paul Pierce;SF;28;3;6;2;4;2;2;1;0;1;2;0;3;3;1;10;
Marcin Gortat;C;41;12;20;0;0;0;0;2;11;13;2;2;4;1;2;24;
John Wall;PG;34;5;14;0;1;1;2;0;3;3;7;3;0;3;3;11;
Bradley Beal;SG;35;5;11;2;4;0;2;1;0;1;3;2;0;2;2;12;
Drew Gooden;;17;1;5;0;0;2;2;2;1;3;1;1;0;2;3;4;
Nene Hilario;;0;0;0;0;0;0;0;0;0;0;0;0;0;0;0;0;
Otto Porter Jr.;;16;1;2;0;0;1;2;2;1;3;0;0;2;0;1;3;
Rasual Butler;;23;2;5;1;2;0;0;0;6;6;1;0;0;0;0;5;
Kevin Seraphin;;7;1;1;0;0;0;0;1;2;3;0;0;0;2;1;2;
Andre Miller;;14;2;6;0;1;0;0;1;1;2;5;0;0;0;2;4;
