03-29;LAL-BKN;99-107;
19-30;31-31;24-24;25-22;
LAL
Ryan Kelly;PF;36;2;5;0;2;2;2;0;2;2;6;2;1;1;3;6;
Tarik Black;PF;26;4;8;0;0;0;0;2;3;5;2;0;0;1;3;8;
Wesley Johnson;SF;35;8;16;1;4;0;0;1;4;5;3;0;1;1;1;17;
Jordan Clarkson;PG;35;7;14;1;3;3;4;0;6;6;7;0;0;2;3;18;
Wayne Ellington;SG;30;5;12;3;4;0;0;1;4;5;2;0;0;2;1;13;
Jordan Hill;;27;10;17;0;0;2;3;5;11;16;1;0;1;1;3;22;
Robert Sacre;;20;2;5;0;0;0;0;0;0;0;1;1;0;1;0;4;
Jabari Brown;;31;4;14;1;5;2;2;0;4;4;3;4;1;2;0;11;
BKN
Joe Johnson;SF;36;7;14;3;8;1;1;1;7;8;7;2;0;1;1;18;
Brook Lopez;C;40;13;22;0;0;4;8;3;8;11;1;0;4;0;0;30;
Mason Plumlee;C;23;2;3;0;0;3;4;0;5;5;3;1;0;0;0;7;
Deron Williams;PG;34;5;13;1;4;2;2;0;1;1;9;3;0;3;1;13;
Markel Brown;SG;36;6;11;2;7;3;4;0;4;4;4;2;0;0;1;17;
Earl Clark;;20;2;10;0;5;0;0;1;7;8;0;0;2;1;2;4;
Jarrett Jack;;14;3;4;1;1;0;0;0;2;2;2;1;0;3;1;7;
Bojan Bogdanovic;;9;1;4;0;1;0;0;1;0;1;0;0;0;0;2;2;
Alan Anderson;;28;3;6;1;2;2;2;0;3;3;3;2;0;0;1;9;
