11-04;HOU-MIA;108-91;
30-31;27-24;26-22;25-14;
HOU
Donatas Motiejunas;PF;13;1;5;0;2;0;0;0;1;1;0;0;0;0;5;2;
Trevor Ariza;SF;40;5;8;5;8;4;4;1;4;5;5;3;0;4;3;19;
Dwight Howard;C;38;10;16;0;0;6;11;3;7;10;0;1;0;5;4;26;
Patrick Beverley;PG;30;5;8;4;7;1;2;1;3;4;1;0;0;1;4;15;
James Harden;SG;40;6;13;3;7;10;10;2;7;9;10;1;2;5;2;25;
Kostas Papanikolaou;;37;3;10;2;8;0;0;1;6;7;5;0;2;0;2;8;
Joey Dorsey;;8;1;1;0;0;0;0;0;1;1;0;1;1;1;3;2;
Isaiah Canaan;;14;3;3;2;2;0;0;0;0;0;0;1;0;0;1;8;
Jason Terry;;19;1;4;1;3;0;0;1;0;1;1;1;0;0;2;3;
Troy Daniels;;0;0;0;0;0;0;0;0;0;0;0;0;0;0;0;0;
MIA
Luol Deng;SF;23;3;9;1;1;4;6;0;1;1;0;1;0;3;2;11;
Shawne Williams;SF;29;4;6;3;4;3;4;2;3;5;1;0;0;0;5;14;
Chris Bosh;C;30;8;14;2;4;3;5;2;6;8;1;2;0;2;3;21;
Norris Cole;PG;16;0;4;0;1;0;0;1;2;3;2;1;0;1;0;0;
Dwyane Wade;SG;31;7;11;0;2;5;5;1;1;2;3;0;1;3;2;19;
Josh McRoberts;;6;0;0;0;0;0;0;0;0;0;0;0;0;0;4;0;
James Ennis;;14;0;3;0;1;0;0;0;2;2;0;0;0;0;1;0;
Justin Hamilton;;31;3;8;3;6;0;0;5;2;7;2;1;1;0;3;9;
Mario Chalmers;;29;4;12;2;6;2;5;2;3;5;3;1;0;5;1;12;
Shabazz Napier;;27;2;6;1;2;0;2;0;1;1;4;1;0;1;0;5;
Andre Dawkins;;2;0;1;0;1;0;0;0;0;0;0;0;0;0;0;0;
