02-26;OKC-PHX;113-117;
15-25;33-28;36-33;25-23;4-8;
OKC
Serge Ibaka;PF;42;5;13;1;2;2;2;3;6;9;1;1;3;0;2;13;
Kyle Singler;SF;22;2;6;1;3;2;2;0;2;2;0;0;0;0;2;7;
Enes Kanter;C;37;6;11;0;0;6;6;3;3;6;1;0;1;3;3;18;
Russell Westbrook;PG;43;12;38;1;10;14;16;3;11;14;11;3;0;4;3;39;
Andre Roberson;SG;19;0;1;0;1;0;0;1;4;5;1;0;0;0;4;0;
Mitch McGary;;10;0;2;0;1;0;0;0;3;3;0;0;0;1;2;0;
Nick Collison;;16;1;4;0;0;0;0;2;4;6;0;0;0;0;1;2;
D.J. Augustin;;27;5;8;1;2;2;2;1;4;5;3;0;0;1;1;13;
Dion Waiters;;34;6;12;3;4;1;2;0;0;0;0;2;0;1;5;16;
Anthony Morrow;;16;2;6;1;1;0;0;0;0;0;0;0;0;0;1;5;
PHX
Markieff Morris;PF;44;12;26;2;6;3;5;3;8;11;3;1;1;3;1;29;
P.J. Tucker;SF;35;5;10;0;4;2;2;1;3;4;2;0;1;1;2;12;
Alex Len;C;38;6;11;0;0;0;0;1;10;11;1;0;3;1;5;12;
Eric Bledsoe;PG;42;11;16;2;3;4;8;4;9;13;9;1;4;5;5;28;
Brandon Knight;PG;48;6;16;3;8;0;0;0;5;5;3;0;0;3;4;15;
Marcus Morris;;23;3;8;2;3;3;6;0;5;5;2;0;0;0;3;11;
Brandan Wright;;14;2;4;0;0;0;0;1;1;2;0;1;0;0;2;4;
Earl Barron;;6;2;2;0;0;0;0;0;1;1;0;0;0;0;1;4;
Gerald Green;;16;1;4;0;2;0;0;0;0;0;1;1;0;0;1;2;
