01-30;HOU-BOS;93-87;
29-21;31-21;9-22;24-23;
HOU
Donatas Motiejunas;PF;31;11;16;3;5;1;3;4;8;12;1;0;0;4;1;26;
Trevor Ariza;SF;35;3;10;1;7;0;0;1;7;8;2;1;0;2;1;7;
Joey Dorsey;C;13;3;3;0;0;0;0;1;1;2;0;0;0;1;2;6;
Patrick Beverley;PG;33;2;7;1;3;3;4;0;4;4;4;1;0;1;2;8;
James Harden;SG;39;4;21;2;7;4;5;0;6;6;7;2;0;5;2;14;
Terrence Jones;;20;2;5;0;2;3;4;1;1;2;0;0;3;0;3;7;
Josh Smith;;31;6;13;1;3;2;2;2;8;10;3;2;1;1;4;15;
Corey Brewer;;23;4;7;0;1;2;2;1;3;4;1;0;0;2;2;10;
Jason Terry;;15;0;2;0;2;0;0;2;0;2;4;0;0;0;1;0;
BOS
Jared Sullinger;PF;30;4;14;0;3;0;0;2;5;7;4;1;1;3;4;8;
Brandon Bass;PF;33;6;11;0;0;5;8;3;5;8;1;0;1;0;2;17;
Jae Crowder;SF;28;2;6;1;3;2;4;0;4;4;1;3;1;2;4;7;
Avery Bradley;PG;32;3;12;0;4;4;4;0;1;1;1;1;0;0;3;10;
Evan Turner;SG;21;2;10;0;2;0;0;2;1;3;1;1;0;3;2;4;
Gerald Wallace;;7;0;0;0;0;0;0;0;0;0;0;0;1;0;0;0;
Tayshaun Prince;;21;6;10;1;1;0;0;1;3;4;2;0;0;0;1;13;
Tyler Zeller;;18;2;8;0;0;3;4;4;7;11;0;0;0;0;2;7;
Marcus Smart;;27;1;6;1;5;1;2;1;2;3;4;1;1;2;4;4;
Marcus Thornton;;23;6;13;4;6;1;1;1;6;7;0;1;0;1;1;17;
