11-05;ORL-PHI;91-89;
26-28;26-24;23-23;16-14;
ORL
Channing Frye;PF;36;5;12;2;8;1;1;2;9;11;1;2;0;3;3;13;
Tobias Harris;SF;36;8;18;0;3;2;2;2;6;8;1;2;1;2;2;18;
Nikola Vucevic;C;36;8;16;0;0;1;1;2;3;5;3;0;1;5;2;17;
Elfrid Payton;PG;28;4;8;0;0;0;1;3;3;6;5;4;1;4;2;8;
Evan Fournier;SG;28;4;10;1;4;1;1;0;3;3;3;0;0;0;1;10;
Aaron Gordon;;7;1;2;0;0;0;0;1;4;5;0;0;0;2;0;2;
Maurice Harkless;;17;3;4;0;1;0;0;3;1;4;0;2;0;0;3;6;
Dewayne Dedmon;;10;0;1;0;0;0;0;1;5;6;0;0;0;3;1;0;
Luke Ridnour;;20;1;6;0;3;0;0;0;2;2;1;1;0;3;3;2;
Ben Gordon;;20;5;11;0;1;5;6;0;1;1;0;0;0;2;3;15;
PHI
Brandon Davies;PF;29;9;11;1;1;1;4;1;3;4;1;1;0;1;3;20;
Luc Richard Mbah a Moute;PF;26;2;7;0;4;0;2;1;4;5;4;0;1;2;2;4;
Nerlens Noel;C;17;2;4;0;0;0;0;1;1;2;3;0;1;3;0;4;
Tony Wroten;SG;35;9;16;4;6;5;7;0;3;3;8;5;2;8;4;27;
Hollis Thompson;SG;34;1;5;1;4;3;3;1;8;9;1;3;2;1;1;6;
Malcolm Thomas;;10;1;2;0;0;0;0;0;3;3;0;0;0;1;1;2;
Chris Johnson;;13;0;5;0;4;0;0;0;1;1;0;0;1;0;1;0;
Henry Sims;;24;1;5;0;0;1;2;2;6;8;2;3;0;3;2;3;
Alexey Shved;;19;2;9;1;4;4;4;0;0;0;3;0;0;0;1;9;
K.J. McDaniels;;29;5;10;1;2;1;1;0;2;2;0;0;3;1;1;12;
JaKarr Sampson;;4;1;3;0;0;0;0;0;1;1;0;0;2;0;2;2;
