01-25;OKC-CLE;98-108;
26-20;23-37;29-26;20-25;
OKC
Serge Ibaka;PF;43;6;16;3;9;0;0;2;8;10;1;2;2;0;3;15;
Kevin Durant;SF;40;12;23;1;5;7;9;1;5;6;9;0;2;1;3;32;
Kendrick Perkins;C;27;2;4;0;0;0;0;1;3;4;1;1;0;2;6;4;
Russell Westbrook;PG;40;7;26;3;6;5;7;4;5;9;11;2;1;2;3;22;
Andre Roberson;SG;15;1;1;0;0;0;0;1;2;3;1;0;1;0;1;2;
Nick Collison;;17;1;1;0;0;0;0;0;2;2;1;0;0;0;3;2;
Reggie Jackson;;10;1;5;0;1;0;0;1;4;5;0;0;0;2;1;2;
Anthony Morrow;;16;2;3;1;2;0;0;0;0;0;0;0;0;0;1;5;
Dion Waiters;;33;5;15;2;7;2;2;0;3;3;2;1;0;1;2;14;
CLE
Kevin Love;PF;36;6;10;5;7;2;4;3;10;13;1;0;1;3;1;19;
LeBron James;SF;39;11;25;2;6;10;13;0;7;7;5;1;2;2;1;34;
Timofey Mozgov;C;28;0;3;0;0;2;2;2;4;6;1;1;2;2;4;2;
Kyrie Irving;PG;41;9;21;3;7;0;0;0;2;2;6;2;0;2;2;21;
J.R. Smith;SG;32;4;14;4;12;2;2;0;2;2;2;0;0;0;1;14;
Tristan Thompson;;31;3;4;0;0;4;8;5;11;16;1;0;3;0;3;10;
Shawn Marion;;7;1;1;0;0;0;0;1;0;1;0;0;0;0;0;2;
Iman Shumpert;;14;1;2;1;2;0;0;0;1;1;0;1;0;2;0;3;
Matthew Dellavedova;;12;1;2;1;2;0;0;0;0;0;1;0;0;0;2;3;
