12-15;CHA-CLE;88-97;
17-34;28-20;23-26;20-17;
CHA
Cody Zeller;PF;18;1;4;0;0;2;2;2;1;3;0;0;0;1;1;4;
Michael Kidd-Gilchrist;SF;21;0;4;0;0;1;2;1;3;4;0;0;0;0;3;1;
Al Jefferson;C;32;7;13;0;0;0;0;0;8;8;2;0;0;1;2;14;
Kemba Walker;PG;35;11;20;1;2;1;2;0;5;5;5;1;0;3;0;24;
Lance Stephenson;SG;25;4;12;0;3;0;2;0;2;2;4;2;0;0;2;8;
Marvin Williams;;30;4;6;2;4;0;0;0;2;2;0;0;1;2;1;10;
Bismack Biyombo;;16;1;1;0;0;2;4;1;6;7;0;0;4;0;0;4;
Brian Roberts;;13;3;6;1;2;0;0;0;2;2;5;0;0;1;0;7;
Gary Neal;;29;3;10;1;5;1;2;0;2;2;6;1;0;2;2;8;
Gerald Henderson;;21;4;7;0;0;0;0;1;1;2;0;0;0;0;3;8;
CLE
Kevin Love;PF;39;7;14;4;9;4;5;1;18;19;5;4;0;1;1;22;
LeBron James;SF;40;11;19;2;3;3;4;0;7;7;14;1;3;5;2;27;
Anderson Varejao;C;27;4;12;0;0;0;0;3;2;5;0;1;0;1;5;8;
Kyrie Irving;PG;40;6;14;1;4;3;4;0;2;2;4;1;0;2;1;16;
Shawn Marion;SG;26;2;4;0;0;0;0;2;0;2;1;2;1;0;1;4;
Tristan Thompson;;25;4;6;0;0;2;4;2;3;5;1;0;0;1;2;10;
Dion Waiters;;24;3;10;1;5;0;0;0;2;2;3;1;1;0;1;7;
Matthew Dellavedova;;12;0;2;0;1;0;0;0;1;1;0;0;0;0;1;0;
Joe Harris;;8;1;2;1;2;0;0;0;0;0;0;0;0;0;0;3;
