11-26;BKN-PHI;99-91;
32-19;17-22;23-26;27-24;
BKN
Kevin Garnett;PF;28;3;5;0;0;3;4;0;9;9;3;4;1;3;2;9;
Joe Johnson;SF;34;8;12;3;4;2;2;0;2;2;4;0;0;1;4;21;
Brook Lopez;C;29;9;12;0;0;1;4;1;6;7;0;0;3;6;5;19;
Deron Williams;PG;37;4;10;2;5;7;7;1;7;8;10;2;1;4;4;17;
Bojan Bogdanovic;SG;26;2;5;1;3;1;2;0;1;1;1;0;0;0;1;6;
Mirza Teletovic;;33;2;11;1;7;4;6;1;5;6;3;3;0;5;0;9;
Jerome Jordan;;4;0;1;0;0;0;0;1;0;1;0;0;1;0;1;0;
Mason Plumlee;;1;1;1;0;0;0;0;0;0;0;0;0;0;0;0;2;
Jarrett Jack;;19;2;7;0;3;0;0;0;2;2;4;0;0;1;2;4;
Alan Anderson;;28;4;7;1;2;3;3;0;4;4;0;1;1;4;0;12;
PHI
Luc Richard Mbah a Moute;PF;22;4;7;2;4;0;0;0;2;2;1;1;0;2;1;10;
Henry Sims;C;27;6;13;0;0;0;0;2;7;9;0;2;0;2;2;12;
Nerlens Noel;C;37;2;4;0;0;2;2;1;4;5;0;3;1;2;2;6;
Michael Carter-Williams;PG;27;1;9;1;1;1;2;1;5;6;7;0;1;3;6;4;
Tony Wroten;SG;35;6;18;0;4;6;8;0;2;2;11;2;0;8;5;18;
Brandon Davies;;21;3;8;0;2;3;3;5;0;5;2;3;1;1;2;9;
Robert Covington;;8;0;3;0;1;0;0;0;1;1;0;0;0;0;0;0;
Drew Gordon;;2;0;1;0;1;0;0;0;2;2;0;0;0;0;0;0;
K.J. McDaniels;;33;7;15;2;5;2;2;3;3;6;1;0;1;2;3;18;
Hollis Thompson;;29;5;7;4;6;0;0;1;3;4;1;0;1;0;3;14;
