03-06;DAL-GS;89-104;
24-29;16-23;24-30;25-22;
DAL
Dirk Nowitzki;PF;27;5;16;2;3;2;2;0;1;1;2;0;0;1;3;14;
Richard Jefferson;SF;27;1;4;1;1;1;2;0;5;5;1;1;0;0;0;4;
Tyson Chandler;C;24;2;3;0;0;5;6;0;5;5;0;0;0;2;2;9;
Rajon Rondo;PG;32;6;15;1;2;1;2;0;4;4;6;2;0;0;3;14;
Monta Ellis;SG;31;2;14;0;4;2;3;1;2;3;2;4;1;3;5;6;
Charlie Villanueva;;15;1;5;0;3;5;6;0;0;0;0;0;0;0;2;7;
Greg Smith;;2;0;0;0;0;0;0;0;0;0;0;0;0;0;0;0;
Dwight Powell;;6;0;3;0;2;0;0;0;2;2;1;0;0;1;0;0;
Al-Farouq Aminu;;19;3;7;0;2;1;2;1;3;4;1;5;0;0;1;7;
Bernard James;;6;1;1;0;0;0;0;0;2;2;0;0;0;0;0;2;
Amar'e Stoudemire;;18;5;9;0;0;2;3;1;4;5;0;1;0;3;4;12;
Raymond Felton;;6;2;2;1;1;0;0;0;2;2;1;1;0;1;0;5;
J.J. Barea;;27;4;8;1;2;0;0;0;1;1;3;1;0;0;0;9;
GS
Harrison Barnes;SF;28;5;9;2;4;0;0;0;6;6;1;0;0;3;2;12;
Draymond Green;SF;31;8;14;2;5;0;0;2;7;9;4;1;1;0;2;18;
Andrew Bogut;C;22;2;5;0;0;0;0;5;8;13;4;1;3;2;4;4;
Stephen Curry;PG;31;6;11;5;8;5;6;0;2;2;7;2;1;3;2;22;
Klay Thompson;SG;31;5;14;2;5;4;5;0;1;1;2;0;1;4;2;16;
Festus Ezeli;;10;3;4;0;0;2;2;1;2;3;0;0;1;1;1;8;
Marreese Speights;;16;4;8;0;0;4;4;0;1;1;2;0;0;2;3;12;
Shaun Livingston;;28;4;10;0;0;2;2;1;9;10;4;0;3;6;2;10;
Justin Holiday;;4;0;1;0;0;0;0;0;0;0;1;0;0;0;0;0;
Leandro Barbosa;;11;0;2;0;0;0;0;0;1;1;1;0;0;0;2;0;
Andre Iguodala;;23;1;2;0;0;0;0;0;4;4;2;1;1;1;1;2;
Brandon Rush;;4;0;1;0;1;0;0;0;1;1;0;0;0;0;0;0;
