01-05;DEN-MIN;110-101;
35-21;27-20;25-28;23-32;
DEN
Kenneth Faried;PF;24;6;10;0;0;3;6;2;5;7;2;0;0;2;4;15;
Wilson Chandler;SF;41;2;7;0;3;0;0;1;6;7;1;0;0;1;2;4;
Timofey Mozgov;C;17;1;5;0;1;0;0;1;2;3;0;1;2;0;3;2;
Ty Lawson;PG;32;4;9;0;1;0;1;0;3;3;12;2;0;3;2;8;
Arron Afflalo;SG;37;11;18;4;6;8;8;0;2;2;2;1;0;1;1;34;
Darrell Arthur;;14;2;5;1;3;0;0;0;0;0;1;0;0;0;4;5;
J.J. Hickson;;32;8;10;0;0;0;1;4;7;11;1;2;0;2;2;16;
Jusuf Nurkic;;22;7;11;0;0;0;0;1;5;6;1;2;4;2;1;14;
Nate Robinson;;21;5;9;2;5;0;0;0;2;2;6;0;0;1;3;12;
MIN
Thaddeus Young;SF;30;4;11;1;3;4;4;1;4;5;5;2;0;2;2;13;
Shabazz Muhammad;SF;37;7;13;2;4;3;4;2;4;6;4;2;0;0;2;19;
Andrew Wiggins;SF;41;8;18;3;5;1;2;2;5;7;4;1;0;1;1;20;
Gorgui Dieng;C;35;8;12;0;0;6;6;6;6;12;0;2;3;2;2;22;
Mo Williams;PG;25;7;14;3;8;0;0;2;2;4;7;0;0;4;5;17;
Anthony Bennett;;15;1;6;0;0;0;0;1;2;3;0;0;0;3;1;2;
Jeff Adrien;;11;0;2;0;0;0;0;1;1;2;0;0;1;0;1;0;
Zach LaVine;;26;2;9;0;2;1;2;0;1;1;1;0;0;0;2;5;
Glenn Robinson III;;9;0;1;0;0;0;0;0;0;0;0;0;0;0;0;0;
Troy Daniels;;11;1;3;1;2;0;0;0;2;2;0;0;0;0;1;3;
