12-20;ATL-HOU;104-97;
32-26;20-14;22-34;30-23;
ATL
Paul Millsap;PF;30;6;11;0;2;2;3;1;5;6;3;2;3;4;2;14;
DeMarre Carroll;SF;34;3;8;3;5;4;6;0;2;2;1;0;2;0;1;13;
Al Horford;C;32;6;10;0;1;2;2;3;5;8;5;1;3;1;2;14;
Dennis Schroder;PG;30;3;9;0;1;2;2;0;6;6;6;0;0;4;4;8;
Kyle Korver;SG;38;7;12;4;8;4;4;0;3;3;2;1;0;2;2;22;
Mike Scott;;18;3;6;0;2;0;0;0;0;0;1;0;0;0;1;6;
Pero Antic;;16;2;3;2;3;1;2;0;2;2;0;0;0;1;2;7;
Thabo Sefolosha;;12;3;4;1;2;0;0;0;5;5;3;2;1;2;0;7;
Shelvin Mack;;18;4;8;0;2;1;1;0;3;3;4;0;0;0;1;9;
Kent Bazemore;;12;1;3;0;0;2;4;0;2;2;1;1;0;1;0;4;
HOU
Donatas Motiejunas;PF;25;4;11;0;3;0;2;3;4;7;1;1;1;0;1;8;
Trevor Ariza;SF;41;5;14;3;9;0;0;1;2;3;1;2;1;1;4;13;
Dwight Howard;C;42;7;10;0;0;5;6;4;7;11;5;2;1;4;5;19;
Patrick Beverley;PG;41;5;14;4;9;0;0;3;4;7;3;1;0;3;6;14;
James Harden;SG;39;5;16;2;7;6;6;1;5;6;14;1;1;3;5;18;
Tarik Black;;5;0;0;0;0;0;0;0;1;1;0;0;0;0;2;0;
Kostas Papanikolaou;;17;1;5;1;3;1;2;1;1;2;3;0;0;0;0;4;
Nick Johnson;;9;2;3;1;2;2;2;2;1;3;0;0;0;2;2;7;
Jason Terry;;22;5;13;4;10;0;0;0;3;3;0;1;0;3;0;14;
