02-21;SAC-LAC;99-126;
29-24;18-42;18-31;34-29;
SAC
Jason Thompson;PF;21;0;4;0;0;0;0;0;4;4;0;0;1;1;2;0;
Rudy Gay;SF;32;4;13;2;4;5;7;2;4;6;2;0;1;1;2;15;
DeMarcus Cousins;C;25;6;19;0;0;9;13;2;2;4;2;2;2;5;4;21;
Ray McCallum;PG;23;4;7;0;1;2;2;2;5;7;5;1;2;1;0;10;
Ben McLemore;SG;29;4;12;1;6;0;0;0;2;2;2;0;0;0;3;9;
Derrick Williams;;19;1;5;0;2;5;6;0;4;4;0;1;0;0;1;7;
Carl Landry;;13;2;7;0;0;5;6;3;3;6;1;0;0;1;1;9;
Omri Casspi;;28;4;8;1;2;2;3;3;14;17;1;0;0;1;1;11;
Ryan Hollins;;7;2;2;0;0;2;4;1;1;2;0;0;1;0;1;6;
David Stockton;;7;0;2;0;1;1;1;0;2;2;1;0;0;2;0;1;
Andre Miller;;22;2;5;0;0;0;0;1;0;1;3;0;0;3;2;4;
Nik Stauskas;;14;1;4;0;0;4;4;0;0;0;1;0;0;2;0;6;
LAC
Spencer Hawes;PF;21;3;5;1;1;0;0;1;5;6;1;0;2;3;5;7;
Matt Barnes;SF;28;2;5;2;4;0;0;1;6;7;5;1;2;0;2;6;
DeAndre Jordan;C;20;5;11;0;0;1;2;7;8;15;0;1;2;0;4;11;
Chris Paul;PG;27;5;10;0;1;0;0;0;3;3;9;0;0;3;3;10;
J.J. Redick;SG;26;6;13;4;6;8;8;0;2;2;3;0;0;0;2;24;
Glen Davis;;19;1;2;0;0;3;9;1;7;8;3;0;3;1;2;5;
Ekpe Udoh;;8;0;2;0;0;2;2;0;4;4;0;0;2;0;0;2;
Hedo Turkoglu;;22;1;5;1;4;0;0;0;5;5;0;2;0;1;1;3;
Austin Rivers;;26;11;19;5;9;1;2;0;1;1;2;3;0;1;2;28;
C.J. Wilcox;;12;2;4;0;2;0;0;1;1;2;2;0;0;1;3;4;
Dahntay Jones;;9;0;1;0;1;3;3;0;0;0;0;1;0;0;2;3;
Jamal Crawford;;21;10;18;1;7;2;2;0;1;1;6;1;0;1;3;23;
