02-05;LAC-CLE;94-105;
20-30;22-35;21-29;31-11;
LAC
Blake Griffin;PF;27;7;17;0;0;2;3;3;5;8;4;0;0;1;3;16;
Matt Barnes;SF;24;2;5;0;2;0;0;1;2;3;2;0;0;3;3;4;
DeAndre Jordan;C;27;3;4;0;0;2;4;5;9;14;0;0;1;1;3;8;
Chris Paul;PG;27;4;14;1;4;1;2;0;2;2;9;1;0;0;3;10;
Jamal Crawford;SG;30;6;14;1;6;0;0;0;0;0;1;1;0;3;2;13;
Ekpe Udoh;;6;1;1;0;0;2;2;0;2;2;1;2;0;0;0;4;
Glen Davis;;19;3;9;0;1;1;2;1;2;3;0;0;0;0;2;7;
Spencer Hawes;;18;4;6;1;2;2;2;1;3;4;0;1;0;2;3;11;
Hedo Turkoglu;;2;0;0;0;0;0;0;0;0;0;0;0;0;0;1;0;
Austin Rivers;;22;4;11;1;2;1;2;3;2;5;5;2;0;1;5;10;
C.J. Wilcox;;17;2;6;1;5;1;1;0;1;1;1;1;0;0;1;6;
Dahntay Jones;;21;2;4;0;0;1;2;0;1;1;1;1;0;1;3;5;
CLE
Kevin Love;PF;29;6;14;2;6;10;12;0;9;9;3;0;0;3;2;24;
LeBron James;SF;28;8;14;1;2;6;7;0;3;3;9;1;0;2;0;23;
Timofey Mozgov;C;28;5;7;0;0;2;6;4;5;9;2;0;1;3;2;12;
Kyrie Irving;PG;32;1;5;1;3;7;7;2;4;6;4;0;0;1;3;10;
J.R. Smith;SG;29;6;10;4;8;0;0;1;4;5;2;5;0;0;2;16;
James Jones;;5;0;2;0;2;0;0;0;0;0;0;0;0;1;0;0;
Tristan Thompson;;20;2;4;0;0;5;6;4;6;10;0;0;2;4;4;9;
Brendan Haywood;;5;0;1;0;0;0;0;0;1;1;0;0;0;1;0;0;
Iman Shumpert;;18;1;5;0;3;2;2;2;2;4;1;2;0;1;2;4;
Matthew Dellavedova;;20;1;2;0;0;2;2;0;0;0;1;2;0;2;4;4;
Shawn Marion;;12;1;3;0;1;0;0;1;3;4;1;0;1;0;0;2;
Mike Miller;;13;0;5;0;5;1;2;0;1;1;0;0;0;0;2;1;
