11-14;UTAH-NY;102-100;
31-23;17-24;27-25;27-28;
UTAH
Derrick Favors;PF;31;8;15;0;0;5;7;5;7;12;2;0;3;0;2;21;
Gordon Hayward;SF;38;11;18;2;6;9;10;1;2;3;6;4;0;3;4;33;
Enes Kanter;C;12;3;4;0;0;0;0;1;4;5;0;0;0;3;1;6;
Trey Burke;PG;35;5;9;3;5;0;0;0;1;1;8;0;1;2;1;13;
Alec Burks;PG;39;3;9;1;1;2;2;1;3;4;4;0;0;1;3;9;
Trevor Booker;;21;2;3;0;0;0;0;2;5;7;1;0;1;3;6;4;
Steve Novak;;9;1;3;1;3;0;0;0;1;1;0;0;0;0;0;3;
Joe Ingles;;21;2;4;2;4;0;0;0;2;2;1;2;0;3;0;6;
Rudy Gobert;;17;0;2;0;0;4;6;1;3;4;1;0;2;0;3;4;
Dante Exum;;17;1;3;1;3;0;0;0;0;0;2;0;1;3;0;3;
NY
Jason Smith;PF;24;2;8;0;0;0;0;1;4;5;0;1;0;0;2;4;
Carmelo Anthony;SF;39;16;26;1;1;13;16;2;5;7;1;1;0;2;4;46;
Samuel Dalembert;C;18;2;5;0;0;0;0;0;4;4;2;0;0;0;1;4;
Shane Larkin;PG;38;3;10;1;1;0;0;1;1;2;4;3;0;0;2;7;
Iman Shumpert;SG;1;0;0;0;0;0;0;0;0;0;0;1;0;0;0;0;
Cleanthony Early;;7;1;2;0;0;0;0;0;0;0;1;0;0;0;3;2;
Quincy Acy;;20;2;2;0;0;2;2;1;1;2;0;0;0;0;3;6;
Travis Wear;;15;3;5;0;0;0;0;2;2;4;1;0;0;1;2;6;
Cole Aldrich;;12;0;3;0;0;0;0;0;2;2;1;0;1;0;2;0;
Pablo Prigioni;;29;5;8;2;4;1;1;0;2;2;3;4;0;4;3;13;
Tim Hardaway Jr.;;16;1;6;0;1;1;1;0;1;1;0;0;0;0;0;3;
J.R. Smith;;21;4;7;1;1;0;0;0;2;2;2;2;0;1;4;9;
