12-16;DAL-NY;107-87;
36-24;18-20;27-24;26-19;
DAL
Dirk Nowitzki;PF;23;5;11;1;4;5;5;0;5;5;5;1;0;2;1;16;
Chandler Parsons;SF;23;5;12;3;6;0;0;0;3;3;6;1;1;0;1;13;
Tyson Chandler;C;25;4;5;0;0;0;0;3;11;14;1;0;1;0;4;8;
Jameer Nelson;PG;24;2;4;2;4;0;0;1;1;2;3;1;0;2;1;6;
Monta Ellis;SG;32;6;14;0;2;2;2;0;0;0;6;3;0;3;1;14;
Greg Smith;;5;1;2;0;0;0;0;1;0;1;0;0;0;0;0;2;
Charlie Villanueva;;4;1;3;1;2;0;0;1;2;3;0;0;0;0;0;3;
Brandan Wright;;18;4;5;0;0;0;0;0;1;1;0;0;1;1;1;8;
Jae Crowder;;6;0;0;0;0;0;0;0;1;1;0;0;0;2;0;0;
Al-Farouq Aminu;;25;3;7;1;3;0;0;2;2;4;0;2;1;3;3;7;
Richard Jefferson;;20;3;7;2;5;1;1;1;1;2;2;1;0;2;2;9;
J.J. Barea;;17;4;7;2;2;0;0;1;0;1;5;0;0;0;0;10;
Devin Harris;;18;4;6;3;5;0;0;0;4;4;2;0;0;2;0;11;
NY
Carmelo Anthony;SF;37;11;23;2;4;2;4;3;2;5;5;4;1;4;1;26;
Quincy Acy;SF;20;3;4;0;0;0;0;1;4;5;0;0;2;1;0;6;
Amar'e Stoudemire;C;29;4;8;0;0;2;2;1;4;5;2;0;2;2;3;10;
Jose Calderon;PG;32;1;6;1;5;0;0;0;4;4;2;0;0;1;1;3;
Tim Hardaway Jr.;SG;35;5;17;0;8;4;4;0;4;4;2;0;0;1;1;14;
Jason Smith;;21;5;11;0;0;0;0;2;2;4;0;0;0;2;1;10;
Travis Wear;;8;2;5;0;0;0;0;0;0;0;1;0;0;0;2;4;
Samuel Dalembert;;6;0;0;0;0;0;0;1;1;2;0;0;0;1;0;0;
Shane Larkin;;30;4;6;1;1;0;0;1;4;5;2;2;0;0;3;9;
Pablo Prigioni;;22;2;4;1;3;0;0;1;0;1;9;5;0;0;1;5;
