01-01;DEN-CHI;101-106;
23-22;30-20;21-35;27-29;
DEN
Kenneth Faried;PF;36;7;14;0;0;4;4;7;12;19;3;2;3;1;2;18;
Wilson Chandler;SF;34;8;16;2;5;4;4;1;2;3;2;0;0;2;6;22;
Timofey Mozgov;C;25;1;4;0;0;2;2;1;5;6;1;0;0;0;6;4;
Ty Lawson;PG;40;8;16;1;1;3;4;0;7;7;7;1;0;2;3;20;
Arron Afflalo;SG;40;8;14;1;3;2;2;1;3;4;1;1;1;4;1;19;
J.J. Hickson;;14;0;5;0;0;1;2;2;3;5;0;0;0;2;3;1;
Jusuf Nurkic;;21;3;9;0;1;4;6;4;6;10;1;0;3;1;1;10;
Nate Robinson;;14;0;7;0;1;0;1;0;2;2;3;0;0;0;3;0;
Gary Harris;;17;2;7;1;3;2;2;1;0;1;1;0;0;0;2;7;
CHI
Pau Gasol;PF;35;7;17;0;0;3;4;5;4;9;4;0;9;1;1;17;
Mike Dunleavy;SF;17;2;6;2;3;0;0;0;1;1;0;0;0;0;3;6;
Joakim Noah;C;31;3;6;0;0;0;0;4;7;11;1;0;3;0;3;6;
Derrick Rose;PG;32;7;25;1;3;2;2;0;3;3;8;2;2;1;1;17;
Jimmy Butler;SG;40;8;14;1;2;9;9;1;7;8;8;2;1;3;1;26;
Taj Gibson;;19;3;8;0;0;3;4;3;4;7;0;0;2;1;6;9;
Nikola Mirotic;;11;1;2;0;1;1;2;0;0;0;1;1;0;0;1;3;
Tony Snell;;5;0;0;0;0;0;0;0;1;1;0;0;0;0;0;0;
Aaron Brooks;;23;3;9;2;4;4;4;0;4;4;0;2;1;1;2;12;
Kirk Hinrich;;27;4;4;2;2;0;0;0;2;2;0;0;0;0;1;10;
