11-28;SAC-SA;104-112;
22-26;29-35;29-27;24-24;
SAC
Jason Thompson;PF;30;2;4;0;0;0;0;0;9;9;1;0;2;2;3;4;
Rudy Gay;SF;35;9;17;1;2;4;6;0;8;8;8;1;0;1;2;23;
Ryan Hollins;C;26;5;7;0;0;5;6;4;2;6;0;0;1;2;2;15;
Darren Collison;PG;35;5;12;2;3;3;4;0;3;3;2;0;1;3;3;15;
Ben McLemore;SG;41;6;9;2;2;0;0;0;3;3;2;1;0;3;3;14;
Derrick Williams;;17;3;6;1;2;2;2;1;3;4;0;0;0;0;2;9;
Carl Landry;;23;4;10;0;0;4;4;2;8;10;2;0;0;1;1;12;
Omri Casspi;;13;2;4;0;0;4;4;1;1;2;2;0;0;2;1;8;
Ramon Sessions;;13;2;6;0;1;0;0;0;0;0;4;2;0;0;2;4;
Nik Stauskas;;7;0;0;0;0;0;0;0;1;1;1;0;0;0;1;0;
SA
Tim Duncan;PF;32;7;12;0;0;4;6;1;7;8;3;1;2;1;3;18;
Kawhi Leonard;SF;38;6;13;4;6;3;4;0;4;4;2;3;4;0;3;19;
Boris Diaw;C;33;3;9;1;3;2;2;1;3;4;4;0;0;0;2;9;
Tony Parker;PG;38;10;17;1;1;6;6;0;1;1;8;1;0;3;1;27;
Danny Green;SG;21;4;6;3;3;0;0;0;3;3;2;2;2;0;1;11;
Jeff Ayres;;1;0;0;0;0;0;0;0;0;0;0;0;0;0;1;0;
Marco Belinelli;;14;0;6;0;5;0;0;0;1;1;0;0;0;0;0;0;
Aron Baynes;;14;5;6;0;0;0;0;1;2;3;1;0;0;1;3;10;
Matt Bonner;;15;3;4;2;2;0;0;0;4;4;0;1;1;0;2;8;
Cory Joseph;;10;1;3;0;1;1;2;1;1;2;1;0;0;0;2;3;
Manu Ginobili;;23;3;6;1;3;0;0;0;3;3;8;0;0;1;1;7;
