02-02;CHA-WSH;92-88;
28-24;25-27;17-15;22-22;
CHA
Cody Zeller;PF;31;1;5;0;0;0;0;0;3;3;4;0;0;0;2;2;
Michael Kidd-Gilchrist;SF;37;4;6;0;0;5;10;2;11;13;3;1;0;0;3;13;
Al Jefferson;C;31;9;19;0;0;0;0;2;10;12;1;2;0;0;2;18;
Brian Roberts;PG;34;6;10;1;3;5;5;0;1;1;3;1;0;1;2;18;
Gerald Henderson;SG;33;6;13;1;2;4;4;1;1;2;5;1;0;1;0;17;
Jason Maxiell;;16;2;3;0;0;0;0;1;0;1;1;0;1;2;2;4;
Marvin Williams;;18;0;4;0;3;0;0;0;7;7;1;0;2;1;2;0;
Lance Stephenson;;23;4;8;0;3;0;0;0;3;3;2;1;0;3;2;8;
Gary Neal;;17;5;11;2;4;0;0;0;0;0;1;0;0;3;3;12;
WSH
Nene Hilario;PF;28;4;10;0;0;0;0;2;5;7;1;0;0;1;3;8;
Paul Pierce;SF;24;4;7;3;5;0;0;0;3;3;1;1;0;2;3;11;
Marcin Gortat;C;24;2;6;0;0;0;0;1;6;7;0;0;2;3;3;4;
John Wall;PG;34;4;14;1;4;7;7;1;0;1;10;0;0;4;4;16;
Bradley Beal;SG;39;7;16;2;4;2;2;0;11;11;1;1;0;1;2;18;
Kris Humphries;;26;4;8;0;0;5;6;3;2;5;1;1;0;0;0;13;
Otto Porter Jr.;;15;2;4;0;1;0;2;2;2;4;1;0;1;1;2;4;
Rasual Butler;;7;1;2;0;0;0;0;0;0;0;2;0;0;0;1;2;
Kevin Seraphin;;19;2;7;0;0;2;2;1;4;5;1;1;0;0;2;6;
Garrett Temple;;26;3;7;0;1;0;0;0;0;0;1;3;0;0;3;6;
