02-06;MIL-HOU;111-117;
23-36;33-32;26-28;29-21;
MIL
Jared Dudley;SF;25;2;4;1;1;0;0;2;0;2;1;0;1;0;0;5;
Giannis Antetokounmpo;SF;35;11;16;0;0;5;6;3;12;15;4;0;1;3;4;27;
John Henson;C;21;6;9;0;0;0;0;1;1;2;4;1;1;3;2;12;
Brandon Knight;PG;36;5;14;2;6;0;0;0;3;3;11;5;0;3;3;12;
Khris Middleton;SG;27;4;11;0;4;2;2;1;3;4;2;2;0;2;5;10;
Johnny O'Bryant III;;11;1;3;0;0;0;0;1;2;3;2;0;0;0;1;2;
Ersan Ilyasova;;16;3;10;0;2;0;0;1;0;1;1;0;0;0;1;6;
Jorge Gutierrez;;16;5;5;0;0;3;3;1;1;2;0;1;0;0;3;13;
Jerryd Bayless;;20;6;10;0;0;1;4;1;6;7;2;0;0;0;2;13;
O.J. Mayo;;32;5;13;1;4;0;0;0;2;2;2;1;0;2;2;11;
HOU
Donatas Motiejunas;PF;26;6;8;0;0;2;4;2;1;3;1;1;1;4;1;14;
Trevor Ariza;SF;39;9;21;6;10;0;0;2;4;6;3;3;0;1;4;24;
Joey Dorsey;C;9;2;3;0;0;0;0;1;4;5;1;1;0;0;0;4;
Patrick Beverley;PG;36;2;9;1;5;1;2;1;0;1;6;1;2;1;2;6;
James Harden;SG;40;9;14;3;6;12;17;0;3;3;5;1;0;3;1;33;
Terrence Jones;;20;5;6;0;0;0;0;0;3;3;3;0;1;1;2;10;
Josh Smith;;33;5;8;4;5;0;1;2;8;10;8;1;1;4;1;14;
Corey Brewer;;25;3;8;1;3;4;4;2;6;8;4;3;0;2;6;11;
Jason Terry;;12;0;4;0;3;1;1;0;3;3;1;0;0;1;0;1;
