02-23;MIN-HOU;102-113;
25-26;31-30;19-28;27-29;
MIN
Adreian Payne;PF;29;4;15;1;2;2;4;5;5;10;0;0;1;0;0;11;
Andrew Wiggins;SF;41;12;24;1;3;5;5;3;3;6;1;1;1;5;5;30;
Nikola Pekovic;C;34;6;18;0;0;4;4;7;6;13;2;2;0;4;4;16;
Ricky Rubio;PG;39;2;9;0;4;10;10;0;9;9;7;4;0;5;1;14;
Kevin Martin;SG;39;5;18;3;7;8;8;0;1;1;2;1;0;6;3;21;
Chase Budinger;;12;0;1;0;0;1;2;0;2;2;0;0;0;0;1;1;
Gorgui Dieng;;27;1;4;0;0;5;6;5;9;14;4;1;1;0;5;7;
Zach LaVine;;14;1;4;0;2;0;0;0;3;3;1;0;0;0;1;2;
Lorenzo Brown;;1;0;0;0;0;0;0;0;0;0;0;0;0;0;0;0;
Glenn Robinson III;;4;0;0;0;0;0;0;0;0;0;0;0;0;0;2;0;
HOU
Donatas Motiejunas;PF;30;5;10;0;1;2;5;0;3;3;2;1;1;2;4;12;
Terrence Jones;PF;32;6;9;0;0;3;5;9;6;15;0;1;2;1;2;15;
Trevor Ariza;SF;36;4;11;2;8;0;0;1;7;8;3;4;0;2;3;10;
Jason Terry;SG;28;3;8;3;8;0;0;0;3;3;2;1;0;2;4;9;
James Harden;SG;39;7;20;5;11;12;15;1;10;11;10;1;4;3;3;31;
Josh Smith;;27;7;15;2;6;1;1;3;1;4;3;3;1;1;6;17;
Joey Dorsey;;6;3;4;0;0;0;0;2;2;4;0;0;0;0;1;6;
Pablo Prigioni;;19;1;4;0;3;0;0;2;0;2;1;0;0;0;2;2;
K.J. McDaniels;;1;0;1;0;0;0;0;0;0;0;0;0;0;0;0;0;
Corey Brewer;;22;3;12;0;1;5;8;4;2;6;2;0;0;5;3;11;
