03-03;MIL-DEN;95-106;
29-29;22-26;19-21;25-30;
MIL
Ersan Ilyasova;PF;30;9;15;3;6;0;0;1;2;3;2;1;1;1;4;21;
Giannis Antetokounmpo;SF;35;7;10;1;1;4;6;2;9;11;2;1;3;5;5;19;
Zaza Pachulia;C;13;0;1;0;0;0;0;0;0;0;0;0;0;3;2;0;
Michael Carter-Williams;PG;33;4;11;1;3;2;4;0;4;4;5;0;1;2;3;11;
Khris Middleton;SG;37;6;20;3;5;5;5;1;6;7;6;2;1;0;3;20;
Jared Dudley;;20;1;6;0;3;0;0;0;5;5;1;0;0;1;1;2;
Miles Plumlee;;8;0;2;0;0;0;0;2;0;2;0;0;0;1;2;0;
John Henson;;26;4;7;0;0;2;5;2;3;5;1;1;1;0;2;10;
Tyler Ennis;;15;2;6;1;4;0;0;0;1;1;2;1;0;0;2;5;
Jerryd Bayless;;22;2;8;1;2;2;2;0;3;3;2;0;0;1;1;7;
DEN
Kenneth Faried;PF;32;5;10;0;0;4;5;2;12;14;0;0;2;1;0;14;
Wilson Chandler;SF;30;5;12;2;5;0;0;0;3;3;3;1;0;2;4;12;
Danilo Gallinari;SF;37;8;16;4;9;6;6;0;7;7;0;1;1;3;3;26;
Ty Lawson;PG;31;6;12;2;5;2;2;1;1;2;10;2;0;1;3;16;
Randy Foye;SG;28;3;9;3;8;0;0;0;1;1;5;0;1;1;3;9;
J.J. Hickson;;18;3;9;0;0;0;0;3;7;10;2;0;0;0;1;6;
Darrell Arthur;;14;4;5;0;0;0;0;1;1;2;1;1;0;0;2;8;
Erick Green;;7;1;2;1;2;1;1;0;0;0;0;0;0;0;1;4;
Jameer Nelson;;15;4;7;0;3;1;1;0;0;0;2;1;0;1;2;9;
Will Barton;;22;0;2;0;1;2;5;0;3;3;3;2;1;3;4;2;
Gary Harris;;6;0;2;0;1;0;0;1;0;1;0;0;0;1;1;0;
