11-18;NO-SAC;106-100;
20-27;25-27;31-15;30-31;
NO
Anthony Davis;PF;41;11;19;0;0;6;8;1;8;9;0;2;3;0;5;28;
Alexis Ajinca;C;20;2;2;0;0;1;2;1;4;5;0;0;0;0;4;5;
Jrue Holiday;PG;34;3;10;0;2;3;4;0;2;2;9;2;0;0;2;9;
Eric Gordon;SG;37;7;13;3;6;0;0;0;0;0;4;1;0;3;1;17;
Tyreke Evans;SG;31;5;11;1;2;7;8;2;4;6;5;0;0;2;4;18;
Ryan Anderson;;32;9;17;4;12;0;0;0;4;4;0;1;1;0;3;22;
John Salmons;;5;0;1;0;1;0;0;0;0;0;0;0;0;0;0;0;
Luke Babbitt;;20;2;3;1;1;0;0;0;3;3;1;0;2;0;4;5;
Austin Rivers;;19;0;3;0;0;2;2;0;3;3;2;0;0;1;2;2;
SAC
Jason Thompson;PF;25;6;10;0;0;3;4;6;3;9;0;0;0;2;2;15;
Rudy Gay;SF;37;6;17;0;2;3;5;2;2;4;5;1;0;4;4;15;
DeMarcus Cousins;C;34;10;18;0;0;4;7;3;14;17;3;0;2;3;3;24;
Darren Collison;PG;31;3;10;2;3;5;6;0;2;2;11;0;0;0;0;13;
Ben McLemore;SG;29;1;6;0;3;0;0;0;3;3;1;1;0;2;1;2;
Carl Landry;;16;3;6;0;0;2;2;4;5;9;0;1;0;0;1;8;
Omri Casspi;;28;5;11;0;0;3;5;2;3;5;2;0;0;2;1;13;
Ryan Hollins;;0;0;0;0;0;0;0;0;0;0;0;0;0;0;0;0;
Ray McCallum;;21;2;4;1;2;0;0;0;2;2;0;0;0;2;2;5;
Nik Stauskas;;19;2;4;1;1;0;0;0;1;1;1;0;0;0;1;5;
