04-14;TOR-BOS;93-95;
26-19;27-27;17-27;23-22;
TOR
Tyler Hansbrough;PF;23;0;1;0;0;0;0;1;5;6;0;2;0;0;2;0;
Terrence Ross;SF;28;5;13;2;6;0;0;0;3;3;0;2;2;2;1;12;
Jonas Valanciunas;C;29;4;8;0;0;2;4;2;6;8;0;1;2;4;4;10;
Kyle Lowry;PG;35;6;20;2;4;2;4;1;5;6;4;1;0;2;3;16;
Greivis Vasquez;PG;32;4;7;3;6;0;0;0;5;5;7;1;0;1;1;11;
James Johnson;;19;5;6;0;1;0;0;0;1;1;1;0;1;2;3;10;
Patrick Patterson;;27;4;7;2;3;0;1;0;1;1;0;0;1;2;1;10;
Amir Johnson;;16;4;5;0;0;0;0;2;6;8;2;1;2;1;2;8;
Louis Williams;;31;3;13;0;4;10;11;1;4;5;3;1;1;4;1;16;
BOS
Brandon Bass;PF;28;4;11;0;1;5;5;4;5;9;1;0;0;0;0;13;
Tyler Zeller;C;26;5;11;0;0;2;2;4;4;8;1;0;1;0;2;12;
Avery Bradley;PG;21;5;11;1;5;3;3;0;3;3;2;0;1;3;2;14;
Marcus Smart;PG;30;4;12;1;4;0;0;3;2;5;3;1;2;1;2;9;
Evan Turner;SG;31;7;14;0;0;0;0;1;6;7;9;1;1;7;2;14;
Jonas Jerebko;;17;2;5;0;1;0;0;2;5;7;1;1;0;1;3;4;
Jared Sullinger;;14;1;4;0;1;2;2;1;1;2;1;0;1;0;3;4;
Luigi Datome;;6;0;2;0;0;0;0;0;0;0;0;1;0;0;0;0;
Jae Crowder;;21;4;9;0;4;1;1;1;3;4;0;2;0;1;0;9;
Kelly Olynyk;;13;1;4;1;2;0;0;1;3;4;0;0;0;0;4;3;
Phil Pressey;;5;1;3;0;1;0;2;0;0;0;0;1;0;0;0;2;
Isaiah Thomas;;27;4;13;3;8;0;0;0;1;1;6;0;0;1;1;11;
