01-18;OKC-ORL;127-99;
37-20;42-25;24-31;24-23;
OKC
Serge Ibaka;PF;28;5;10;4;8;2;2;0;8;8;1;2;1;1;1;16;
Kevin Durant;SF;28;7;10;0;1;7;7;3;8;11;8;1;1;3;1;21;
Steven Adams;C;18;2;4;0;0;1;3;1;2;3;3;0;1;0;5;5;
Russell Westbrook;PG;24;7;12;0;3;3;6;1;0;1;6;1;1;4;2;17;
Andre Roberson;SG;24;3;4;2;3;2;4;1;4;5;1;1;1;3;4;10;
Nick Collison;;15;3;5;0;0;0;0;1;2;3;2;0;0;0;5;6;
Perry Jones;;6;1;3;0;1;0;0;0;2;2;0;0;0;0;0;2;
Kendrick Perkins;;22;5;7;0;0;1;3;0;9;9;1;1;0;3;3;11;
Ish Smith;;6;0;2;0;0;0;0;0;1;1;2;0;0;0;0;0;
Reggie Jackson;;20;4;6;0;1;5;6;1;4;5;1;0;0;1;1;13;
Anthony Morrow;;23;1;7;0;4;0;0;2;1;3;1;3;0;1;1;2;
Jeremy Lamb;;6;3;4;2;2;0;0;0;2;2;0;1;0;1;0;8;
Dion Waiters;;21;7;9;1;2;1;1;0;1;1;2;2;0;3;1;16;
ORL
Channing Frye;PF;35;2;9;2;8;3;3;0;5;5;1;3;1;1;4;9;
Devyn Marble;SF;20;1;4;1;2;0;0;0;1;1;2;0;0;1;1;3;
Nikola Vucevic;C;26;7;19;0;0;2;2;4;3;7;0;0;0;3;5;16;
Elfrid Payton;PG;39;9;17;0;0;1;2;2;2;4;8;3;0;4;5;19;
Victor Oladipo;SG;35;7;18;2;6;7;7;1;2;3;5;1;0;3;3;23;
Aaron Gordon;;12;2;4;1;1;3;5;1;2;3;1;0;0;1;3;8;
Kyle O'Quinn;;16;1;2;0;0;2;4;1;3;4;0;0;1;1;0;4;
Maurice Harkless;;7;1;1;0;0;0;0;0;0;0;0;0;0;1;0;2;
Dewayne Dedmon;;13;0;2;0;0;2;2;1;3;4;0;0;0;1;4;2;
Luke Ridnour;;2;0;0;0;0;0;0;0;0;0;0;0;0;0;1;0;
Willie Green;;10;2;3;1;1;0;0;0;0;0;0;0;0;1;0;5;
Ben Gordon;;12;0;3;0;1;0;0;0;1;1;1;2;0;0;2;0;
Evan Fournier;;14;3;6;1;4;1;2;0;1;1;0;0;0;1;1;8;
