04-01;TOR-MIN;113-99;
31-27;29-19;26-23;27-30;
TOR
Amir Johnson;PF;20;3;7;2;4;0;0;1;3;4;6;1;0;2;3;8;
Terrence Ross;SF;28;6;11;2;5;2;2;1;1;2;1;0;0;0;1;16;
Jonas Valanciunas;C;19;7;9;0;0;1;2;1;3;4;1;0;1;0;3;15;
Greivis Vasquez;PG;30;5;6;4;5;0;0;0;4;4;2;1;0;1;4;14;
DeMar DeRozan;SG;30;6;12;1;1;4;5;1;1;2;3;1;0;1;0;17;
Tyler Hansbrough;;29;3;3;0;0;4;7;2;9;11;1;0;0;0;2;10;
James Johnson;;23;5;7;1;2;2;4;2;2;4;2;1;2;2;2;13;
Patrick Patterson;;23;0;4;0;4;0;0;0;1;1;6;1;0;1;0;0;
Bruno Caboclo;;4;1;2;0;0;0;0;0;0;0;0;0;0;0;1;2;
Greg Stiemsma;;5;0;1;0;0;0;0;0;0;0;0;0;0;1;1;0;
Louis Williams;;26;6;13;3;9;3;3;0;1;1;2;3;0;4;1;18;
Landry Fields;;4;0;1;0;0;0;0;0;1;1;1;0;0;0;0;0;
MIN
Adreian Payne;PF;31;1;4;0;0;0;2;4;2;6;3;0;1;0;3;2;
Andrew Wiggins;SF;44;8;20;0;1;9;10;0;5;5;5;1;2;3;2;25;
Justin Hamilton;C;31;6;8;0;0;1;3;1;1;2;1;2;1;1;1;13;
Lorenzo Brown;PG;24;3;5;1;2;0;0;0;1;1;5;1;1;1;2;7;
Zach LaVine;PG;36;10;17;1;4;1;1;0;7;7;3;0;0;7;2;22;
Anthony Bennett;;14;4;5;0;1;0;0;2;2;4;0;1;0;1;2;8;
Robbie Hummel;;22;1;3;1;2;0;0;0;1;1;1;0;0;0;1;3;
Chase Budinger;;38;8;15;2;4;1;3;0;6;6;3;2;0;0;1;19;
