12-14;SA-DEN;99-91;
20-22;25-12;26-27;28-30;
SA
Tim Duncan;PF;32;5;14;0;0;5;6;3;6;9;4;1;3;2;2;15;
Kawhi Leonard;SF;37;6;14;0;2;6;6;2;6;8;4;5;6;1;3;18;
Tiago Splitter;C;20;5;7;0;0;1;4;2;4;6;3;0;1;1;2;11;
Cory Joseph;PG;32;6;7;1;1;0;0;1;1;2;3;0;1;1;3;13;
Danny Green;SG;35;2;7;1;4;0;0;0;6;6;3;2;0;2;2;5;
Kyle Anderson;;1;0;0;0;0;0;0;0;0;0;0;0;0;0;0;0;
Austin Daye;;1;0;1;0;0;0;0;0;0;0;0;0;0;0;0;0;
Marco Belinelli;;22;2;6;1;2;5;8;1;3;4;0;0;0;0;1;10;
Aron Baynes;;8;3;4;0;0;0;0;0;2;2;0;0;0;0;1;6;
Matt Bonner;;13;1;3;1;2;0;0;0;1;1;1;0;0;0;3;3;
Boris Diaw;;15;0;2;0;2;3;4;1;3;4;2;1;0;2;0;3;
Manu Ginobili;;24;4;9;1;3;6;7;1;0;1;6;0;0;4;3;15;
DEN
J.J. Hickson;PF;16;1;2;0;0;2;2;2;4;6;0;0;1;1;1;4;
Wilson Chandler;SF;36;6;10;2;2;0;0;1;2;3;3;1;0;1;5;14;
Timofey Mozgov;C;24;4;12;0;0;3;4;5;8;13;0;0;2;0;0;11;
Ty Lawson;PG;39;2;10;0;1;2;4;0;2;2;10;1;0;4;3;6;
Arron Afflalo;SG;40;12;20;4;6;3;3;1;4;5;1;0;0;6;4;31;
Darrell Arthur;;21;3;7;2;2;0;0;0;4;4;1;3;0;0;3;8;
Alonzo Gee;;17;2;6;0;0;1;2;2;0;2;1;1;0;3;5;5;
Jusuf Nurkic;;18;3;7;0;0;4;5;3;5;8;1;1;1;3;4;10;
Nate Robinson;;15;1;7;0;4;0;1;1;1;2;2;0;0;1;3;2;
Gary Harris;;14;0;2;0;1;0;0;0;0;0;1;3;0;2;1;0;
