12-07;POR-NY;103-99;
25-20;28-30;30-25;20-24;
POR
LaMarcus Aldridge;PF;36;9;19;0;1;6;8;3;8;11;1;1;0;2;1;24;
Nicolas Batum;SF;35;4;8;2;5;1;1;1;4;5;7;1;0;0;3;11;
Robin Lopez;C;33;3;8;0;0;0;0;6;2;8;1;1;1;1;4;6;
Damian Lillard;PG;36;5;16;2;8;8;9;0;5;5;2;1;0;1;0;20;
Wesley Matthews;SG;34;5;11;3;6;5;8;1;1;2;3;3;0;2;4;18;
Allen Crabbe;;14;2;5;1;3;1;2;0;0;0;0;1;1;0;1;6;
Dorell Wright;;3;1;1;1;1;0;0;0;0;0;0;0;0;0;1;3;
Joel Freeland;;9;1;3;0;0;0;1;3;1;4;0;0;0;1;1;2;
Chris Kaman;;17;4;8;0;0;0;0;2;2;4;1;0;0;1;2;8;
Steve Blake;;23;2;6;1;4;0;0;0;5;5;6;0;0;1;0;5;
NY
Quincy Acy;SF;19;2;2;0;0;2;2;0;4;4;1;0;0;0;2;6;
Carmelo Anthony;SF;35;9;19;1;4;4;6;2;8;10;3;0;0;2;2;23;
Amar'e Stoudemire;C;36;7;11;0;0;2;2;0;10;10;2;0;2;1;3;16;
Jose Calderon;PG;24;2;7;0;2;0;0;0;1;1;3;1;0;1;2;4;
Iman Shumpert;SG;23;5;10;1;2;0;0;0;2;2;3;2;0;1;1;11;
Jason Smith;;24;4;6;0;0;0;0;1;1;2;2;0;0;3;5;8;
Samuel Dalembert;;17;2;4;0;0;0;0;0;4;4;2;0;2;2;4;4;
Pablo Prigioni;;24;0;3;0;2;0;0;1;1;2;2;2;0;1;2;0;
J.R. Smith;;25;8;12;3;6;1;1;0;1;1;0;1;0;1;1;20;
Tim Hardaway Jr.;;13;2;5;0;3;3;3;0;1;1;2;0;0;1;1;7;
