11-17;HOU-MEM;93-119;
18-34;24-31;24-32;27-22;
HOU
Donatas Motiejunas;PF;18;3;8;0;2;0;0;1;1;2;0;0;1;2;3;6;
Trevor Ariza;SF;32;4;13;1;7;7;7;1;2;3;4;1;0;2;2;16;
Dwight Howard;C;28;6;11;0;0;3;4;1;8;9;2;0;0;4;1;15;
Patrick Beverley;PG;22;4;5;2;3;0;0;0;2;2;3;1;0;0;3;10;
James Harden;SG;34;1;8;0;4;4;5;1;4;5;4;2;1;3;4;6;
Tarik Black;;20;4;5;0;0;0;1;4;3;7;0;0;0;1;1;8;
Kostas Papanikolaou;;24;4;7;0;2;0;0;1;3;4;5;0;2;4;0;8;
Joey Dorsey;;10;1;1;0;0;0;0;1;2;3;1;0;0;1;1;2;
Isaiah Canaan;;21;3;9;1;5;1;1;0;0;0;3;1;0;1;2;8;
Jason Terry;;18;2;5;2;5;2;3;0;0;0;2;1;0;3;0;8;
Troy Daniels;;12;2;6;2;6;0;0;0;0;0;0;0;0;0;2;6;
Francisco Garcia;;1;0;0;0;0;0;0;0;0;0;0;0;0;0;0;0;
MEM
Zach Randolph;PF;26;4;11;0;0;6;6;2;5;7;1;2;0;1;3;14;
Tony Allen;SF;18;3;4;0;0;0;0;1;1;2;0;1;1;0;3;6;
Marc Gasol;C;25;4;10;0;0;1;1;1;5;6;3;2;1;2;2;9;
Mike Conley;PG;23;6;10;1;3;6;6;1;1;2;6;2;0;1;1;19;
Courtney Lee;SG;30;6;7;3;4;0;0;0;3;3;2;1;0;1;0;15;
Jon Leuer;;21;5;8;0;0;3;4;2;2;4;2;0;0;1;0;13;
Jarnell Stokes;;6;2;2;0;0;0;0;1;1;2;0;0;0;0;0;4;
Kosta Koufos;;17;5;6;0;0;0;0;1;5;6;1;3;3;0;3;10;
Beno Udrih;;25;5;8;0;1;3;3;0;1;1;6;0;0;3;3;13;
Vince Carter;;8;1;4;0;1;0;0;0;2;2;1;2;0;0;0;2;
Quincy Pondexter;;30;5;14;3;8;0;0;1;2;3;4;0;0;1;3;13;
Jordan Adams;;10;0;2;0;0;1;2;0;0;0;1;1;0;0;1;1;
