11-28;NY-OKC;78-105;
13-30;20-29;17-23;28-23;
NY
Quincy Acy;SF;23;1;3;0;0;3;4;1;5;6;0;0;0;1;2;5;
Samuel Dalembert;C;19;4;10;0;0;1;1;1;6;7;1;0;2;0;1;9;
Jose Calderon;PG;23;1;5;0;3;1;1;0;1;1;1;0;0;2;0;3;
J.R. Smith;SG;22;1;9;0;1;0;0;1;1;2;4;1;1;0;0;2;
Iman Shumpert;SG;21;3;9;0;4;1;2;0;0;0;1;0;1;2;3;7;
Jason Smith;;16;3;6;0;0;2;2;0;1;1;0;0;0;4;4;8;
Travis Wear;;15;1;1;0;0;0;0;0;1;1;2;1;0;1;0;2;
Amar'e Stoudemire;;25;7;8;0;0;6;10;3;6;9;0;0;0;2;3;20;
Cole Aldrich;;12;2;3;0;0;0;0;0;1;1;2;0;2;0;3;4;
Shane Larkin;;25;2;4;1;2;2;2;1;1;2;3;0;0;0;1;7;
Pablo Prigioni;;12;0;3;0;2;0;0;0;1;1;0;0;0;0;3;0;
Tim Hardaway Jr.;;26;4;14;1;7;2;2;0;2;2;3;1;0;0;2;11;
OKC
Serge Ibaka;PF;20;5;11;1;3;3;4;2;4;6;1;0;0;1;4;14;
Lance Thomas;SF;19;3;7;0;0;0;0;5;1;6;0;1;0;1;6;6;
Steven Adams;C;24;3;9;0;0;0;0;2;11;13;0;1;0;2;3;6;
Russell Westbrook;PG;24;12;17;3;4;5;7;4;3;7;8;1;0;3;2;32;
Andre Roberson;SG;25;2;7;0;1;1;2;2;2;4;1;1;0;1;3;5;
Grant Jerrett;;9;1;5;1;5;0;0;0;1;1;1;0;0;1;2;3;
Nick Collison;;19;0;3;0;2;0;0;1;2;3;0;0;0;2;2;0;
Kendrick Perkins;;20;3;6;0;0;2;2;0;6;6;0;0;0;1;4;8;
Ish Smith;;6;0;1;0;0;0;0;0;0;0;0;0;0;0;0;0;
Reggie Jackson;;29;3;8;0;1;4;4;2;4;6;4;2;0;2;0;10;
Jeremy Lamb;;22;3;5;3;4;4;4;0;3;3;2;1;0;0;3;13;
Anthony Morrow;;24;3;7;2;4;0;0;0;2;2;3;2;0;0;1;8;
