04-08;CHI-ORL;103-105;
29-21;30-31;28-27;16-26;
CHI
Pau Gasol;PF;34;4;10;0;0;7;9;1;8;9;3;1;3;1;2;15;
Mike Dunleavy;SF;22;3;6;2;4;0;0;0;1;1;3;0;0;1;3;8;
Joakim Noah;C;31;2;6;0;0;0;2;5;6;11;4;2;0;3;2;4;
Derrick Rose;PG;19;3;9;1;6;2;2;0;2;2;2;1;0;4;1;9;
Jimmy Butler;SG;37;6;10;3;4;4;4;1;4;5;6;2;0;2;1;19;
Taj Gibson;;29;6;12;0;0;3;5;3;4;7;1;0;1;1;3;15;
Nikola Mirotic;;27;3;11;3;5;6;7;1;1;2;2;1;0;1;1;15;
Tony Snell;;0;0;0;0;0;0;0;0;0;0;0;0;0;0;0;0;
Aaron Brooks;;26;5;11;2;4;1;2;1;2;3;2;2;0;2;2;13;
Kirk Hinrich;;15;2;4;1;3;0;0;0;1;1;2;0;0;0;1;5;
ORL
Tobias Harris;SF;29;2;13;0;5;4;4;1;2;3;1;0;0;1;1;8;
Nikola Vucevic;C;37;9;16;0;0;4;4;2;5;7;3;1;0;2;4;22;
Dewayne Dedmon;C;25;3;5;0;0;0;0;5;6;11;0;0;1;3;4;6;
Elfrid Payton;PG;40;6;14;2;2;3;3;4;5;9;9;2;0;3;1;17;
Victor Oladipo;SG;41;8;14;3;7;4;6;0;5;5;5;3;0;4;2;23;
Aaron Gordon;;22;2;3;0;1;3;4;0;4;4;1;1;0;0;4;7;
Andrew Nicholson;;22;4;8;1;2;0;0;0;1;1;2;0;1;1;3;9;
Channing Frye;;4;1;2;0;1;0;0;0;2;2;0;1;1;0;0;2;
Evan Fournier;;21;3;7;2;5;3;3;1;1;2;0;0;0;1;0;11;
