12-27;PHI-UTAH;71-88;
12-25;20-19;23-15;16-29;
PHI
Robert Covington;SF;36;5;10;2;6;5;8;2;7;9;0;1;2;1;3;17;
Henry Sims;C;32;4;9;0;2;2;2;1;7;8;0;1;2;1;3;10;
Nerlens Noel;C;32;2;5;0;0;1;1;1;9;10;2;1;0;1;1;5;
Michael Carter-Williams;PG;37;2;20;1;7;3;4;1;3;4;6;0;0;6;3;8;
JaKarr Sampson;SG;21;1;3;0;2;0;2;0;2;2;1;0;0;1;2;2;
Furkan Aldemir;;6;0;1;0;0;0;0;1;0;1;0;0;0;0;2;0;
Jerami Grant;;20;0;1;0;0;4;6;2;1;3;1;2;0;0;1;4;
K.J. McDaniels;;26;2;8;1;3;0;0;0;1;1;1;1;1;3;3;5;
Tony Wroten;;32;8;17;1;6;3;5;2;4;6;0;2;0;3;2;20;
UTAH
Derrick Favors;PF;34;7;11;0;0;3;3;2;13;15;3;3;5;4;3;17;
Gordon Hayward;SF;36;4;14;2;5;5;6;0;6;6;3;1;0;2;4;15;
Enes Kanter;C;25;4;13;0;1;2;2;6;4;10;0;0;0;0;2;10;
Trey Burke;PG;37;5;18;1;6;6;7;0;1;1;4;1;0;2;2;17;
Rodney Hood;SG;29;1;8;1;5;1;2;0;5;5;2;0;0;0;0;4;
Trevor Booker;;20;6;8;0;0;2;2;2;3;5;1;1;2;0;4;14;
Joe Ingles;;19;0;1;0;1;2;2;1;3;4;2;1;0;1;2;2;
Rudy Gobert;;17;2;3;0;0;0;0;3;3;6;2;2;3;2;2;4;
Patrick Christopher;;6;0;1;0;1;0;0;0;0;0;0;1;0;0;0;0;
Dante Exum;;18;1;7;0;4;3;4;0;3;3;0;1;0;1;4;5;
