01-03;BOS-CHI;104-109;
23-17;17-29;29-23;30-30;5-10;
BOS
Jared Sullinger;PF;36;8;17;0;3;0;0;8;8;16;2;1;1;2;1;16;
Jeff Green;SF;38;4;18;0;3;3;3;0;9;9;2;1;1;4;3;11;
Tyler Zeller;C;28;4;5;0;0;2;2;0;1;1;4;1;0;1;6;10;
Avery Bradley;PG;36;8;15;0;1;1;2;1;1;2;0;1;0;2;2;17;
Evan Turner;SG;40;12;22;4;5;1;2;0;5;5;6;1;0;7;3;29;
Brandan Wright;;15;1;3;0;0;0;0;1;2;3;3;0;1;1;1;2;
Brandon Bass;;14;0;1;0;0;0;0;0;2;2;1;0;0;0;2;0;
Jae Crowder;;15;4;7;0;1;2;2;0;3;3;2;2;1;0;2;10;
Kelly Olynyk;;14;0;2;0;2;0;0;0;2;2;2;0;1;0;4;0;
Phil Pressey;;13;2;7;1;2;0;0;0;2;2;3;1;1;2;1;5;
Marcus Smart;;17;2;3;0;0;0;0;0;0;0;1;1;0;1;3;4;
CHI
Pau Gasol;PF;38;9;16;1;1;10;11;5;11;16;2;1;5;5;1;29;
Nikola Mirotic;PF;38;2;10;1;6;5;7;0;8;8;4;2;0;0;2;10;
Joakim Noah;C;36;3;10;0;0;2;4;6;6;12;6;3;2;4;4;8;
Derrick Rose;PG;35;5;18;1;4;1;2;0;2;2;1;1;0;4;1;12;
Kirk Hinrich;SG;37;4;10;0;6;0;0;3;2;5;0;0;1;1;4;8;
Taj Gibson;;31;4;10;0;0;4;5;5;1;6;2;0;1;0;0;12;
Tony Snell;;13;1;4;0;2;1;2;1;2;3;2;1;0;0;1;3;
Aaron Brooks;;20;6;15;3;8;4;5;2;2;4;1;1;0;2;1;19;
E'Twaun Moore;;16;3;7;0;1;2;4;2;1;3;1;1;0;0;0;8;
