11-17;PHI-SA;75-100;
13-30;21-16;23-27;18-27;
PHI
Brandon Davies;PF;18;0;4;0;1;0;0;0;4;4;4;1;0;0;0;0;
Luc Richard Mbah a Moute;PF;25;4;10;2;4;3;4;0;4;4;0;0;2;2;2;13;
Henry Sims;C;28;3;6;0;0;3;4;0;8;8;1;1;0;2;3;9;
Tony Wroten;SG;30;4;14;0;3;0;0;1;0;1;3;1;0;4;0;8;
Hollis Thompson;SG;26;1;8;1;5;1;2;2;1;3;0;2;0;1;1;4;
Robert Covington;;17;1;5;0;1;4;4;1;2;3;2;2;0;0;3;6;
Nerlens Noel;;25;2;8;0;0;0;0;1;5;6;0;1;1;0;4;4;
Drew Gordon;;3;1;1;0;0;1;2;0;0;0;0;0;0;1;0;3;
Alexey Shved;;12;1;4;0;3;2;2;0;0;0;1;1;0;0;0;4;
Michael Carter-Williams;;30;7;14;1;5;1;3;0;5;5;4;2;0;3;2;16;
K.J. McDaniels;;24;3;9;0;4;2;3;0;5;5;0;0;1;0;3;8;
JaKarr Sampson;;3;0;0;0;0;0;0;0;0;0;0;0;0;0;0;0;
SA
Tim Duncan;PF;16;4;7;0;0;2;3;2;7;9;2;0;0;3;1;10;
Kawhi Leonard;SF;20;2;7;0;1;1;1;2;9;11;2;3;0;1;1;5;
Matt Bonner;C;20;7;10;4;6;0;0;0;1;1;3;0;0;0;1;18;
Tony Parker;PG;18;2;4;1;1;0;0;0;1;1;5;3;0;3;1;5;
Danny Green;SG;28;4;9;3;8;0;0;0;2;2;4;1;3;2;2;11;
Jeff Ayres;;17;1;4;0;0;2;2;0;5;5;1;1;1;1;1;4;
Kyle Anderson;;21;1;7;0;1;0;0;0;3;3;0;0;1;1;3;2;
Austin Daye;;20;4;10;1;4;0;0;0;2;2;2;0;2;2;2;9;
Aron Baynes;;19;5;8;0;0;2;2;1;8;9;0;0;1;0;3;12;
Boris Diaw;;23;3;5;0;0;2;2;0;3;3;4;0;0;1;2;8;
Cory Joseph;;26;3;8;1;4;7;9;1;4;5;2;1;0;1;0;14;
Manu Ginobili;;12;0;2;0;1;2;2;0;1;1;2;0;0;2;0;2;
