02-09;BKN-MIL;97-103;
30-24;22-23;16-32;29-24;
BKN
Kevin Garnett;PF;13;3;5;0;0;0;0;0;3;3;0;1;1;1;0;6;
Joe Johnson;SF;42;8;16;3;7;0;0;0;3;3;6;0;1;2;1;19;
Mason Plumlee;C;28;4;8;0;0;5;7;4;4;8;3;0;1;1;1;13;
Jarrett Jack;PG;35;10;15;4;5;2;2;1;3;4;8;0;0;3;4;26;
Alan Anderson;SG;40;3;8;1;5;1;3;1;3;4;1;0;0;2;1;8;
Cory Jefferson;;11;1;3;0;0;0;0;0;3;3;1;0;1;0;1;2;
Brook Lopez;;21;5;7;0;0;0;0;1;4;5;2;1;2;2;5;10;
Deron Williams;;23;0;5;0;3;0;0;0;2;2;4;0;1;4;1;0;
Bojan Bogdanovic;;28;4;9;1;5;4;7;1;5;6;0;1;1;0;3;13;
MIL
Jared Dudley;SF;33;7;10;5;5;0;0;3;1;4;2;3;0;0;2;19;
Giannis Antetokounmpo;SF;32;4;9;0;1;4;4;2;7;9;8;3;1;3;1;12;
John Henson;C;25;4;9;0;0;2;2;4;2;6;0;0;2;1;2;10;
Brandon Knight;PG;29;2;12;1;5;3;4;0;5;5;5;0;0;1;1;8;
Khris Middleton;SG;29;9;15;0;2;0;0;0;4;4;1;4;1;0;1;18;
Ersan Ilyasova;;15;2;6;1;2;0;0;1;1;2;0;1;0;1;3;5;
Zaza Pachulia;;16;1;6;0;0;3;4;3;2;5;1;3;0;0;2;5;
Jorge Gutierrez;;9;1;2;0;0;0;0;0;1;1;0;0;0;1;0;2;
Jerryd Bayless;;28;3;10;0;1;3;3;1;5;6;6;0;0;0;0;9;
O.J. Mayo;;24;4;10;0;2;7;8;0;2;2;2;0;0;2;2;15;
