12-25;GS-LAC;86-100;
20-18;22-23;28-32;16-27;
GS
Harrison Barnes;SF;38;5;13;0;4;2;5;1;12;13;3;2;0;1;4;12;
Draymond Green;SF;34;4;10;2;5;0;0;3;7;10;3;2;2;0;3;10;
Marreese Speights;C;22;4;9;0;0;3;6;0;1;1;0;1;0;2;2;11;
Stephen Curry;PG;36;5;12;1;5;3;4;2;7;9;7;2;0;5;3;14;
Klay Thompson;SG;37;6;18;2;10;1;2;0;3;3;3;2;1;3;2;15;
David Lee;;19;5;5;0;0;1;2;0;3;3;1;1;0;2;3;11;
Ognjen Kuzmic;;3;0;0;0;0;0;0;1;0;1;1;0;0;0;0;0;
Shaun Livingston;;16;1;4;0;0;0;0;0;0;0;3;0;0;2;3;2;
Justin Holiday;;11;2;3;1;2;1;1;0;0;0;1;0;1;1;0;6;
Leandro Barbosa;;3;0;0;0;0;0;0;0;0;0;0;0;0;0;0;0;
Andre Iguodala;;21;2;6;0;2;1;2;1;3;4;2;1;0;0;1;5;
LAC
Blake Griffin;PF;39;5;16;0;1;8;13;3;12;15;6;2;1;5;4;18;
Matt Barnes;SF;32;3;8;1;4;0;0;1;5;6;0;2;1;2;4;7;
DeAndre Jordan;C;36;6;8;0;1;2;3;3;9;12;0;0;2;1;5;14;
Chris Paul;PG;38;7;18;1;4;7;8;3;4;7;4;3;0;1;2;22;
J.J. Redick;SG;28;3;9;3;7;2;2;0;1;1;3;0;0;1;1;11;
Glen Davis;;11;1;3;0;0;0;0;0;0;0;0;0;0;1;1;2;
Ekpe Udoh;;1;0;1;0;0;0;0;0;0;0;1;0;0;0;0;0;
Jordan Farmar;;15;0;4;0;4;0;0;1;1;2;2;1;0;0;1;0;
Jared Cunningham;;1;1;1;0;0;0;0;0;0;0;0;0;0;0;0;2;
Reggie Bullock;;11;0;1;0;1;0;0;0;0;0;0;2;0;0;1;0;
Jamal Crawford;;28;8;18;4;10;4;5;0;7;7;2;0;0;2;1;24;
