11-24;POR-PHI;114-104;
24-20;26-32;39-28;25-24;
POR
LaMarcus Aldridge;PF;34;13;20;1;1;6;7;6;5;11;3;0;0;1;1;33;
Nicolas Batum;SF;31;3;8;0;4;0;0;0;6;6;6;1;0;3;0;6;
Robin Lopez;C;29;4;8;0;0;4;4;4;4;8;3;0;4;2;4;12;
Damian Lillard;PG;37;6;11;1;4;3;3;1;4;5;4;2;0;3;3;16;
Wesley Matthews;SG;33;6;16;2;8;3;4;0;4;4;3;1;0;2;1;17;
Allen Crabbe;;15;3;5;2;4;0;0;1;0;1;2;0;0;0;1;8;
Joel Freeland;;14;4;6;0;0;1;1;3;1;4;0;0;0;0;4;9;
Chris Kaman;;19;3;7;0;0;2;4;2;7;9;1;0;0;1;2;8;
Steve Blake;;23;0;6;0;5;0;0;1;2;3;8;1;0;2;2;0;
Will Barton;;6;2;2;1;1;0;0;0;1;1;0;1;1;1;1;5;
PHI
Luc Richard Mbah a Moute;PF;25;2;3;0;0;0;0;0;3;3;4;1;1;0;1;4;
Brandon Davies;PF;14;1;3;0;1;0;0;2;3;5;1;0;0;0;6;2;
Henry Sims;C;34;8;14;0;1;6;6;1;3;4;1;1;0;3;3;22;
Michael Carter-Williams;PG;33;10;24;0;0;4;5;2;5;7;2;2;0;2;2;24;
Tony Wroten;SG;38;7;18;0;3;6;9;1;1;2;9;3;1;3;3;20;
Robert Covington;;2;0;0;0;0;0;0;0;0;0;0;0;0;0;0;0;
Nerlens Noel;;33;6;7;0;0;0;0;1;4;5;3;3;2;0;3;12;
Drew Gordon;;7;2;4;0;0;0;0;0;0;0;0;0;0;1;1;4;
Alexey Shved;;10;3;4;0;1;2;2;0;0;0;2;1;0;0;0;8;
K.J. McDaniels;;27;2;4;0;1;2;2;0;0;0;4;0;2;0;1;6;
Hollis Thompson;;17;1;3;0;1;0;0;0;3;3;2;0;0;1;0;2;
