01-19;DEN-GS;79-122;
15-25;13-30;32-34;19-33;
DEN
Kenneth Faried;PF;20;2;6;0;0;3;5;2;7;9;1;0;1;3;0;7;
Wilson Chandler;SF;27;3;8;1;4;0;0;0;6;6;0;0;0;0;1;7;
Jusuf Nurkic;C;24;1;6;0;0;0;0;2;6;8;1;2;1;1;6;2;
Ty Lawson;PG;32;8;14;1;2;2;6;0;1;1;6;0;0;1;1;19;
Arron Afflalo;SG;24;1;8;0;3;0;0;0;1;1;0;1;0;1;0;2;
Darrell Arthur;;17;1;4;0;0;2;2;1;2;3;1;1;1;1;2;4;
J.J. Hickson;;15;1;6;0;0;1;2;3;3;6;0;1;0;2;2;3;
Alonzo Gee;;19;2;2;1;1;4;4;0;0;0;1;2;0;1;2;9;
Erick Green;;7;2;5;0;1;0;0;0;0;0;0;0;0;0;0;4;
Jameer Nelson;;25;6;12;2;6;0;0;0;2;2;5;0;0;2;2;14;
Gary Harris;;11;2;6;1;3;0;0;0;2;2;0;1;0;0;1;5;
Randy Foye;;21;1;10;1;4;0;0;0;1;1;2;1;0;4;2;3;
GS
Harrison Barnes;SF;20;2;7;0;2;0;0;1;4;5;3;2;0;0;1;4;
Draymond Green;SF;23;2;4;2;3;0;0;1;7;8;2;0;0;0;3;6;
Andrew Bogut;C;22;1;4;0;0;1;2;1;7;8;3;0;1;2;1;3;
Stephen Curry;PG;25;7;13;2;5;4;4;1;0;1;8;1;2;1;2;20;
Klay Thompson;SG;23;7;13;4;8;4;4;0;3;3;3;1;0;0;0;22;
David Lee;;19;2;6;0;0;2;4;1;9;10;3;1;1;2;1;6;
James Michael McAdoo;;13;4;5;0;0;3;5;2;3;5;0;0;1;0;2;11;
Marreese Speights;;13;3;6;0;0;3;3;0;2;2;0;0;0;3;2;9;
Shaun Livingston;;23;6;6;0;0;0;0;0;1;1;3;3;0;0;0;12;
Justin Holiday;;14;2;5;2;5;0;0;0;0;0;2;1;0;1;0;6;
Brandon Rush;;11;1;1;0;0;2;3;0;4;4;0;0;1;1;1;4;
Leandro Barbosa;;16;4;5;2;2;2;2;0;1;1;2;1;0;1;1;12;
Andre Iguodala;;17;3;6;1;2;0;0;0;5;5;1;0;0;2;0;7;
