11-22;MIA-ORL;99-92;
22-18;27-28;19-21;31-25;
MIA
Luol Deng;SF;33;4;9;1;2;0;0;1;6;7;0;1;0;2;3;9;
Shawne Williams;SF;36;3;6;2;4;2;2;0;5;5;3;1;2;1;1;10;
Chris Bosh;C;38;13;20;4;6;2;2;1;9;10;1;0;1;3;3;32;
Mario Chalmers;PG;34;10;16;2;5;2;4;2;3;5;8;1;0;2;2;24;
Shannon Brown;PG;37;2;6;1;2;2;2;0;0;0;2;1;0;0;3;7;
Josh McRoberts;;5;0;2;0;1;0;0;0;0;0;1;0;0;1;1;0;
Chris Andersen;;17;1;4;0;1;3;4;2;1;3;1;1;2;2;2;5;
James Ennis;;13;0;0;0;0;0;0;1;0;1;0;0;0;1;2;0;
Shabazz Napier;;28;4;8;2;5;2;4;0;2;2;1;2;0;4;3;12;
ORL
Channing Frye;PF;32;3;6;1;4;2;2;0;5;5;3;1;0;1;4;9;
Nikola Vucevic;C;37;12;24;0;0;9;11;11;6;17;1;0;1;0;2;33;
Willie Green;SG;31;0;5;0;3;0;0;1;0;1;1;0;0;0;3;0;
Evan Fournier;SG;38;5;15;1;5;0;0;1;5;6;6;0;0;3;2;11;
Victor Oladipo;SG;34;5;11;1;4;3;5;0;4;4;2;2;0;3;2;14;
Maurice Harkless;;19;1;2;0;0;0;0;1;2;3;0;0;0;0;1;2;
Dewayne Dedmon;;10;3;6;0;0;1;1;4;1;5;0;0;1;1;1;7;
Elfrid Payton;;23;4;6;0;0;1;4;0;3;3;4;5;0;3;4;9;
Ben Gordon;;17;2;3;0;0;3;4;0;0;0;1;2;0;3;1;7;
