04-10;SA-HOU;104-103;
23-30;23-18;34-27;24-28;
SA
Tim Duncan;PF;34;12;15;0;0;5;8;4;6;10;2;1;3;3;4;29;
Kawhi Leonard;SF;39;7;17;0;2;4;4;1;8;9;2;4;0;1;2;18;
Aron Baynes;C;18;5;6;0;0;3;4;3;1;4;1;1;0;1;6;13;
Tony Parker;PG;28;1;7;0;0;0;0;0;2;2;3;0;0;0;1;2;
Danny Green;SG;24;0;7;0;5;0;0;0;2;2;4;1;0;2;4;0;
Jeff Ayres;;8;2;3;0;0;0;0;1;2;3;0;0;0;0;2;4;
Marco Belinelli;;14;2;4;1;3;0;0;0;1;1;1;2;0;0;0;5;
Matt Bonner;;7;0;1;0;1;0;0;0;0;0;0;0;0;0;1;0;
Boris Diaw;;26;4;13;0;1;2;2;3;2;5;4;0;0;0;5;10;
Patty Mills;;11;4;4;3;3;3;4;0;1;1;2;1;0;3;5;14;
Cory Joseph;;9;1;1;0;0;1;2;1;0;1;0;0;0;1;1;3;
Manu Ginobili;;21;3;7;0;2;0;0;0;2;2;4;2;0;4;4;6;
HOU
Terrence Jones;PF;30;5;9;1;1;3;4;3;3;6;1;0;1;3;4;14;
Trevor Ariza;SF;43;7;8;4;5;1;1;1;3;4;0;1;0;2;3;19;
Dwight Howard;C;27;3;5;0;0;6;9;2;12;14;2;2;2;4;5;12;
Jason Terry;SG;31;3;8;2;5;1;1;0;0;0;1;0;1;0;3;9;
James Harden;SG;38;5;19;2;5;4;6;0;2;2;10;3;0;4;2;16;
Josh Smith;;22;4;9;0;3;12;26;0;6;6;3;1;1;3;4;20;
Joey Dorsey;;5;0;0;0;0;0;0;1;1;2;0;0;0;0;2;0;
Pablo Prigioni;;17;1;1;0;0;0;0;0;0;0;1;2;0;1;2;2;
Nick Johnson;;5;0;1;0;1;0;0;0;1;1;0;0;0;1;0;0;
Corey Brewer;;23;3;6;0;1;5;6;2;2;4;1;0;0;2;1;11;
