12-14;TOR-NY;95-90;
27-27;18-19;27-21;14-19;9-4;
TOR
Amir Johnson;PF;28;3;8;0;1;0;0;3;6;9;5;0;1;1;3;6;
Terrence Ross;SF;33;8;14;3;5;3;3;0;5;5;1;2;0;2;3;22;
Jonas Valanciunas;C;33;3;6;0;0;2;4;3;10;13;0;1;0;2;3;8;
Kyle Lowry;PG;39;8;19;1;4;4;4;0;3;3;11;6;0;9;5;21;
Landry Fields;SG;23;0;1;0;0;0;0;0;1;1;0;1;0;1;1;0;
Tyler Hansbrough;;14;2;3;0;0;2;4;2;4;6;0;0;1;0;2;6;
James Johnson;;15;1;4;0;1;0;0;0;0;0;0;0;0;2;3;2;
Patrick Patterson;;34;5;6;3;4;0;0;1;1;2;4;2;0;2;2;13;
Greivis Vasquez;;14;1;2;0;1;0;0;0;2;2;0;1;0;2;2;2;
Louis Williams;;32;5;15;2;8;3;3;0;1;1;3;1;0;2;1;15;
NY
Carmelo Anthony;SF;44;11;24;4;9;8;10;2;7;9;3;1;0;3;4;34;
Quincy Acy;SF;31;1;3;0;0;0;0;2;3;5;3;1;0;0;2;2;
Amar'e Stoudemire;C;38;3;7;0;0;4;7;5;3;8;0;5;2;4;5;10;
Jose Calderon;PG;40;6;13;1;5;0;0;2;3;5;5;0;0;2;2;13;
Tim Hardaway Jr.;SG;35;4;15;1;8;9;9;0;6;6;2;0;0;5;3;18;
Jason Smith;;11;0;3;0;0;0;0;0;1;1;0;0;0;2;0;0;
Travis Wear;;6;0;0;0;0;0;0;0;1;1;0;0;0;2;1;0;
Samuel Dalembert;;13;0;1;0;0;2;2;0;3;3;1;0;2;1;2;2;
Shane Larkin;;16;1;5;1;2;0;0;1;1;2;0;2;0;0;2;3;
Pablo Prigioni;;31;3;7;2;5;0;0;0;3;3;1;2;0;3;1;8;
