11-19;NY-MIN;99-115;
25-27;26-37;22-29;26-22;
NY
Carmelo Anthony;SF;27;7;10;4;5;2;2;1;3;4;1;1;0;2;3;20;
Quincy Acy;SF;32;4;8;0;0;1;1;2;6;8;0;0;0;3;2;9;
Samuel Dalembert;C;8;1;1;0;0;1;2;0;1;1;0;0;1;1;1;3;
Shane Larkin;PG;29;2;6;0;1;0;0;0;0;0;4;1;0;1;3;4;
Iman Shumpert;SG;28;1;11;1;2;0;0;1;3;4;1;1;0;4;4;3;
Jason Smith;;11;4;5;0;0;6;8;1;1;2;1;1;0;0;0;14;
Travis Wear;;22;2;6;0;0;4;5;2;6;8;3;0;0;2;1;8;
Amar'e Stoudemire;;20;7;9;0;0;5;6;1;2;3;0;0;0;3;1;19;
Cole Aldrich;;8;1;2;0;0;0;0;0;1;1;0;1;2;1;2;2;
Pablo Prigioni;;19;2;3;2;3;2;2;0;1;1;3;1;0;1;0;8;
Tim Hardaway Jr.;;22;2;5;1;3;1;2;0;1;1;2;0;0;3;2;6;
J.R. Smith;;13;1;3;1;2;0;0;0;0;0;4;0;0;1;3;3;
MIN
Shabazz Muhammad;SF;32;6;15;0;1;5;6;4;4;8;1;0;1;2;4;17;
Andrew Wiggins;SF;29;4;13;1;1;3;4;2;2;4;0;1;0;5;0;12;
Gorgui Dieng;C;32;4;7;0;0;0;0;5;2;7;4;5;1;2;3;8;
Mo Williams;PG;31;5;9;2;4;2;2;0;3;3;13;0;0;2;1;14;
Kevin Martin;SG;35;14;20;7;11;2;6;0;4;4;2;2;0;2;4;37;
Anthony Bennett;;14;3;7;0;0;0;0;1;2;3;0;1;0;0;3;6;
Chase Budinger;;3;1;1;1;1;0;0;0;0;0;0;0;0;0;0;3;
Robbie Hummel;;16;1;3;0;2;0;0;2;1;3;2;0;0;0;3;2;
Zach LaVine;;17;1;5;0;2;0;0;0;1;1;2;0;0;0;1;2;
Glenn Robinson III;;2;0;1;0;0;0;0;0;0;0;0;0;0;0;0;0;
Corey Brewer;;29;5;8;0;0;4;4;1;1;2;2;6;0;1;4;14;
