02-06;LAL-ORL;97-103;
23-26;29-12;26-31;13-22;6-12;
LAL
Ryan Kelly;PF;33;6;14;5;6;3;3;1;4;5;3;2;1;0;3;20;
Tarik Black;PF;23;1;5;0;0;0;0;2;4;6;1;0;0;2;2;2;
Robert Sacre;C;32;4;12;0;0;2;2;2;4;6;3;1;2;0;1;10;
Jordan Clarkson;PG;31;6;14;1;4;1;2;2;0;2;6;4;0;3;1;14;
Wayne Ellington;SG;37;3;10;2;7;2;3;1;3;4;2;0;0;2;0;10;
Ed Davis;;21;2;6;0;0;0;2;2;4;6;2;0;3;0;2;4;
Carlos Boozer;;18;7;13;0;0;0;1;2;1;3;2;2;0;2;3;14;
Wesley Johnson;;31;4;9;1;4;0;0;3;6;9;2;1;1;3;0;9;
Nick Young;;16;0;6;0;3;0;0;0;1;1;3;0;0;0;1;0;
Jeremy Lin;;22;6;8;2;2;0;0;0;1;1;3;2;1;2;0;14;
ORL
Channing Frye;PF;17;3;6;1;4;0;0;1;1;2;2;0;0;2;0;7;
Tobias Harris;SF;45;14;18;2;5;4;4;0;7;7;2;1;1;2;1;34;
Nikola Vucevic;C;41;11;21;0;0;3;5;4;9;13;2;2;2;1;5;25;
Elfrid Payton;PG;34;2;5;0;0;0;0;0;2;2;6;2;0;3;1;4;
Victor Oladipo;SG;37;5;14;0;1;2;2;3;8;11;5;2;1;4;1;12;
Aaron Gordon;;23;3;6;0;1;1;1;1;1;2;2;0;0;1;1;7;
Kyle O'Quinn;;12;1;2;0;0;0;0;1;2;3;1;0;1;1;1;2;
Luke Ridnour;;19;1;4;0;2;2;2;0;3;3;3;0;0;1;1;4;
Willie Green;;22;2;4;1;1;0;0;0;4;4;1;0;1;1;2;5;
Evan Fournier;;14;1;3;1;1;0;0;0;1;1;2;2;0;2;0;3;
