12-10;LAC-IND;103-96;
33-25;21-24;28-16;21-31;
LAC
Blake Griffin;PF;38;7;17;0;0;3;4;3;7;10;5;0;2;0;1;17;
Matt Barnes;SF;29;4;8;1;4;2;2;0;5;5;1;0;1;3;2;11;
DeAndre Jordan;C;34;5;8;0;1;2;3;6;13;19;0;1;3;1;3;12;
Chris Paul;PG;37;7;16;0;2;3;3;1;7;8;15;3;0;4;4;17;
J.J. Redick;SG;31;7;11;2;5;0;0;0;1;1;1;0;0;0;1;16;
Glen Davis;;9;1;3;0;0;0;0;0;0;0;0;0;0;0;1;2;
Spencer Hawes;;15;2;7;1;3;0;0;0;2;2;1;1;1;0;2;5;
Hedo Turkoglu;;6;0;1;0;0;0;0;0;1;1;0;1;0;0;0;0;
Jordan Farmar;;14;2;5;1;3;0;0;0;1;1;0;1;0;0;1;5;
Jamal Crawford;;26;7;12;2;6;2;2;0;3;3;2;0;0;4;2;18;
IND
David West;PF;25;1;7;0;1;0;0;1;2;3;3;0;0;0;1;2;
Chris Copeland;SF;18;3;9;2;6;2;2;0;1;1;0;0;1;0;2;10;
Solomon Hill;SF;17;1;7;0;2;2;2;0;0;0;3;0;0;1;0;4;
Roy Hibbert;C;12;2;4;0;0;0;0;2;1;3;1;0;0;1;4;4;
Rodney Stuckey;PG;32;4;11;0;1;2;2;0;2;2;6;1;0;2;0;10;
Luis Scola;;22;5;10;0;0;2;2;2;12;14;3;1;0;2;3;12;
Lavoy Allen;;36;7;11;0;0;0;0;6;7;13;2;0;0;1;1;14;
Damjan Rudez;;16;0;1;0;1;2;2;0;0;0;0;1;0;0;1;2;
C.J. Watson;;28;1;7;0;2;6;8;0;3;3;7;2;0;0;4;8;
C.J. Miles;;34;11;22;7;14;1;4;1;3;4;2;1;0;4;2;30;
