03-01;POR-SAC;110-99;
34-23;30-27;21-25;25-24;
POR
LaMarcus Aldridge;PF;39;9;25;0;3;8;9;3;12;15;2;0;0;2;2;26;
Nicolas Batum;SF;31;1;6;0;4;0;0;2;2;4;5;1;0;1;3;2;
Robin Lopez;C;30;7;9;0;0;1;1;4;4;8;0;0;1;1;3;15;
Damian Lillard;PG;36;11;20;3;5;6;6;0;4;4;7;0;1;2;1;31;
Wesley Matthews;SG;33;6;8;3;5;2;2;0;4;4;1;1;1;0;3;17;
Alonzo Gee;;6;1;1;1;1;1;2;0;0;0;0;1;0;1;1;4;
Meyers Leonard;;8;1;3;1;2;0;0;1;0;1;0;0;0;1;3;3;
Joel Freeland;;2;0;0;0;0;0;0;0;0;0;0;0;0;0;0;0;
Chris Kaman;;18;3;5;0;0;0;0;0;3;3;1;0;0;0;1;6;
Steve Blake;;12;1;2;1;2;0;0;0;2;2;2;1;0;5;1;3;
Arron Afflalo;;27;1;4;1;2;0;0;1;1;2;1;1;0;4;2;3;
SAC
Carl Landry;PF;16;2;6;0;0;1;2;1;3;4;0;1;1;0;3;5;
Jason Thompson;PF;18;1;3;0;0;0;0;0;4;4;3;1;0;1;6;2;
Rudy Gay;SF;38;10;22;1;1;3;4;2;6;8;1;0;0;2;1;24;
Ray McCallum;PG;25;5;13;0;2;2;2;0;2;2;5;0;0;0;1;12;
Ben McLemore;SG;24;4;12;2;5;2;2;0;2;2;1;2;0;2;1;12;
Derrick Williams;;23;7;12;0;2;4;5;0;1;1;0;0;0;1;0;18;
Omri Casspi;;27;2;7;0;2;3;4;0;1;1;1;1;0;2;1;7;
Ryan Hollins;;28;2;3;0;0;0;0;1;2;3;1;1;1;0;3;4;
Reggie Evans;;15;0;1;0;0;3;4;3;3;6;2;0;0;1;1;3;
Andre Miller;;26;6;7;0;0;0;0;0;2;2;10;2;0;3;1;12;
