02-25;PHX-DEN;110-96;
35-26;23-25;25-22;27-23;
PHX
Markieff Morris;PF;22;1;5;0;0;3;4;1;8;9;2;2;0;2;3;5;
P.J. Tucker;SF;31;3;9;0;3;6;6;3;5;8;2;5;1;1;2;12;
Alex Len;C;21;2;8;0;0;2;4;5;5;10;0;0;1;1;4;6;
Eric Bledsoe;PG;36;7;15;1;3;3;3;2;4;6;6;2;1;6;2;18;
Brandon Knight;PG;33;7;16;3;8;2;2;0;3;3;5;0;0;2;1;19;
Marcus Morris;;23;4;6;1;1;3;4;3;6;9;1;0;0;2;1;12;
Brandan Wright;;18;4;9;0;0;0;0;3;3;6;0;0;3;1;3;8;
Earl Barron;;9;0;1;0;0;2;2;2;0;2;0;0;0;0;2;2;
T.J. Warren;;20;5;8;0;0;0;2;4;3;7;0;0;0;1;2;10;
Archie Goodwin;;6;0;1;0;0;1;2;0;1;1;0;0;0;0;1;1;
Reggie Bullock;;1;1;1;0;0;0;0;0;0;0;0;0;0;0;0;2;
Gerald Green;;21;5;12;3;9;2;3;0;4;4;3;0;1;3;4;15;
DEN
Darrell Arthur;PF;3;0;1;0;0;1;2;0;0;0;0;0;0;0;0;1;
Danilo Gallinari;SF;34;6;16;5;11;3;3;1;6;7;1;1;1;6;0;20;
Jusuf Nurkic;C;21;3;7;0;0;2;3;1;7;8;2;1;1;2;4;8;
Ty Lawson;PG;38;5;12;2;5;1;2;1;3;4;7;3;0;1;4;13;
Gary Harris;SG;26;3;10;1;5;2;2;0;0;0;2;1;0;1;4;9;
Joffrey Lauvergne;;26;4;7;1;1;2;5;3;6;9;1;1;1;2;2;11;
J.J. Hickson;;22;2;5;0;0;4;6;1;2;3;0;1;1;0;0;8;
Jameer Nelson;;13;0;3;0;1;0;2;1;0;1;4;2;0;0;0;0;
Will Barton;;34;6;9;3;5;7;8;2;6;8;3;0;1;2;2;22;
Randy Foye;;22;2;11;0;6;0;0;0;0;0;2;1;0;1;3;4;
