03-08;CHA-DET;108-101;
27-33;27-29;24-22;30-17;
CHA
Cody Zeller;PF;20;4;5;0;0;3;3;2;5;7;0;1;0;1;5;11;
Michael Kidd-Gilchrist;SF;32;4;9;0;0;2;2;1;5;6;0;0;2;1;3;10;
Al Jefferson;C;30;10;14;0;0;4;6;1;7;8;3;3;1;1;2;24;
Mo Williams;PG;37;6;15;1;5;8;8;0;0;0;9;1;0;1;2;21;
Gerald Henderson;SG;37;5;12;1;3;2;2;0;6;6;9;0;1;2;0;13;
Jason Maxiell;;5;0;0;0;0;0;0;0;0;0;0;0;0;0;0;0;
Marvin Williams;;25;3;8;2;5;0;0;0;4;4;3;0;0;1;2;8;
Jeff Taylor;;3;0;2;0;0;0;0;0;0;0;0;1;0;0;1;0;
Bismack Biyombo;;13;3;3;0;0;1;2;0;0;0;1;0;1;0;2;7;
Brian Roberts;;15;2;3;1;2;0;0;0;5;5;2;0;0;0;1;5;
Lance Stephenson;;22;4;8;1;2;0;0;0;3;3;5;0;0;2;2;9;
DET
Greg Monroe;PF;35;7;11;0;0;4;6;3;8;11;4;2;0;4;3;18;
Tayshaun Prince;SF;32;3;5;0;1;0;0;1;5;6;1;0;1;0;2;6;
Andre Drummond;C;24;7;13;0;0;2;4;2;3;5;1;0;2;1;4;16;
Reggie Jackson;PG;34;9;21;2;4;5;5;4;3;7;7;1;0;2;2;25;
Kentavious Caldwell-Pope;SG;32;4;15;0;4;3;4;1;4;5;2;0;0;2;0;11;
Anthony Tolliver;;17;2;3;0;1;0;0;1;2;3;0;0;0;0;3;4;
Caron Butler;;14;0;1;0;0;0;0;0;1;1;2;0;0;0;0;0;
Shawne Williams;;15;2;4;0;1;0;0;1;1;2;2;0;0;0;1;4;
John Lucas III;;15;2;4;0;0;0;0;0;1;1;2;2;0;1;0;4;
Jodie Meeks;;24;3;12;1;3;6;6;0;1;1;0;3;0;0;1;13;
