11-26;MIL-MIN;103-86;
26-24;25-23;21-23;31-16;
MIL
Giannis Antetokounmpo;SF;26;6;12;0;1;1;2;3;5;8;4;0;0;1;3;13;
Jabari Parker;SF;36;5;12;0;0;1;1;1;6;7;3;1;1;0;2;11;
Larry Sanders;C;28;7;10;0;0;1;1;3;4;7;2;1;5;4;3;15;
Brandon Knight;PG;30;3;11;1;3;8;8;1;1;2;2;3;0;2;3;15;
O.J. Mayo;SG;29;3;11;2;7;2;2;1;2;3;3;1;1;5;4;10;
Ersan Ilyasova;;12;6;13;0;2;0;0;1;5;6;0;0;0;0;2;12;
Jared Dudley;;20;3;3;1;1;1;1;0;2;2;1;1;0;0;0;8;
Zaza Pachulia;;20;2;3;0;0;2;2;1;3;4;2;2;0;1;1;6;
Kendall Marshall;;2;0;0;0;0;0;0;0;0;0;0;0;0;0;0;0;
Jerryd Bayless;;18;1;2;0;0;0;0;0;1;1;4;3;0;3;2;2;
Khris Middleton;;19;4;8;1;2;2;2;2;1;3;1;0;0;1;2;11;
MIN
Thaddeus Young;SF;28;1;10;0;0;1;4;0;4;4;4;1;0;3;2;3;
Andrew Wiggins;SF;39;4;14;2;4;4;8;3;5;8;4;1;2;6;2;14;
Gorgui Dieng;C;36;1;3;0;0;2;2;6;2;8;1;2;2;0;2;4;
Zach LaVine;PG;37;5;12;0;2;2;3;1;2;3;4;2;0;3;5;12;
Corey Brewer;SG;37;7;17;0;5;5;9;2;4;6;3;3;0;7;5;19;
Anthony Bennett;;21;6;11;0;0;0;0;1;3;4;0;1;2;0;2;12;
Shabazz Muhammad;;16;5;9;0;0;3;4;1;0;1;0;0;0;0;0;13;
Chase Budinger;;14;2;5;1;3;2;2;0;2;2;1;1;0;0;1;7;
Robbie Hummel;;12;0;0;0;0;2;2;0;1;1;2;0;0;0;3;2;
Glenn Robinson III;;2;0;0;0;0;0;0;0;1;1;0;0;0;0;0;0;
