11-21;NO-DEN;97-117;
26-31;23-28;24-27;24-31;
NO
Anthony Davis;PF;32;7;17;0;1;4;4;1;8;9;2;1;2;4;3;18;
Alexis Ajinca;C;21;3;4;0;0;6;6;3;5;8;1;0;0;1;1;12;
Jrue Holiday;PG;29;4;8;1;2;3;3;1;2;3;6;0;1;0;3;12;
Eric Gordon;SG;30;5;12;3;5;0;0;0;4;4;3;2;0;0;2;13;
Tyreke Evans;SG;32;5;10;0;2;0;0;0;2;2;2;1;0;3;2;10;
Ryan Anderson;;27;2;11;0;5;6;7;0;3;3;0;1;0;1;3;10;
John Salmons;;11;2;2;1;1;0;0;1;1;2;0;1;0;0;5;5;
Darius Miller;;4;0;1;0;0;0;0;0;1;1;0;0;0;0;0;0;
Luke Babbitt;;17;0;2;0;0;0;0;0;1;1;2;0;0;1;0;0;
Omer Asik;;0;0;0;0;0;0;0;0;0;0;0;0;0;0;0;0;
Jeff Withey;;16;2;5;0;0;5;6;2;4;6;1;0;0;1;1;9;
Austin Rivers;;21;1;6;0;0;6;8;0;1;1;2;1;0;1;2;8;
DEN
Kenneth Faried;PF;27;7;12;1;1;4;5;3;5;8;2;1;0;1;2;19;
Wilson Chandler;SF;32;7;11;3;4;1;1;0;5;5;1;1;2;1;1;18;
Timofey Mozgov;C;26;2;4;0;0;1;2;2;2;4;0;0;3;1;4;5;
Ty Lawson;PG;28;5;12;1;2;0;2;0;3;3;9;2;0;2;0;11;
Arron Afflalo;SG;29;7;13;1;3;4;4;0;2;2;1;1;0;1;1;19;
Darrell Arthur;;9;1;3;0;1;0;0;0;1;1;0;0;0;0;4;2;
Alonzo Gee;;4;1;2;0;0;0;0;0;0;0;0;0;0;0;0;2;
Danilo Gallinari;;23;5;7;3;4;4;4;0;3;3;3;1;1;0;3;17;
Jusuf Nurkic;;4;0;1;0;0;0;0;0;1;1;0;0;1;0;2;0;
JaVale McGee;;19;6;6;0;0;2;3;2;6;8;0;1;2;2;2;14;
Nate Robinson;;20;1;6;1;4;0;0;1;2;3;4;0;1;1;4;3;
Randy Foye;;21;1;5;1;5;4;4;0;3;3;4;1;0;1;1;7;
