03-30;HOU-TOR;96-99;
27-27;25-21;24-26;20-25;
HOU
Josh Smith;SF;28;3;14;0;4;2;4;1;3;4;2;1;0;2;3;8;
Trevor Ariza;SF;39;5;15;3;8;2;4;0;8;8;5;2;1;2;2;15;
Joey Dorsey;C;20;3;3;0;0;1;2;2;2;4;1;0;0;1;4;7;
Jason Terry;SG;25;3;5;2;3;0;0;0;0;0;0;0;0;1;1;8;
James Harden;SG;38;9;22;3;8;10;12;2;3;5;5;1;0;3;3;31;
Clint Capela;;19;4;5;0;0;0;3;3;6;9;0;0;2;2;2;8;
Pablo Prigioni;;23;1;1;0;0;1;1;1;1;2;7;2;0;1;0;3;
Nick Johnson;;16;1;3;0;1;1;1;2;2;4;0;0;0;0;5;3;
Corey Brewer;;32;6;16;0;3;1;4;1;4;5;1;1;0;1;2;13;
TOR
Amir Johnson;PF;33;4;7;0;0;0;0;6;10;16;3;1;1;3;3;8;
Terrence Ross;SF;23;2;6;1;2;0;0;0;1;1;1;1;0;1;4;5;
Jonas Valanciunas;C;28;5;9;0;0;5;5;3;6;9;1;1;5;1;5;15;
Greivis Vasquez;PG;34;1;10;1;6;0;0;1;2;3;7;2;0;2;2;3;
DeMar DeRozan;SG;41;14;27;2;4;12;17;1;10;11;1;1;1;6;2;42;
Tyler Hansbrough;;7;0;0;0;0;0;0;0;0;0;0;0;0;0;2;0;
James Johnson;;19;2;6;0;2;2;3;0;2;2;2;1;0;2;3;6;
Patrick Patterson;;28;2;4;1;2;2;2;1;3;4;0;1;0;0;2;7;
Louis Williams;;27;5;9;3;6;0;0;0;2;2;5;1;0;0;3;13;
