01-25;MIL-SA;95-101;
24-21;31-26;12-22;28-32;
MIL
Ersan Ilyasova;PF;23;4;8;1;2;2;4;3;3;6;0;1;1;3;3;11;
Giannis Antetokounmpo;SF;33;2;5;0;0;0;0;1;6;7;5;2;0;2;4;4;
Zaza Pachulia;C;24;5;11;0;0;2;2;3;3;6;3;1;1;0;3;12;
Brandon Knight;PG;35;4;15;2;4;0;0;2;3;5;5;1;0;5;1;10;
Khris Middleton;SG;30;9;14;3;5;0;0;0;5;5;2;3;0;1;3;21;
Kenyon Martin;;7;1;1;0;0;0;0;0;0;0;1;0;0;0;1;2;
Jared Dudley;;20;3;4;1;2;0;0;0;0;0;0;0;0;2;2;7;
John Henson;;17;2;4;0;0;0;0;3;6;9;1;1;1;2;2;4;
Jerryd Bayless;;23;5;10;0;1;5;7;1;1;2;5;2;1;2;2;15;
O.J. Mayo;;28;4;10;1;3;0;0;0;2;2;7;1;1;0;5;9;
SA
Tim Duncan;PF;31;9;13;0;0;2;2;4;7;11;2;1;3;5;3;20;
Kawhi Leonard;SF;36;4;11;1;5;10;12;4;10;14;2;3;1;0;3;19;
Matt Bonner;C;16;2;7;1;3;0;0;0;1;1;1;0;0;0;0;5;
Tony Parker;PG;35;3;13;0;2;4;4;0;2;2;5;1;0;2;4;10;
Danny Green;SG;23;1;9;1;5;0;0;0;2;2;3;3;1;1;1;3;
Aron Baynes;;2;1;2;0;0;2;2;0;0;0;1;0;0;0;0;4;
Boris Diaw;;28;7;11;0;1;0;0;1;2;3;3;0;0;3;0;14;
Tiago Splitter;;17;3;3;0;0;2;2;2;0;2;2;1;0;0;1;8;
Patty Mills;;6;2;4;1;3;0;0;1;0;1;0;0;0;0;1;5;
Cory Joseph;;16;0;2;0;1;0;0;2;2;4;0;0;0;0;0;0;
Manu Ginobili;;29;3;8;1;2;6;8;0;1;1;3;0;1;4;4;13;
