01-19;IND-HOU;98-110;
21-29;24-26;23-34;30-21;
IND
David West;PF;26;4;7;0;0;0;0;1;5;6;3;0;0;1;0;8;
Solomon Hill;SF;33;4;10;1;6;4;4;0;3;3;3;2;0;3;4;13;
Roy Hibbert;C;19;6;10;0;0;0;0;2;2;4;0;0;0;1;4;12;
Rodney Stuckey;PG;18;2;6;0;1;0;0;0;1;1;1;1;0;2;2;4;
C.J. Watson;PG;24;2;7;0;3;4;6;0;2;2;1;1;0;4;1;8;
Luis Scola;;22;2;6;0;1;0;0;2;4;6;2;1;0;3;3;4;
Damjan Rudez;;12;0;5;0;3;0;0;0;0;0;2;1;0;0;0;0;
Ian Mahinmi;;29;3;5;0;0;3;4;6;8;14;1;0;0;0;4;9;
Donald Sloan;;24;7;11;1;2;2;3;0;1;1;6;1;0;4;3;17;
C.J. Miles;;33;9;18;4;11;1;1;0;6;6;2;5;0;1;0;23;
HOU
Donatas Motiejunas;PF;34;4;8;0;1;2;2;1;8;9;4;0;0;1;5;10;
Trevor Ariza;SF;28;3;7;1;5;2;2;1;0;1;3;3;0;0;2;9;
Dwight Howard;C;35;4;6;0;0;6;12;1;16;17;2;0;1;3;5;14;
Patrick Beverley;PG;29;2;6;2;4;0;0;1;1;2;4;3;0;2;3;6;
James Harden;SG;40;12;18;7;12;14;15;1;0;1;7;4;1;5;0;45;
Kostas Papanikolaou;;11;0;1;0;0;0;0;0;1;1;0;1;0;3;0;0;
Josh Smith;;27;3;11;0;2;0;1;2;5;7;3;1;0;2;1;6;
Jason Terry;;19;3;5;1;3;0;1;0;0;0;3;1;0;2;2;7;
Corey Brewer;;17;6;10;1;4;0;0;0;1;1;0;0;0;1;1;13;
