12-19;CHI-MEM;103-97;
20-22;31-21;22-23;30-31;
CHI
Pau Gasol;PF;32;2;7;0;0;2;2;2;9;11;2;0;1;1;3;6;
Mike Dunleavy;SF;31;2;6;1;5;0;0;1;4;5;0;0;0;0;1;5;
Joakim Noah;C;34;2;3;0;0;6;8;1;12;13;2;0;1;2;5;10;
Kirk Hinrich;SG;32;2;9;0;3;1;2;0;2;2;7;0;0;1;3;5;
Jimmy Butler;SG;43;11;21;0;2;9;9;3;7;10;1;2;0;0;2;31;
Nikola Mirotic;;30;7;10;6;6;7;8;0;8;8;1;0;1;1;0;27;
Tony Snell;;6;0;4;0;3;0;0;0;1;1;0;0;0;0;1;0;
Aaron Brooks;;32;6;13;3;7;2;2;1;0;1;4;0;0;4;3;17;
E'Twaun Moore;;1;0;0;0;0;2;2;0;0;0;0;0;0;0;0;2;
MEM
Zach Randolph;PF;22;4;11;0;0;0;0;5;7;12;1;0;0;0;2;8;
Tayshaun Prince;SF;24;3;8;0;0;2;2;1;0;1;0;0;1;0;1;8;
Marc Gasol;C;30;5;15;0;0;3;4;4;6;10;3;1;1;1;5;13;
Mike Conley;PG;32;7;18;1;5;6;7;0;3;3;2;0;1;2;2;21;
Courtney Lee;SG;30;3;9;1;3;0;0;0;2;2;2;1;0;0;0;7;
Jon Leuer;;21;3;5;0;1;0;1;0;4;4;2;0;0;0;6;6;
Kosta Koufos;;18;2;6;0;0;0;0;2;6;8;0;0;3;0;1;4;
Beno Udrih;;20;5;8;0;0;5;5;0;0;0;1;2;0;1;0;15;
Nick Calathes;;7;1;3;0;1;1;1;0;0;0;1;0;0;0;3;3;
Quincy Pondexter;;15;0;2;0;1;2;2;1;2;3;0;0;0;0;2;2;
Vince Carter;;22;4;9;0;2;2;2;1;1;2;0;0;0;0;3;10;
