12-27;BOS-WSH;88-101;
12-30;27-26;24-24;25-21;
BOS
Jared Sullinger;PF;31;5;9;2;5;0;0;0;5;5;3;1;0;2;1;12;
Jeff Green;SF;32;7;17;2;8;7;8;1;4;5;0;1;0;1;2;23;
Tyler Zeller;C;12;1;6;0;0;1;2;2;1;3;0;0;1;1;2;3;
Avery Bradley;PG;22;0;5;0;2;2;2;1;0;1;2;2;0;2;0;2;
Marcus Smart;PG;14;1;1;0;0;1;2;0;2;2;2;0;0;4;3;3;
Brandan Wright;;10;1;2;0;0;0;0;0;1;1;0;0;0;0;1;2;
Brandon Bass;;14;2;5;0;0;0;0;0;4;4;0;0;0;0;0;4;
Jae Crowder;;16;3;5;1;2;3;3;1;1;2;0;2;1;0;0;10;
Kelly Olynyk;;29;6;11;0;2;3;4;3;5;8;2;0;0;2;1;15;
Phil Pressey;;14;0;4;0;0;0;0;0;2;2;1;2;0;1;2;0;
Jameer Nelson;;19;1;6;1;4;0;0;0;1;1;3;1;0;3;2;3;
Evan Turner;;26;5;8;0;1;1;3;0;2;2;4;1;0;2;1;11;
WSH
Nene Hilario;PF;20;1;5;0;0;2;3;0;5;5;2;1;0;0;1;4;
Paul Pierce;SF;19;6;9;3;5;2;4;0;3;3;2;2;0;0;4;17;
Marcin Gortat;C;27;3;6;0;0;1;2;2;8;10;2;1;1;2;3;7;
John Wall;PG;28;6;13;0;1;0;0;0;4;4;7;3;0;5;3;12;
Bradley Beal;SG;29;4;11;1;2;0;0;1;3;4;1;2;1;1;0;9;
Kris Humphries;;24;9;14;0;0;0;0;3;6;9;3;2;0;0;3;18;
Drew Gooden;;3;0;1;0;0;0;0;0;0;0;1;0;0;0;0;0;
Otto Porter Jr.;;19;6;8;0;1;0;0;2;1;3;1;0;1;0;1;12;
Rasual Butler;;29;3;9;1;4;1;1;0;3;3;2;0;0;1;1;8;
Kevin Seraphin;;19;5;9;0;0;0;0;0;1;1;0;0;0;3;3;10;
DeJuan Blair;;4;1;2;0;0;0;0;0;1;1;0;0;0;0;0;2;
Andre Miller;;18;1;3;0;0;0;0;1;3;4;7;0;1;3;2;2;
Garrett Temple;;3;0;0;0;0;0;0;0;1;1;0;0;0;3;3;0;
